  0.00000000E+00  0.45649743E+01
  0.56340304E-03  0.45650295E+01
  0.11268061E-02  0.45649887E+01
  0.16902091E-02  0.45648519E+01
  0.22536122E-02  0.45646192E+01
  0.28170152E-02  0.45642907E+01
  0.33804183E-02  0.45638663E+01
  0.39438213E-02  0.45633462E+01
  0.45072244E-02  0.45627304E+01
  0.50706274E-02  0.45620190E+01
  0.56340304E-02  0.45612121E+01
  0.61974335E-02  0.45603098E+01
  0.67608365E-02  0.45593122E+01
  0.73242396E-02  0.45582193E+01
  0.78876426E-02  0.45570312E+01
  0.84510457E-02  0.45557477E+01
  0.90144487E-02  0.45543685E+01
  0.95778518E-02  0.45528929E+01
  0.10141255E-01  0.45513194E+01
  0.10704658E-01  0.45496450E+01
  0.11268061E-01  0.45478650E+01
  0.11831464E-01  0.45459804E+01
  0.12394867E-01  0.45440302E+01
  0.12958270E-01  0.45420603E+01
  0.13521673E-01  0.45400107E+01
  0.14085076E-01  0.45378437E+01
  0.14648479E-01  0.45355664E+01
  0.15211882E-01  0.45331869E+01
  0.15775285E-01  0.45307089E+01
  0.16338688E-01  0.45281346E+01
  0.16902091E-01  0.45254663E+01
  0.17465494E-01  0.45227062E+01
  0.18028897E-01  0.45198564E+01
  0.18592300E-01  0.45169184E+01
  0.19155704E-01  0.45138933E+01
  0.19719107E-01  0.45107816E+01
  0.20282510E-01  0.45075839E+01
  0.20845913E-01  0.45043006E+01
  0.21409316E-01  0.45009320E+01
  0.21972719E-01  0.44974788E+01
  0.22536122E-01  0.44939411E+01
  0.23099525E-01  0.44903196E+01
  0.23662928E-01  0.44866147E+01
  0.24226331E-01  0.44828269E+01
  0.24789734E-01  0.44789567E+01
  0.25353137E-01  0.44750046E+01
  0.25916540E-01  0.44709711E+01
  0.26479943E-01  0.44668569E+01
  0.27043346E-01  0.44626626E+01
  0.27606749E-01  0.44583886E+01
  0.28170152E-01  0.44540357E+01
  0.28733555E-01  0.44496044E+01
  0.29296958E-01  0.44450954E+01
  0.29860361E-01  0.44405094E+01
  0.30423764E-01  0.44358469E+01
  0.30987167E-01  0.44311088E+01
  0.31550571E-01  0.44262957E+01
  0.32113974E-01  0.44214082E+01
  0.32677377E-01  0.44164470E+01
  0.33240780E-01  0.44114130E+01
  0.33804183E-01  0.44063066E+01
  0.34367586E-01  0.44011288E+01
  0.34930989E-01  0.43958802E+01
  0.35494392E-01  0.43905615E+01
  0.36057795E-01  0.43851735E+01
  0.36621198E-01  0.43797168E+01
  0.37184601E-01  0.43741923E+01
  0.37748004E-01  0.43686006E+01
  0.38311407E-01  0.43629425E+01
  0.38874810E-01  0.43572188E+01
  0.39438213E-01  0.43514302E+01
  0.40001616E-01  0.43455774E+01
  0.40565019E-01  0.43396612E+01
  0.41128422E-01  0.43336825E+01
  0.41691825E-01  0.43276418E+01
  0.42255228E-01  0.43215401E+01
  0.42818631E-01  0.43153780E+01
  0.43382034E-01  0.43091564E+01
  0.43945437E-01  0.43028760E+01
  0.44508841E-01  0.42965375E+01
  0.45072244E-01  0.42901418E+01
  0.45635647E-01  0.42836897E+01
  0.46199050E-01  0.42771819E+01
  0.46762453E-01  0.42706191E+01
  0.47325856E-01  0.42640023E+01
  0.47889259E-01  0.42573321E+01
  0.48452662E-01  0.42506093E+01
  0.49016065E-01  0.42438347E+01
  0.49579468E-01  0.42370092E+01
  0.50142871E-01  0.42301334E+01
  0.50706274E-01  0.42232081E+01
  0.51269677E-01  0.42162343E+01
  0.51833080E-01  0.42092125E+01
  0.52396483E-01  0.42021436E+01
  0.52959886E-01  0.41950285E+01
  0.53523289E-01  0.41878677E+01
  0.54086692E-01  0.41806623E+01
  0.54650095E-01  0.41734128E+01
  0.55213498E-01  0.41661202E+01
  0.55776901E-01  0.41587851E+01
  0.56340304E-01  0.41514084E+01
  0.56903708E-01  0.41439908E+01
  0.57467111E-01  0.41365332E+01
  0.58030514E-01  0.41290362E+01
  0.58593917E-01  0.41215008E+01
  0.59157320E-01  0.41139278E+01
  0.59720723E-01  0.41063178E+01
  0.60284126E-01  0.40986719E+01
  0.60847529E-01  0.40909907E+01
  0.61410932E-01  0.40832754E+01
  0.61974335E-01  0.40755267E+01
  0.62537738E-01  0.40677458E+01
  0.63101141E-01  0.40599337E+01
  0.63664544E-01  0.40520919E+01
  0.64227947E-01  0.40442219E+01
  0.64791350E-01  0.40363258E+01
  0.65354753E-01  0.40284064E+01
  0.65918156E-01  0.40204677E+01
  0.66481559E-01  0.40125162E+01
  0.67044962E-01  0.40045627E+01
  0.67608365E-01  0.39966275E+01
  0.68171768E-01  0.39887523E+01
  0.68735171E-01  0.39810323E+01
  0.69298575E-01  0.39737055E+01
  0.69861978E-01  0.39672864E+01
  0.70425381E-01  0.39611645E+01
  0.70988784E-01  0.39513722E+01
  0.71552187E-01  0.39410189E+01
  0.72115590E-01  0.39317705E+01
  0.72678993E-01  0.39230379E+01
  0.73242396E-01  0.39145066E+01
  0.73805799E-01  0.39060560E+01
  0.74369202E-01  0.38976368E+01
  0.74932605E-01  0.38892258E+01
  0.75496008E-01  0.38808115E+01
  0.76059411E-01  0.38723877E+01
  0.76622814E-01  0.38639512E+01
  0.77186217E-01  0.38555001E+01
  0.77749620E-01  0.38470336E+01
  0.78313023E-01  0.38385510E+01
  0.78876426E-01  0.38300522E+01
  0.79439829E-01  0.38215368E+01
  0.80003232E-01  0.38130044E+01
  0.80566635E-01  0.38044547E+01
  0.81130038E-01  0.37958873E+01
  0.81693441E-01  0.37873021E+01
  0.82256845E-01  0.37787011E+01
  0.82820248E-01  0.37700905E+01
  0.83383651E-01  0.37614808E+01
  0.83947054E-01  0.37528792E+01
  0.84510457E-01  0.37442814E+01
  0.85073860E-01  0.37356762E+01
  0.85637263E-01  0.37270565E+01
  0.86200666E-01  0.37184206E+01
  0.86764069E-01  0.37097695E+01
  0.87327472E-01  0.37011050E+01
  0.87890875E-01  0.36924286E+01
  0.88454278E-01  0.36837417E+01
  0.89017681E-01  0.36750451E+01
  0.89581084E-01  0.36663396E+01
  0.90144487E-01  0.36576260E+01
  0.90707890E-01  0.36489047E+01
  0.91271293E-01  0.36401762E+01
  0.91834696E-01  0.36314410E+01
  0.92398099E-01  0.36226995E+01
  0.92961502E-01  0.36139520E+01
  0.93524905E-01  0.36051989E+01
  0.94088308E-01  0.35964405E+01
  0.94651712E-01  0.35876773E+01
  0.95215115E-01  0.35789095E+01
  0.95778518E-01  0.35701374E+01
  0.96341921E-01  0.35613613E+01
  0.96905324E-01  0.35525817E+01
  0.97468727E-01  0.35437987E+01
  0.98032130E-01  0.35350127E+01
  0.98595533E-01  0.35262240E+01
  0.99158936E-01  0.35174331E+01
  0.99722339E-01  0.35086401E+01
  0.10028574E+00  0.34998455E+01
  0.10084915E+00  0.34910499E+01
  0.10141255E+00  0.34822536E+01
  0.10197595E+00  0.34734573E+01
  0.10253935E+00  0.34646617E+01
  0.10310276E+00  0.34558680E+01
  0.10366616E+00  0.34470773E+01
  0.10422956E+00  0.34382918E+01
  0.10479297E+00  0.34295140E+01
  0.10535637E+00  0.34207481E+01
  0.10591977E+00  0.34119999E+01
  0.10648318E+00  0.34032770E+01
  0.10704658E+00  0.33945873E+01
  0.10760998E+00  0.33859294E+01
  0.10817338E+00  0.33772732E+01
  0.10873679E+00  0.33685484E+01
  0.10930019E+00  0.33597002E+01
  0.10986359E+00  0.33507597E+01
  0.11042700E+00  0.33417981E+01
  0.11099040E+00  0.33328555E+01
  0.11155380E+00  0.33239379E+01
  0.11211721E+00  0.33150351E+01
  0.11268061E+00  0.33061264E+01
  0.11324401E+00  0.32971737E+01
  0.11380742E+00  0.32881549E+01
  0.11437082E+00  0.32793125E+01
  0.11493422E+00  0.32706901E+01
  0.11549762E+00  0.32620101E+01
  0.11606103E+00  0.32532717E+01
  0.11662443E+00  0.32445093E+01
  0.11718783E+00  0.32357389E+01
  0.11775124E+00  0.32269674E+01
  0.11831464E+00  0.32181981E+01
  0.11887804E+00  0.32094331E+01
  0.11944145E+00  0.32006739E+01
  0.12000485E+00  0.31919218E+01
  0.12056825E+00  0.31831783E+01
  0.12113165E+00  0.31744452E+01
  0.12169506E+00  0.31657244E+01
  0.12225846E+00  0.31570186E+01
  0.12282186E+00  0.31483309E+01
  0.12338527E+00  0.31396654E+01
  0.12394867E+00  0.31310271E+01
  0.12451207E+00  0.31224219E+01
  0.12507548E+00  0.31138567E+01
  0.12563888E+00  0.31053381E+01
  0.12620228E+00  0.30968709E+01
  0.12676569E+00  0.30884537E+01
  0.12732909E+00  0.30800719E+01
  0.12789249E+00  0.30716904E+01
  0.12845589E+00  0.30632502E+01
  0.12901930E+00  0.30546816E+01
  0.12958270E+00  0.30459352E+01
  0.13014610E+00  0.30370109E+01
  0.13070951E+00  0.30279574E+01
  0.13127291E+00  0.30188426E+01
  0.13183631E+00  0.30097234E+01
  0.13239972E+00  0.30006342E+01
  0.13296312E+00  0.29915899E+01
  0.13352652E+00  0.29825927E+01
  0.13408992E+00  0.29736391E+01
  0.13465333E+00  0.29647231E+01
  0.13521673E+00  0.29558389E+01
  0.13578013E+00  0.29469808E+01
  0.13634354E+00  0.29381444E+01
  0.13690694E+00  0.29293259E+01
  0.13747034E+00  0.29205221E+01
  0.13803375E+00  0.29117308E+01
  0.13859715E+00  0.29029499E+01
  0.13916055E+00  0.28941779E+01
  0.13972396E+00  0.28854136E+01
  0.14028736E+00  0.28766560E+01
  0.14085076E+00  0.28679042E+01
  0.14141416E+00  0.28591575E+01
  0.14197757E+00  0.28504154E+01
  0.14254097E+00  0.28416774E+01
  0.14310437E+00  0.28329432E+01
  0.14366778E+00  0.28242123E+01
  0.14423118E+00  0.28154845E+01
  0.14479458E+00  0.28067596E+01
  0.14535799E+00  0.27980373E+01
  0.14592139E+00  0.27893175E+01
  0.14648479E+00  0.27806000E+01
  0.14704819E+00  0.27718846E+01
  0.14761160E+00  0.27631713E+01
  0.14817500E+00  0.27544598E+01
  0.14873840E+00  0.27457501E+01
  0.14930181E+00  0.27370421E+01
  0.14986521E+00  0.27283356E+01
  0.15042861E+00  0.27196307E+01
  0.15099202E+00  0.27109272E+01
  0.15155542E+00  0.27022250E+01
  0.15211882E+00  0.26935240E+01
  0.15268223E+00  0.26848242E+01
  0.15324563E+00  0.26761254E+01
  0.15380903E+00  0.26674276E+01
  0.15437243E+00  0.26587307E+01
  0.15493584E+00  0.26500346E+01
  0.15549924E+00  0.26413391E+01
  0.15606264E+00  0.26326441E+01
  0.15662605E+00  0.26239495E+01
  0.15718945E+00  0.26152553E+01
  0.15775285E+00  0.26065612E+01
  0.15831626E+00  0.25978672E+01
  0.15887966E+00  0.25891732E+01
  0.15944306E+00  0.25804792E+01
  0.16000646E+00  0.25717849E+01
  0.16056987E+00  0.25630904E+01
  0.16113327E+00  0.25543957E+01
  0.16169667E+00  0.25457005E+01
  0.16226008E+00  0.25370049E+01
  0.16282348E+00  0.25283086E+01
  0.16338688E+00  0.25196114E+01
  0.16395029E+00  0.25109129E+01
  0.16451369E+00  0.25022127E+01
  0.16507709E+00  0.24935100E+01
  0.16564050E+00  0.24848039E+01
  0.16620390E+00  0.24760936E+01
  0.16676730E+00  0.24673780E+01
  0.16733070E+00  0.24586562E+01
  0.16789411E+00  0.24499284E+01
  0.16845751E+00  0.24411974E+01
  0.16902091E+00  0.24324699E+01
  0.16958432E+00  0.24237577E+01
  0.17014772E+00  0.24150738E+01
  0.17071112E+00  0.24064242E+01
  0.17127453E+00  0.23978024E+01
  0.17183793E+00  0.23891943E+01
  0.17240133E+00  0.23805870E+01
  0.17296473E+00  0.23719735E+01
  0.17352814E+00  0.23633517E+01
  0.17409154E+00  0.23547222E+01
  0.17465494E+00  0.23460870E+01
  0.17521835E+00  0.23374482E+01
  0.17578175E+00  0.23288078E+01
  0.17634515E+00  0.23201685E+01
  0.17690856E+00  0.23115335E+01
  0.17747196E+00  0.23029085E+01
  0.17803536E+00  0.22943053E+01
  0.17859877E+00  0.22857523E+01
  0.17916217E+00  0.22773170E+01
  0.17972557E+00  0.22689709E+01
  0.18028897E+00  0.22600781E+01
  0.18085238E+00  0.22510907E+01
  0.18141578E+00  0.22423058E+01
  0.18197918E+00  0.22336025E+01
  0.18254259E+00  0.22249290E+01
  0.18310599E+00  0.22162682E+01
  0.18366939E+00  0.22076139E+01
  0.18423280E+00  0.21989636E+01
  0.18479620E+00  0.21903161E+01
  0.18535960E+00  0.21816707E+01
  0.18592300E+00  0.21730274E+01
  0.18648641E+00  0.21643858E+01
  0.18704981E+00  0.21557461E+01
  0.18761321E+00  0.21471082E+01
  0.18817662E+00  0.21384722E+01
  0.18874002E+00  0.21298384E+01
  0.18930342E+00  0.21212068E+01
  0.18986683E+00  0.21125777E+01
  0.19043023E+00  0.21039514E+01
  0.19099363E+00  0.20953282E+01
  0.19155704E+00  0.20867085E+01
  0.19212044E+00  0.20780925E+01
  0.19268384E+00  0.20694806E+01
  0.19324724E+00  0.20608730E+01
  0.19381065E+00  0.20522697E+01
  0.19437405E+00  0.20436710E+01
  0.19493745E+00  0.20350769E+01
  0.19550086E+00  0.20264873E+01
  0.19606426E+00  0.20179023E+01
  0.19662766E+00  0.20093220E+01
  0.19719107E+00  0.20007463E+01
  0.19775447E+00  0.19921755E+01
  0.19831787E+00  0.19836095E+01
  0.19888127E+00  0.19750486E+01
  0.19944468E+00  0.19664928E+01
  0.20000808E+00  0.19579422E+01
  0.20057148E+00  0.19493969E+01
  0.20113489E+00  0.19408571E+01
  0.20169829E+00  0.19323227E+01
  0.20226169E+00  0.19237940E+01
  0.20282510E+00  0.19152711E+01
  0.20338850E+00  0.19067545E+01
  0.20395190E+00  0.18982445E+01
  0.20451531E+00  0.18897418E+01
  0.20507871E+00  0.18812469E+01
  0.20564211E+00  0.18727607E+01
  0.20620551E+00  0.18642839E+01
  0.20676892E+00  0.18558163E+01
  0.20733232E+00  0.18473568E+01
  0.20789572E+00  0.18389034E+01
  0.20845913E+00  0.18304553E+01
  0.20902253E+00  0.18220140E+01
  0.20958593E+00  0.18135813E+01
  0.21014934E+00  0.18051579E+01
  0.21071274E+00  0.17967439E+01
  0.21127614E+00  0.17883392E+01
  0.21183954E+00  0.17799433E+01
  0.21240295E+00  0.17715563E+01
  0.21296635E+00  0.17631780E+01
  0.21352975E+00  0.17548083E+01
  0.21409316E+00  0.17464472E+01
  0.21465656E+00  0.17380947E+01
  0.21521996E+00  0.17297507E+01
  0.21578337E+00  0.17214150E+01
  0.21634677E+00  0.17130872E+01
  0.21691017E+00  0.17047669E+01
  0.21747358E+00  0.16964533E+01
  0.21803698E+00  0.16881455E+01
  0.21860038E+00  0.16798427E+01
  0.21916378E+00  0.16715453E+01
  0.21972719E+00  0.16632571E+01
  0.22029059E+00  0.16549872E+01
  0.22085399E+00  0.16467460E+01
  0.22141740E+00  0.16385353E+01
  0.22198080E+00  0.16303468E+01
  0.22254420E+00  0.16221707E+01
  0.22310761E+00  0.16140017E+01
  0.22367101E+00  0.16058384E+01
  0.22423441E+00  0.15976811E+01
  0.22479781E+00  0.15895303E+01
  0.22536122E+00  0.15813865E+01
  0.22592462E+00  0.15732492E+01
  0.22648802E+00  0.15651176E+01
  0.22705143E+00  0.15569894E+01
  0.22761483E+00  0.15488611E+01
  0.22817823E+00  0.15407263E+01
  0.22874164E+00  0.15325757E+01
  0.22930504E+00  0.15243959E+01
  0.22986844E+00  0.15161759E+01
  0.23043185E+00  0.15079374E+01
  0.23099525E+00  0.14998498E+01
  0.23155865E+00  0.14924221E+01
  0.23212205E+00  0.14844351E+01
  0.23268546E+00  0.14764915E+01
  0.23324886E+00  0.14688882E+01
  0.23381226E+00  0.14612976E+01
  0.23437567E+00  0.14536703E+01
  0.23493907E+00  0.14460137E+01
  0.23550247E+00  0.14383369E+01
  0.23606588E+00  0.14306414E+01
  0.23662928E+00  0.14229238E+01
  0.23719268E+00  0.14151842E+01
  0.23775608E+00  0.14074318E+01
  0.23831949E+00  0.13996819E+01
  0.23888289E+00  0.13919475E+01
  0.23944629E+00  0.13842358E+01
  0.24000970E+00  0.13765494E+01
  0.24057310E+00  0.13688879E+01
  0.24113650E+00  0.13612503E+01
  0.24169991E+00  0.13536354E+01
  0.24226331E+00  0.13460423E+01
  0.24282671E+00  0.13384704E+01
  0.24339012E+00  0.13309193E+01
  0.24395352E+00  0.13233889E+01
  0.24451692E+00  0.13158795E+01
  0.24508032E+00  0.13083913E+01
  0.24564373E+00  0.13009247E+01
  0.24620713E+00  0.12934803E+01
  0.24677053E+00  0.12860583E+01
  0.24733394E+00  0.12786588E+01
  0.24789734E+00  0.12712808E+01
  0.24846074E+00  0.12639223E+01
  0.24902415E+00  0.12565792E+01
  0.24958755E+00  0.12492456E+01
  0.25015095E+00  0.12419158E+01
  0.25071435E+00  0.12345911E+01
  0.25127776E+00  0.12272941E+01
  0.25184116E+00  0.12200778E+01
  0.25240456E+00  0.12129933E+01
  0.25296797E+00  0.12060302E+01
  0.25353137E+00  0.11991226E+01
  0.25409477E+00  0.11922140E+01
  0.25465818E+00  0.11852846E+01
  0.25522158E+00  0.11783381E+01
  0.25578498E+00  0.11713859E+01
  0.25634839E+00  0.11644391E+01
  0.25691179E+00  0.11575061E+01
  0.25747519E+00  0.11505926E+01
  0.25803859E+00  0.11437023E+01
  0.25860200E+00  0.11368374E+01
  0.25916540E+00  0.11299991E+01
  0.25972880E+00  0.11231882E+01
  0.26029221E+00  0.11164053E+01
  0.26085561E+00  0.11096507E+01
  0.26141901E+00  0.11029247E+01
  0.26198242E+00  0.10962275E+01
  0.26254582E+00  0.10895593E+01
  0.26310922E+00  0.10829206E+01
  0.26367262E+00  0.10763118E+01
  0.26423603E+00  0.10697342E+01
  0.26479943E+00  0.10631905E+01
  0.26536283E+00  0.10566904E+01
  0.26592624E+00  0.10502711E+01
  0.26648964E+00  0.10439084E+01
  0.26705304E+00  0.10373693E+01
  0.26761645E+00  0.10309090E+01
  0.26817985E+00  0.10245149E+01
  0.26874325E+00  0.10181625E+01
  0.26930666E+00  0.10118447E+01
  0.26987006E+00  0.10055593E+01
  0.27043346E+00  0.99930522E+00
  0.27099686E+00  0.99308219E+00
  0.27156027E+00  0.98689006E+00
  0.27212367E+00  0.98072887E+00
  0.27268707E+00  0.97459878E+00
  0.27325048E+00  0.96850006E+00
  0.27381388E+00  0.96243316E+00
  0.27437728E+00  0.95639866E+00
  0.27494069E+00  0.95039717E+00
  0.27550409E+00  0.94442928E+00
  0.27606749E+00  0.93849528E+00
  0.27663089E+00  0.93259509E+00
  0.27719430E+00  0.92672827E+00
  0.27775770E+00  0.92089408E+00
  0.27832110E+00  0.91509179E+00
  0.27888451E+00  0.90932076E+00
  0.27944791E+00  0.90358059E+00
  0.28001131E+00  0.89787111E+00
  0.28057472E+00  0.89219233E+00
  0.28113812E+00  0.88654436E+00
  0.28170152E+00  0.88092737E+00
  0.28226493E+00  0.87534157E+00
  0.28282833E+00  0.86978717E+00
  0.28339173E+00  0.86426438E+00
  0.28395513E+00  0.85877344E+00
  0.28451854E+00  0.85331456E+00
  0.28508194E+00  0.84788795E+00
  0.28564534E+00  0.84249382E+00
  0.28620875E+00  0.83713235E+00
  0.28677215E+00  0.83180369E+00
  0.28733555E+00  0.82650794E+00
  0.28789896E+00  0.82124517E+00
  0.28846236E+00  0.81601540E+00
  0.28902576E+00  0.81081862E+00
  0.28958917E+00  0.80565478E+00
  0.29015257E+00  0.80052381E+00
  0.29071597E+00  0.79542562E+00
  0.29127937E+00  0.79036010E+00
  0.29184278E+00  0.78532713E+00
  0.29240618E+00  0.78032658E+00
  0.29296958E+00  0.77535829E+00
  0.29353299E+00  0.77042211E+00
  0.29409639E+00  0.76551787E+00
  0.29465979E+00  0.76064539E+00
  0.29522320E+00  0.75580453E+00
  0.29578660E+00  0.75099517E+00
  0.29635000E+00  0.74621733E+00
  0.29691340E+00  0.74147117E+00
  0.29747681E+00  0.73675714E+00
  0.29804021E+00  0.73207595E+00
  0.29860361E+00  0.72742863E+00
  0.29916702E+00  0.72281636E+00
  0.29973042E+00  0.71824026E+00
  0.30029382E+00  0.71370107E+00
  0.30085723E+00  0.70919898E+00
  0.30142063E+00  0.70473362E+00
  0.30198403E+00  0.70030423E+00
  0.30254744E+00  0.69590994E+00
  0.30311084E+00  0.69154999E+00
  0.30367424E+00  0.68722394E+00
  0.30423764E+00  0.68293177E+00
  0.30480105E+00  0.67867407E+00
  0.30536445E+00  0.67445251E+00
  0.30592785E+00  0.67027082E+00
  0.30649126E+00  0.66613765E+00
  0.30705466E+00  0.66207406E+00
  0.30761806E+00  0.65812599E+00
  0.30818147E+00  0.65427348E+00
  0.30874487E+00  0.65013973E+00
  0.30930827E+00  0.64589016E+00
  0.30987167E+00  0.64178107E+00
  0.31043508E+00  0.63776796E+00
  0.31099848E+00  0.63381302E+00
  0.31156188E+00  0.62990068E+00
  0.31212529E+00  0.62602426E+00
  0.31268869E+00  0.62218047E+00
  0.31325209E+00  0.61836738E+00
  0.31381550E+00  0.61458368E+00
  0.31437890E+00  0.61082835E+00
  0.31494230E+00  0.60710075E+00
  0.31550571E+00  0.60340071E+00
  0.31606911E+00  0.59972909E+00
  0.31663251E+00  0.59608819E+00
  0.31719591E+00  0.59248189E+00
  0.31775932E+00  0.58891454E+00
  0.31832272E+00  0.58538875E+00
  0.31888612E+00  0.58190370E+00
  0.31944953E+00  0.57845568E+00
  0.32001293E+00  0.57504032E+00
  0.32057633E+00  0.57165436E+00
  0.32113974E+00  0.56829620E+00
  0.32170314E+00  0.56496563E+00
  0.32226654E+00  0.56166350E+00
  0.32282994E+00  0.55839169E+00
  0.32339335E+00  0.55515366E+00
  0.32395675E+00  0.55195622E+00
  0.32452015E+00  0.54881457E+00
  0.32508356E+00  0.54576744E+00
  0.32564696E+00  0.54292471E+00
  0.32621036E+00  0.54053860E+00
  0.32677377E+00  0.53819051E+00
  0.32733717E+00  0.53457398E+00
  0.32790057E+00  0.53095165E+00
  0.32846398E+00  0.52765309E+00
  0.32902738E+00  0.52452943E+00
  0.32959078E+00  0.52150132E+00
  0.33015418E+00  0.51853500E+00
  0.33071759E+00  0.51561498E+00
  0.33128099E+00  0.51273339E+00
  0.33184439E+00  0.50988576E+00
  0.33240780E+00  0.50706934E+00
  0.33297120E+00  0.50428223E+00
  0.33353460E+00  0.50152300E+00
  0.33409801E+00  0.49879044E+00
  0.33466141E+00  0.49608343E+00
  0.33522481E+00  0.49340083E+00
  0.33578821E+00  0.49074135E+00
  0.33635162E+00  0.48810350E+00
  0.33691502E+00  0.48548546E+00
  0.33747842E+00  0.48288503E+00
  0.33804183E+00  0.48029968E+00
  0.33860523E+00  0.47772698E+00
  0.33916863E+00  0.47516570E+00
  0.33973204E+00  0.47261812E+00
  0.34029544E+00  0.47009307E+00
  0.34085884E+00  0.46760685E+00
  0.34142225E+00  0.46517727E+00
  0.34198565E+00  0.46281236E+00
  0.34254905E+00  0.46050525E+00
  0.34311245E+00  0.45824095E+00
  0.34367586E+00  0.45600596E+00
  0.34423926E+00  0.45379232E+00
  0.34480266E+00  0.45159693E+00
  0.34536607E+00  0.44941954E+00
  0.34592947E+00  0.44726115E+00
  0.34649287E+00  0.44512321E+00
  0.34705628E+00  0.44300715E+00
  0.34761968E+00  0.44091427E+00
  0.34818308E+00  0.43884558E+00
  0.34874648E+00  0.43680178E+00
  0.34930989E+00  0.43478313E+00
  0.34987329E+00  0.43278924E+00
  0.35043669E+00  0.43081888E+00
  0.35100010E+00  0.42886966E+00
  0.35156350E+00  0.42693780E+00
  0.35212690E+00  0.42501812E+00
  0.35269031E+00  0.42310443E+00
  0.35325371E+00  0.42119056E+00
  0.35381711E+00  0.41927195E+00
  0.35438052E+00  0.41734715E+00
  0.35494392E+00  0.41541863E+00
  0.35550732E+00  0.41349219E+00
  0.35607072E+00  0.41157537E+00
  0.35663413E+00  0.40967558E+00
  0.35719753E+00  0.40779866E+00
  0.35776093E+00  0.40594848E+00
  0.35832434E+00  0.40412697E+00
  0.35888774E+00  0.40233466E+00
  0.35945114E+00  0.40057113E+00
  0.36001455E+00  0.39883547E+00
  0.36057795E+00  0.39712656E+00
  0.36114135E+00  0.39544319E+00
  0.36170475E+00  0.39378426E+00
  0.36226816E+00  0.39214874E+00
  0.36283156E+00  0.39053570E+00
  0.36339496E+00  0.38894435E+00
  0.36395837E+00  0.38737399E+00
  0.36452177E+00  0.38582402E+00
  0.36508517E+00  0.38429388E+00
  0.36564858E+00  0.38278313E+00
  0.36621198E+00  0.38129134E+00
  0.36677538E+00  0.37981816E+00
  0.36733879E+00  0.37836325E+00
  0.36790219E+00  0.37692632E+00
  0.36846559E+00  0.37550709E+00
  0.36902899E+00  0.37410531E+00
  0.36959240E+00  0.37272076E+00
  0.37015580E+00  0.37135320E+00
  0.37071920E+00  0.37000242E+00
  0.37128261E+00  0.36866822E+00
  0.37184601E+00  0.36735037E+00
  0.37240941E+00  0.36604867E+00
  0.37297282E+00  0.36476290E+00
  0.37353622E+00  0.36349286E+00
  0.37409962E+00  0.36223831E+00
  0.37466302E+00  0.36099904E+00
  0.37522643E+00  0.35977481E+00
  0.37578983E+00  0.35856541E+00
  0.37635323E+00  0.35737061E+00
  0.37691664E+00  0.35619018E+00
  0.37748004E+00  0.35502390E+00
  0.37804344E+00  0.35387155E+00
  0.37860685E+00  0.35273292E+00
  0.37917025E+00  0.35160781E+00
  0.37973365E+00  0.35049601E+00
  0.38029706E+00  0.34939733E+00
  0.38086046E+00  0.34831158E+00
  0.38142386E+00  0.34723856E+00
  0.38198726E+00  0.34617809E+00
  0.38255067E+00  0.34513001E+00
  0.38311407E+00  0.34409411E+00
  0.38367747E+00  0.34307024E+00
  0.38424088E+00  0.34205822E+00
  0.38480428E+00  0.34105790E+00
  0.38536768E+00  0.34006912E+00
  0.38593109E+00  0.33909174E+00
  0.38649449E+00  0.33812567E+00
  0.38705789E+00  0.33717083E+00
  0.38762129E+00  0.33622722E+00
  0.38818470E+00  0.33529492E+00
  0.38874810E+00  0.33437415E+00
  0.38931150E+00  0.33346526E+00
  0.38987491E+00  0.33256882E+00
  0.39043831E+00  0.33168557E+00
  0.39100171E+00  0.33081645E+00
  0.39156512E+00  0.32996248E+00
  0.39212852E+00  0.32912468E+00
  0.39269192E+00  0.32830396E+00
  0.39325533E+00  0.32750107E+00
  0.39381873E+00  0.32671639E+00
  0.39438213E+00  0.32594983E+00
  0.39494553E+00  0.32520037E+00
  0.39550894E+00  0.32446557E+00
  0.39607234E+00  0.32374100E+00
  0.39663574E+00  0.32302011E+00
  0.39719915E+00  0.32229513E+00
  0.39776255E+00  0.32155916E+00
  0.39832595E+00  0.32080873E+00
  0.39888936E+00  0.32004517E+00
  0.39945276E+00  0.31927392E+00
  0.40001616E+00  0.31850226E+00
  0.40057956E+00  0.31773703E+00
  0.40114297E+00  0.31698331E+00
  0.40170637E+00  0.31624411E+00
  0.40226977E+00  0.31552067E+00
  0.40283318E+00  0.31481299E+00
  0.40339658E+00  0.31412037E+00
  0.40395998E+00  0.31344172E+00
  0.40452339E+00  0.31277587E+00
  0.40508679E+00  0.31212170E+00
  0.40565019E+00  0.31147823E+00
  0.40621360E+00  0.31084461E+00
  0.40677700E+00  0.31022017E+00
  0.40734040E+00  0.30960436E+00
  0.40790380E+00  0.30899672E+00
  0.40846721E+00  0.30839690E+00
  0.40903061E+00  0.30780461E+00
  0.40959401E+00  0.30721959E+00
  0.41015742E+00  0.30664165E+00
  0.41072082E+00  0.30607060E+00
  0.41128422E+00  0.30550631E+00
  0.41184763E+00  0.30494864E+00
  0.41241103E+00  0.30439745E+00
  0.41297443E+00  0.30385266E+00
  0.41353783E+00  0.30331414E+00
  0.41410124E+00  0.30278181E+00
  0.41466464E+00  0.30225556E+00
  0.41522804E+00  0.30173531E+00
  0.41579145E+00  0.30122096E+00
  0.41635485E+00  0.30071242E+00
  0.41691825E+00  0.30020959E+00
  0.41748166E+00  0.29971239E+00
  0.41804506E+00  0.29922069E+00
  0.41860846E+00  0.29873441E+00
  0.41917187E+00  0.29825344E+00
  0.41973527E+00  0.29777767E+00
  0.42029867E+00  0.29730700E+00
  0.42086207E+00  0.29684133E+00
  0.42142548E+00  0.29638057E+00
  0.42198888E+00  0.29592467E+00
  0.42255228E+00  0.29547357E+00
  0.42311569E+00  0.29502728E+00
  0.42367909E+00  0.29458583E+00
  0.42424249E+00  0.29414929E+00
  0.42480590E+00  0.29371780E+00
  0.42536930E+00  0.29329152E+00
  0.42593270E+00  0.29287068E+00
  0.42649610E+00  0.29245548E+00
  0.42705951E+00  0.29204612E+00
  0.42762291E+00  0.29164277E+00
  0.42818631E+00  0.29124555E+00
  0.42874972E+00  0.29085448E+00
  0.42931312E+00  0.29046953E+00
  0.42987652E+00  0.29009060E+00
  0.43043993E+00  0.28971750E+00
  0.43100333E+00  0.28935005E+00
  0.43156673E+00  0.28898800E+00
  0.43213014E+00  0.28863113E+00
  0.43269354E+00  0.28827921E+00
  0.43325694E+00  0.28793203E+00
  0.43382034E+00  0.28758939E+00
  0.43438375E+00  0.28725114E+00
  0.43494715E+00  0.28691711E+00
  0.43551055E+00  0.28658719E+00
  0.43607396E+00  0.28626127E+00
  0.43663736E+00  0.28593924E+00
  0.43720076E+00  0.28562103E+00
  0.43776417E+00  0.28530658E+00
  0.43832757E+00  0.28499582E+00
  0.43889097E+00  0.28468870E+00
  0.43945437E+00  0.28438518E+00
  0.44001778E+00  0.28408522E+00
  0.44058118E+00  0.28378879E+00
  0.44114458E+00  0.28349587E+00
  0.44170799E+00  0.28320643E+00
  0.44227139E+00  0.28292046E+00
  0.44283479E+00  0.28263795E+00
  0.44339820E+00  0.28235890E+00
  0.44396160E+00  0.28208332E+00
  0.44452500E+00  0.28181121E+00
  0.44508841E+00  0.28154261E+00
  0.44565181E+00  0.28127753E+00
  0.44621521E+00  0.28101600E+00
  0.44677861E+00  0.28075805E+00
  0.44734202E+00  0.28050367E+00
  0.44790542E+00  0.28025283E+00
  0.44846882E+00  0.28000537E+00
  0.44903223E+00  0.27976101E+00
  0.44959563E+00  0.27951925E+00
  0.45015903E+00  0.27927936E+00
  0.45072244E+00  0.27904053E+00
  0.45128584E+00  0.27880204E+00
  0.45184924E+00  0.27856361E+00
  0.45241264E+00  0.27832555E+00
  0.45297605E+00  0.27808860E+00
  0.45353945E+00  0.27785366E+00
  0.45410285E+00  0.27762147E+00
  0.45466626E+00  0.27739251E+00
  0.45522966E+00  0.27716699E+00
  0.45579306E+00  0.27694493E+00
  0.45635647E+00  0.27672627E+00
  0.45691987E+00  0.27651089E+00
  0.45748327E+00  0.27629865E+00
  0.45804668E+00  0.27608946E+00
  0.45861008E+00  0.27588318E+00
  0.45917348E+00  0.27567974E+00
  0.45973688E+00  0.27547904E+00
  0.46030029E+00  0.27528098E+00
  0.46086369E+00  0.27508547E+00
  0.46142709E+00  0.27489237E+00
  0.46199050E+00  0.27470150E+00
  0.46255390E+00  0.27451263E+00
  0.46311730E+00  0.27432545E+00
  0.46368071E+00  0.27413961E+00
  0.46424411E+00  0.27395477E+00
  0.46480751E+00  0.27377062E+00
  0.46537091E+00  0.27358700E+00
  0.46593432E+00  0.27340384E+00
  0.46649772E+00  0.27322119E+00
  0.46706112E+00  0.27303907E+00
  0.46762453E+00  0.48981396E+00
  0.46818793E+00  0.48990282E+00
  0.46875133E+00  0.48999330E+00
  0.46931474E+00  0.49008537E+00
  0.46987814E+00  0.49017912E+00
  0.47044154E+00  0.49027479E+00
  0.47100495E+00  0.49037282E+00
  0.47156835E+00  0.49047372E+00
  0.47213175E+00  0.49057798E+00
  0.47269515E+00  0.49068589E+00
  0.47325856E+00  0.49079756E+00
  0.47382196E+00  0.49091286E+00
  0.47438536E+00  0.49103155E+00
  0.47494877E+00  0.49115329E+00
  0.47551217E+00  0.49127776E+00
  0.47607557E+00  0.49140462E+00
  0.47663898E+00  0.49153360E+00
  0.47720238E+00  0.49166438E+00
  0.47776578E+00  0.49179668E+00
  0.47832918E+00  0.49193011E+00
  0.47889259E+00  0.49206408E+00
  0.47945599E+00  0.49219743E+00
  0.48001939E+00  0.49232753E+00
  0.48058280E+00  0.49245110E+00
  0.48114620E+00  0.49258251E+00
  0.48170960E+00  0.49273482E+00
  0.48227301E+00  0.49288593E+00
  0.48283641E+00  0.49303236E+00
  0.48339981E+00  0.49317653E+00
  0.48396322E+00  0.49331979E+00
  0.48452662E+00  0.49346279E+00
  0.48509002E+00  0.49360590E+00
  0.48565342E+00  0.49374947E+00
  0.48621683E+00  0.49389382E+00
  0.48678023E+00  0.49403934E+00
  0.48734363E+00  0.49418649E+00
  0.48790704E+00  0.49433575E+00
  0.48847044E+00  0.49448762E+00
  0.48903384E+00  0.49464257E+00
  0.48959725E+00  0.49480100E+00
  0.49016065E+00  0.49496318E+00
  0.49072405E+00  0.49512923E+00
  0.49128746E+00  0.49529909E+00
  0.49185086E+00  0.49547257E+00
  0.49241426E+00  0.49564934E+00
  0.49297766E+00  0.49582899E+00
  0.49354107E+00  0.49601109E+00
  0.49410447E+00  0.49619520E+00
  0.49466787E+00  0.49638090E+00
  0.49523128E+00  0.49656786E+00
  0.49579468E+00  0.49675578E+00
  0.49635808E+00  0.49694443E+00
  0.49692149E+00  0.49713367E+00
  0.49748489E+00  0.49732338E+00
  0.49804829E+00  0.49751349E+00
  0.49861169E+00  0.49770399E+00
  0.49917510E+00  0.49789488E+00
  0.49973850E+00  0.49808617E+00
  0.50030190E+00  0.49827792E+00
  0.50086531E+00  0.49847015E+00
  0.50142871E+00  0.49866294E+00
  0.50199211E+00  0.49885633E+00
  0.50255552E+00  0.49905038E+00
  0.50311892E+00  0.49924512E+00
  0.50368232E+00  0.49944062E+00
  0.50424573E+00  0.49963689E+00
  0.50480913E+00  0.49983396E+00
  0.50537253E+00  0.50003186E+00
  0.50593593E+00  0.50023059E+00
  0.50649934E+00  0.50043014E+00
  0.50706274E+00  0.50063052E+00
  0.50762614E+00  0.50083170E+00
  0.50818955E+00  0.50103365E+00
  0.50875295E+00  0.50123633E+00
  0.50931635E+00  0.50143970E+00
  0.50987976E+00  0.50164370E+00
  0.51044316E+00  0.50184823E+00
  0.51100656E+00  0.50205322E+00
  0.51156996E+00  0.50225853E+00
  0.51213337E+00  0.50246401E+00
  0.51269677E+00  0.50266948E+00
  0.51326017E+00  0.50287471E+00
  0.51382358E+00  0.50307946E+00
  0.51438698E+00  0.50328343E+00
  0.51495038E+00  0.50348628E+00
  0.51551379E+00  0.50368768E+00
  0.51607719E+00  0.50388729E+00
  0.51664059E+00  0.50408476E+00
  0.51720400E+00  0.50427981E+00
  0.51776740E+00  0.50447220E+00
  0.51833080E+00  0.50466174E+00
  0.51889420E+00  0.50484834E+00
  0.51945761E+00  0.50503196E+00
  0.52002101E+00  0.50521261E+00
  0.52058441E+00  0.50539035E+00
  0.52114782E+00  0.50556528E+00
  0.52171122E+00  0.50573751E+00
  0.52227462E+00  0.50590714E+00
  0.52283803E+00  0.50607430E+00
  0.52340143E+00  0.50623909E+00
  0.52396483E+00  0.50640163E+00
  0.52452823E+00  0.50656202E+00
  0.52509164E+00  0.50672036E+00
  0.52565504E+00  0.50687676E+00
  0.52621844E+00  0.50703131E+00
  0.52678185E+00  0.50718412E+00
  0.52734525E+00  0.50733531E+00
  0.52790865E+00  0.50748499E+00
  0.52847206E+00  0.50763328E+00
  0.52903546E+00  0.50778030E+00
  0.52959886E+00  0.50792619E+00
  0.53016227E+00  0.50807106E+00
  0.53072567E+00  0.50821503E+00
  0.53128907E+00  0.50835819E+00
  0.53185247E+00  0.50850059E+00
  0.53241588E+00  0.50864219E+00
  0.53297928E+00  0.50878285E+00
  0.53354268E+00  0.50892229E+00
  0.53410609E+00  0.50906000E+00
  0.53466949E+00  0.50919523E+00
  0.53523289E+00  0.50932699E+00
  0.53579630E+00  0.50945411E+00
  0.53635970E+00  0.50957543E+00
  0.53692310E+00  0.50969000E+00
  0.53748650E+00  0.50979729E+00
  0.53804991E+00  0.50989739E+00
  0.53861331E+00  0.50999090E+00
  0.53917671E+00  0.51007881E+00
  0.53974012E+00  0.51016220E+00
  0.54030352E+00  0.51024209E+00
  0.54086692E+00  0.51031926E+00
  0.54143033E+00  0.51039423E+00
  0.54199373E+00  0.51046727E+00
  0.54255713E+00  0.51053848E+00
  0.54312054E+00  0.51060783E+00
  0.54368394E+00  0.51067525E+00
  0.54424734E+00  0.51074063E+00
  0.54481074E+00  0.51080388E+00
  0.54537415E+00  0.51086492E+00
  0.54593755E+00  0.51092369E+00
  0.54650095E+00  0.51098017E+00
  0.54706436E+00  0.51103435E+00
  0.54762776E+00  0.51108621E+00
  0.54819116E+00  0.51113576E+00
  0.54875457E+00  0.51118297E+00
  0.54931797E+00  0.51122783E+00
  0.54988137E+00  0.51127031E+00
  0.55044477E+00  0.51131038E+00
  0.55100818E+00  0.51134800E+00
  0.55157158E+00  0.51138311E+00
  0.55213498E+00  0.51141568E+00
  0.55269839E+00  0.51144564E+00
  0.55326179E+00  0.51147295E+00
  0.55382519E+00  0.51149756E+00
  0.55438860E+00  0.51151940E+00
  0.55495200E+00  0.51153845E+00
  0.55551540E+00  0.51155465E+00
  0.55607881E+00  0.51156796E+00
  0.55664221E+00  0.51157834E+00
  0.55720561E+00  0.51158576E+00
  0.55776901E+00  0.51159017E+00
  0.55833242E+00  0.51159156E+00
  0.55889582E+00  0.51158988E+00
  0.55945922E+00  0.51158510E+00
  0.56002263E+00  0.51157720E+00
  0.56058603E+00  0.51156614E+00
  0.56114943E+00  0.51155188E+00
  0.56171284E+00  0.51153439E+00
  0.56227624E+00  0.51151360E+00
  0.56283964E+00  0.51148950E+00
  0.56340339E+00  0.51146206E+00
  0.56396713E+00  0.51205697E+00
  0.56453088E+00  0.51263175E+00
  0.56509462E+00  0.51318634E+00
  0.56565837E+00  0.51372079E+00
  0.56622211E+00  0.51423516E+00
  0.56678586E+00  0.51472953E+00
  0.56734960E+00  0.51520394E+00
  0.56791335E+00  0.51565844E+00
  0.56847709E+00  0.51609304E+00
  0.56904084E+00  0.51650778E+00
  0.56960458E+00  0.51690265E+00
  0.57016833E+00  0.51727767E+00
  0.57073207E+00  0.51763285E+00
  0.57129582E+00  0.51796822E+00
  0.57185956E+00  0.51828377E+00
  0.57242331E+00  0.51857953E+00
  0.57298705E+00  0.51885552E+00
  0.57355080E+00  0.51911175E+00
  0.57411454E+00  0.51934826E+00
  0.57467829E+00  0.51956506E+00
  0.57524203E+00  0.51976219E+00
  0.57580578E+00  0.51993966E+00
  0.57636952E+00  0.52009752E+00
  0.57693327E+00  0.52023578E+00
  0.57749701E+00  0.52035448E+00
  0.57806076E+00  0.52045365E+00
  0.57862450E+00  0.52053333E+00
  0.57918825E+00  0.52059356E+00
  0.57975199E+00  0.52063435E+00
  0.58031574E+00  0.52065577E+00
  0.58087948E+00  0.52065783E+00
  0.58144323E+00  0.52064059E+00
  0.58200697E+00  0.52060407E+00
  0.58257072E+00  0.52054833E+00
  0.58313446E+00  0.52047340E+00
  0.58369821E+00  0.52037932E+00
  0.58426195E+00  0.52026615E+00
  0.58482570E+00  0.52013391E+00
  0.58538944E+00  0.51998266E+00
  0.58595319E+00  0.51981244E+00
  0.58651693E+00  0.51962331E+00
  0.58708068E+00  0.51941530E+00
  0.58764442E+00  0.51918847E+00
  0.58820817E+00  0.51894287E+00
  0.58877191E+00  0.51867854E+00
  0.58933566E+00  0.51839555E+00
  0.58989940E+00  0.51809394E+00
  0.59046315E+00  0.51777377E+00
  0.59102689E+00  0.51743509E+00
  0.59159064E+00  0.51707796E+00
  0.59215438E+00  0.51670244E+00
  0.59271813E+00  0.51630859E+00
  0.59328187E+00  0.51589647E+00
  0.59384562E+00  0.51546614E+00
  0.59440936E+00  0.51501766E+00
  0.59497311E+00  0.51455110E+00
  0.59553685E+00  0.51406653E+00
  0.59610060E+00  0.51356401E+00
  0.59666434E+00  0.51304362E+00
  0.59722809E+00  0.51250541E+00
  0.59779183E+00  0.51194947E+00
  0.59835558E+00  0.51137587E+00
  0.59891932E+00  0.51078468E+00
  0.59948307E+00  0.51017598E+00
  0.60004681E+00  0.50954984E+00
  0.60061056E+00  0.50890635E+00
  0.60117430E+00  0.50824557E+00
  0.60173805E+00  0.50756760E+00
  0.60230179E+00  0.50687251E+00
  0.60286554E+00  0.50616038E+00
  0.60342928E+00  0.50543130E+00
  0.60399303E+00  0.50468535E+00
  0.60455677E+00  0.50392261E+00
  0.60512052E+00  0.50314316E+00
  0.60568426E+00  0.50234709E+00
  0.60624801E+00  0.50153448E+00
  0.60681175E+00  0.50070542E+00
  0.60737550E+00  0.49985998E+00
  0.60793924E+00  0.49899825E+00
  0.60850299E+00  0.49812032E+00
  0.60906673E+00  0.49722626E+00
  0.60963048E+00  0.49631617E+00
  0.61019422E+00  0.49539011E+00
  0.61075797E+00  0.49444820E+00
  0.61132171E+00  0.49349051E+00
  0.61188546E+00  0.49251717E+00
  0.61244920E+00  0.49152831E+00
  0.61301295E+00  0.49052412E+00
  0.61357669E+00  0.48950484E+00
  0.61414044E+00  0.48847086E+00
  0.61470418E+00  0.48742276E+00
  0.61526793E+00  0.48636141E+00
  0.61583167E+00  0.48528801E+00
  0.61639542E+00  0.48420397E+00
  0.61695916E+00  0.48311021E+00
  0.61752291E+00  0.48200612E+00
  0.61808665E+00  0.48088887E+00
  0.61865040E+00  0.47975461E+00
  0.61921414E+00  0.47860086E+00
  0.61977789E+00  0.47742748E+00
  0.62034163E+00  0.47623577E+00
  0.62090538E+00  0.47502735E+00
  0.62146912E+00  0.47380348E+00
  0.62203287E+00  0.47256501E+00
  0.62259661E+00  0.47131248E+00
  0.62316036E+00  0.47004622E+00
  0.62372410E+00  0.46876643E+00
  0.62428785E+00  0.46747326E+00
  0.62485159E+00  0.46616679E+00
  0.62541534E+00  0.46484711E+00
  0.62597908E+00  0.46351428E+00
  0.62654283E+00  0.46216836E+00
  0.62710657E+00  0.46080940E+00
  0.62767032E+00  0.45943745E+00
  0.62823406E+00  0.45805256E+00
  0.62879781E+00  0.45665477E+00
  0.62936155E+00  0.45524411E+00
  0.62992530E+00  0.45382062E+00
  0.63048904E+00  0.45238430E+00
  0.63105279E+00  0.45093518E+00
  0.63161653E+00  0.44947324E+00
  0.63218028E+00  0.44799846E+00
  0.63274402E+00  0.44651082E+00
  0.63330777E+00  0.44501025E+00
  0.63387151E+00  0.44349668E+00
  0.63443526E+00  0.44197003E+00
  0.63499900E+00  0.44043017E+00
  0.63556275E+00  0.43887701E+00
  0.63612649E+00  0.43731044E+00
  0.63669024E+00  0.43573039E+00
  0.63725398E+00  0.43413692E+00
  0.63781773E+00  0.43253021E+00
  0.63838147E+00  0.43091074E+00
  0.63894522E+00  0.42927937E+00
  0.63950896E+00  0.42763746E+00
  0.64007271E+00  0.42598695E+00
  0.64063645E+00  0.42433028E+00
  0.64120020E+00  0.42267009E+00
  0.64176394E+00  0.42100871E+00
  0.64232769E+00  0.41934760E+00
  0.64289143E+00  0.41768692E+00
  0.64345518E+00  0.41602548E+00
  0.64401892E+00  0.41436116E+00
  0.64458266E+00  0.41269148E+00
  0.64514641E+00  0.41101412E+00
  0.64571015E+00  0.40932730E+00
  0.64627390E+00  0.40762982E+00
  0.64683764E+00  0.40592104E+00
  0.64740139E+00  0.40420073E+00
  0.64796513E+00  0.40246897E+00
  0.64852888E+00  0.40072600E+00
  0.64909262E+00  0.39897215E+00
  0.64965637E+00  0.39720782E+00
  0.65022011E+00  0.39543338E+00
  0.65078386E+00  0.39364922E+00
  0.65134760E+00  0.39185570E+00
  0.65191135E+00  0.39005315E+00
  0.65247509E+00  0.38824190E+00
  0.65303884E+00  0.38642224E+00
  0.65360258E+00  0.38459443E+00
  0.65416633E+00  0.38275875E+00
  0.65473007E+00  0.38091541E+00
  0.65529382E+00  0.37906467E+00
  0.65585756E+00  0.37720671E+00
  0.65642131E+00  0.37534175E+00
  0.65698505E+00  0.37346997E+00
  0.65754880E+00  0.37159156E+00
  0.65811254E+00  0.36970668E+00
  0.65867629E+00  0.36781548E+00
  0.65924003E+00  0.36591813E+00
  0.65980378E+00  0.36401474E+00
  0.66036752E+00  0.36210545E+00
  0.66093127E+00  0.36019037E+00
  0.66149501E+00  0.35826961E+00
  0.66205876E+00  0.35634327E+00
  0.66262250E+00  0.35441143E+00
  0.66318625E+00  0.35247417E+00
  0.66374999E+00  0.35053155E+00
  0.66431374E+00  0.34858364E+00
  0.66487748E+00  0.34663049E+00
  0.66544123E+00  0.34467216E+00
  0.66600497E+00  0.34270869E+00
  0.66656872E+00  0.34074013E+00
  0.66713246E+00  0.33876651E+00
  0.66769621E+00  0.33678788E+00
  0.66825995E+00  0.33480430E+00
  0.66882370E+00  0.33281579E+00
  0.66938744E+00  0.33082242E+00
  0.66995119E+00  0.32882424E+00
  0.67051493E+00  0.32682131E+00
  0.67107868E+00  0.32481369E+00
  0.67164242E+00  0.32280146E+00
  0.67220617E+00  0.32078469E+00
  0.67276991E+00  0.31876346E+00
  0.67333366E+00  0.31673786E+00
  0.67389740E+00  0.31470799E+00
  0.67446115E+00  0.31267394E+00
  0.67502489E+00  0.31063583E+00
  0.67558864E+00  0.30859375E+00
  0.67615238E+00  0.30654782E+00
  0.67671613E+00  0.30449817E+00
  0.67727987E+00  0.30244491E+00
  0.67784362E+00  0.30038816E+00
  0.67840736E+00  0.29832806E+00
  0.67897111E+00  0.29626474E+00
  0.67953485E+00  0.29419832E+00
  0.68009860E+00  0.29212895E+00
  0.68066234E+00  0.29005676E+00
  0.68122609E+00  0.28798190E+00
  0.68178983E+00  0.28590449E+00
  0.68235358E+00  0.28382469E+00
  0.68291732E+00  0.28174263E+00
  0.68348107E+00  0.27965846E+00
  0.68404481E+00  0.27757232E+00
  0.68460856E+00  0.27548436E+00
  0.68517230E+00  0.27339473E+00
  0.68573605E+00  0.27130356E+00
  0.68629979E+00  0.26921101E+00
  0.68686354E+00  0.26711722E+00
  0.68742728E+00  0.26502235E+00
  0.68799103E+00  0.26292654E+00
  0.68855477E+00  0.26082993E+00
  0.68911852E+00  0.25873269E+00
  0.68968226E+00  0.25663495E+00
  0.69024601E+00  0.25453687E+00
  0.69080975E+00  0.25243861E+00
  0.69137350E+00  0.25034030E+00
  0.69193724E+00  0.24824211E+00
  0.69250099E+00  0.24614419E+00
  0.69306473E+00  0.24404668E+00
  0.69362848E+00  0.24194975E+00
  0.69419222E+00  0.23985354E+00
  0.69475597E+00  0.23775821E+00
  0.69531971E+00  0.23566391E+00
  0.69588346E+00  0.23357080E+00
  0.69644720E+00  0.23147904E+00
  0.69701095E+00  0.22938877E+00
  0.69757469E+00  0.22730015E+00
  0.69813844E+00  0.22521333E+00
  0.69870218E+00  0.22312847E+00
  0.69926593E+00  0.22104571E+00
  0.69982967E+00  0.21896521E+00
  0.70039342E+00  0.21688711E+00
  0.70095716E+00  0.21481156E+00
  0.70152091E+00  0.21273869E+00
  0.70208465E+00  0.21066865E+00
  0.70264840E+00  0.20860158E+00
  0.70321214E+00  0.20653759E+00
  0.70377589E+00  0.20447682E+00
  0.70433963E+00  0.20241938E+00
  0.70490338E+00  0.20036538E+00
  0.70546712E+00  0.19831494E+00
  0.70603087E+00  0.19626814E+00
  0.70659461E+00  0.19422508E+00
  0.70715836E+00  0.19218584E+00
  0.70772210E+00  0.19015047E+00
  0.70828585E+00  0.18811906E+00
  0.70884959E+00  0.18609164E+00
  0.70941334E+00  0.18406826E+00
  0.70997708E+00  0.18204894E+00
  0.71054083E+00  0.18003369E+00
  0.71110457E+00  0.17802253E+00
  0.71166832E+00  0.17601543E+00
  0.71223206E+00  0.17401238E+00
  0.71279581E+00  0.17201334E+00
  0.71335955E+00  0.17001825E+00
  0.71392330E+00  0.16802707E+00
  0.71448704E+00  0.16603974E+00
  0.71505079E+00  0.16405621E+00
  0.71561453E+00  0.16207645E+00
  0.71617828E+00  0.16010048E+00
  0.71674202E+00  0.15812833E+00
  0.71730577E+00  0.15616014E+00
  0.71786951E+00  0.15419610E+00
  0.71843326E+00  0.15223647E+00
  0.71899700E+00  0.15028158E+00
  0.71956075E+00  0.14833178E+00
  0.72012449E+00  0.14638743E+00
  0.72068824E+00  0.14444885E+00
  0.72125198E+00  0.14251629E+00
  0.72181573E+00  0.14059002E+00
  0.72237947E+00  0.13867078E+00
  0.72294322E+00  0.13676031E+00
  0.72350696E+00  0.13486058E+00
  0.72407071E+00  0.13297098E+00
  0.72463445E+00  0.13108931E+00
  0.72519820E+00  0.12921458E+00
  0.72576194E+00  0.12734689E+00
  0.72632569E+00  0.12548657E+00
  0.72688943E+00  0.12363386E+00
  0.72745318E+00  0.12178897E+00
  0.72801692E+00  0.11995199E+00
  0.72858067E+00  0.11812301E+00
  0.72914441E+00  0.11630210E+00
  0.72970816E+00  0.11448931E+00
  0.73027190E+00  0.11268471E+00
  0.73083565E+00  0.11088833E+00
  0.73139939E+00  0.10910026E+00
  0.73196314E+00  0.10732055E+00
  0.73252688E+00  0.10554928E+00
  0.73309063E+00  0.10378653E+00
  0.73365437E+00  0.10203237E+00
  0.73421812E+00  0.10028687E+00
  0.73478186E+00  0.98550117E-01
  0.73534561E+00  0.96822162E-01
  0.73590935E+00  0.95103068E-01
  0.73647310E+00  0.93392883E-01
  0.73703684E+00  0.91691648E-01
  0.73760059E+00  0.89999389E-01
  0.73816433E+00  0.88316117E-01
  0.73872808E+00  0.86641821E-01
  0.73929182E+00  0.84976464E-01
  0.73985557E+00  0.83319970E-01
  0.74041931E+00  0.81672211E-01
  0.74098306E+00  0.80032980E-01
  0.74154680E+00  0.78401963E-01
  0.74211055E+00  0.76778672E-01
  0.74267429E+00  0.75162358E-01
  0.74323804E+00  0.73551837E-01
  0.74380178E+00  0.71945183E-01
  0.74436553E+00  0.70339121E-01
  0.74492927E+00  0.68727783E-01
  0.74549302E+00  0.67100025E-01
  0.74605676E+00  0.65434319E-01
  0.74662051E+00  0.63702664E-01
  0.74718425E+00  0.62076910E-01
  0.74774800E+00  0.61270860E-01
  0.74831174E+00  0.60176404E-01
  0.74887549E+00  0.58711593E-01
  0.74943923E+00  0.57201363E-01
  0.75000298E+00  0.55703341E-01
  0.75056672E+00  0.54223948E-01
  0.75113047E+00  0.52762326E-01
  0.75169421E+00  0.51316968E-01
  0.75225796E+00  0.49886677E-01
  0.75282170E+00  0.48470606E-01
  0.75338545E+00  0.47068170E-01
  0.75394919E+00  0.45678974E-01
  0.75451294E+00  0.44302747E-01
  0.75507668E+00  0.42939309E-01
  0.75564043E+00  0.41588545E-01
  0.75620417E+00  0.40250384E-01
  0.75676792E+00  0.38924790E-01
  0.75733166E+00  0.37611753E-01
  0.75789541E+00  0.36311279E-01
  0.75845915E+00  0.35023394E-01
  0.75902290E+00  0.33748131E-01
  0.75958664E+00  0.32485534E-01
  0.76015039E+00  0.31235654E-01
  0.76071413E+00  0.29998547E-01
  0.76127788E+00  0.28774271E-01
  0.76184162E+00  0.27562890E-01
  0.76240537E+00  0.26364468E-01
  0.76296911E+00  0.25179071E-01
  0.76353286E+00  0.24006764E-01
  0.76409660E+00  0.22847615E-01
  0.76466035E+00  0.21701688E-01
  0.76522409E+00  0.20569048E-01
  0.76578784E+00  0.19449760E-01
  0.76635158E+00  0.18343883E-01
  0.76691533E+00  0.17251480E-01
  0.76747907E+00  0.16172607E-01
  0.76804282E+00  0.15107320E-01
  0.76860656E+00  0.14055672E-01
  0.76917031E+00  0.13017713E-01
  0.76973405E+00  0.11993489E-01
  0.77029780E+00  0.10983042E-01
  0.77086154E+00  0.99864090E-02
  0.77142529E+00  0.90036188E-02
  0.77198903E+00  0.80346928E-02
  0.77255278E+00  0.70796401E-02
  0.77311652E+00  0.61384540E-02
  0.77368027E+00  0.52111055E-02
  0.77424401E+00  0.42975347E-02
  0.77480776E+00  0.33976371E-02
  0.77537150E+00  0.25112441E-02
  0.77593525E+00  0.16380940E-02
  0.77649899E+00  0.77778763E-03
  0.77706274E+00 -0.70275678E-04
  0.77762648E+00 -0.90698800E-03
  0.77819023E+00 -0.17336399E-02
  0.77875397E+00 -0.25519751E-02
  0.77931772E+00 -0.33639029E-02
  0.77988146E+00 -0.41699090E-02
  0.78044521E+00 -0.49639621E-02
  0.78100895E+00 -0.57246440E-02
  0.78157270E+00 -0.64203668E-02
  0.78213644E+00 -0.70509423E-02
  0.78270019E+00 -0.76581254E-02
  0.78326393E+00 -0.82738754E-02
  0.78382768E+00 -0.89043745E-02
  0.78439142E+00 -0.95470381E-02
  0.78495517E+00 -0.10200703E-01
  0.78551891E+00 -0.10867431E-01
  0.78608266E+00 -0.11551435E-01
  0.78664640E+00 -0.12256862E-01
  0.78721015E+00 -0.12984693E-01
  0.78777389E+00 -0.13729539E-01
  0.78833764E+00 -0.14478299E-01
  0.78890138E+00 -0.15212656E-01
  0.78946513E+00 -0.15914881E-01
  0.79002887E+00 -0.16573415E-01
  0.79059262E+00 -0.17184899E-01
  0.79115636E+00 -0.17752487E-01
  0.79172011E+00 -0.18282648E-01
  0.79228385E+00 -0.18782437E-01
  0.79284760E+00 -0.19257960E-01
  0.79341134E+00 -0.19713815E-01
  0.79397509E+00 -0.20153124E-01
  0.79453883E+00 -0.20577819E-01
  0.79510258E+00 -0.20988990E-01
  0.79566632E+00 -0.21387195E-01
  0.79623007E+00 -0.21772699E-01
  0.79679381E+00 -0.22145636E-01
  0.79735756E+00 -0.22506094E-01
  0.79792130E+00 -0.22854162E-01
  0.79848505E+00 -0.23189937E-01
  0.79904879E+00 -0.23513529E-01
  0.79961254E+00 -0.23825049E-01
  0.80017628E+00 -0.24124610E-01
  0.80074003E+00 -0.24412318E-01
  0.80130377E+00 -0.24688273E-01
  0.80186752E+00 -0.24952566E-01
  0.80243126E+00 -0.25205283E-01
  0.80299501E+00 -0.25446504E-01
  0.80355875E+00 -0.25676307E-01
  0.80412250E+00 -0.25894765E-01
  0.80468624E+00 -0.26101955E-01
  0.80524999E+00 -0.26297951E-01
  0.80581373E+00 -0.26482831E-01
  0.80637748E+00 -0.26656678E-01
  0.80694122E+00 -0.26819577E-01
  0.80750497E+00 -0.26971619E-01
  0.80806871E+00 -0.27112897E-01
  0.80863246E+00 -0.27243508E-01
  0.80919620E+00 -0.27363553E-01
  0.80975995E+00 -0.27473122E-01
  0.81032369E+00 -0.27572297E-01
  0.81088744E+00 -0.27661131E-01
  0.81145118E+00 -0.27739626E-01
  0.81201493E+00 -0.27807707E-01
  0.81257867E+00 -0.27865187E-01
  0.81314242E+00 -0.27911733E-01
  0.81370616E+00 -0.27946868E-01
  0.81426991E+00 -0.27970026E-01
  0.81483365E+00 -0.27980692E-01
  0.81539740E+00 -0.27978589E-01
  0.81596114E+00 -0.27963840E-01
  0.81652489E+00 -0.27936992E-01
  0.81708863E+00 -0.27898866E-01
  0.81765238E+00 -0.27850328E-01
  0.81821612E+00 -0.27792102E-01
  0.81877987E+00 -0.27724688E-01
  0.81934361E+00 -0.27648366E-01
  0.81990736E+00 -0.27563254E-01
  0.82047110E+00 -0.27469374E-01
  0.82103485E+00 -0.27366697E-01
  0.82159859E+00 -0.27255176E-01
  0.82216234E+00 -0.27134772E-01
  0.82272608E+00 -0.27005458E-01
  0.82328983E+00 -0.26867231E-01
  0.82385357E+00 -0.26720114E-01
  0.82441732E+00 -0.26564161E-01
  0.82498106E+00 -0.26399462E-01
  0.82554481E+00 -0.26226150E-01
  0.82610855E+00 -0.26044407E-01
  0.82667230E+00 -0.25854472E-01
  0.82723604E+00 -0.25656650E-01
  0.82779979E+00 -0.25451319E-01
  0.82836353E+00 -0.25238930E-01
  0.82892728E+00 -0.25020006E-01
  0.82949102E+00 -0.24795135E-01
  0.83005477E+00 -0.24564942E-01
  0.83061851E+00 -0.24330068E-01
  0.83118226E+00 -0.24091129E-01
  0.83174600E+00 -0.23848673E-01
  0.83230975E+00 -0.23603139E-01
  0.83287349E+00 -0.23354830E-01
  0.83343724E+00 -0.23103890E-01
  0.83400098E+00 -0.22850304E-01
  0.83456473E+00 -0.22593919E-01
  0.83512847E+00 -0.22334470E-01
  0.83569222E+00 -0.22071625E-01
  0.83625596E+00 -0.21805020E-01
  0.83681971E+00 -0.21534300E-01
  0.83738345E+00 -0.21259146E-01
  0.83794720E+00 -0.20979293E-01
  0.83851094E+00 -0.20694542E-01
  0.83907469E+00 -0.20404762E-01
  0.83963843E+00 -0.20109888E-01
  0.84020218E+00 -0.19809911E-01
  0.84076592E+00 -0.19504873E-01
  0.84132967E+00 -0.19194860E-01
  0.84189341E+00 -0.18879987E-01
  0.84245716E+00 -0.18560398E-01
  0.84302090E+00 -0.18236254E-01
  0.84358465E+00 -0.17907732E-01
  0.84414839E+00 -0.17575018E-01
  0.84471214E+00 -0.17238302E-01
  0.84527588E+00 -0.16897782E-01
  0.84583963E+00 -0.16553655E-01
  0.84640337E+00 -0.16206121E-01
  0.84696712E+00 -0.15855377E-01
  0.84753086E+00 -0.15501622E-01
  0.84809461E+00 -0.15145051E-01
  0.84865835E+00 -0.14785859E-01
  0.84922210E+00 -0.14424238E-01
  0.84978584E+00 -0.14060377E-01
  0.85034959E+00 -0.13694465E-01
  0.85091333E+00 -0.13326686E-01
  0.85147708E+00 -0.12957224E-01
  0.85204082E+00 -0.12586256E-01
  0.85260457E+00 -0.12213959E-01
  0.85316831E+00 -0.11840507E-01
  0.85373206E+00 -0.11466068E-01
  0.85429580E+00 -0.11090808E-01
  0.85485955E+00 -0.10714889E-01
  0.85542329E+00 -0.10338468E-01
  0.85598704E+00 -0.99616980E-02
  0.85655078E+00 -0.95847264E-02
  0.85711453E+00 -0.92076962E-02
  0.85767827E+00 -0.88307447E-02
  0.85824202E+00 -0.84540034E-02
  0.85880576E+00 -0.80775972E-02
  0.85936951E+00 -0.77016444E-02
  0.85993325E+00 -0.73262557E-02
  0.86049700E+00 -0.69515338E-02
  0.86106074E+00 -0.65775731E-02
  0.86162449E+00 -0.62044589E-02
  0.86218823E+00 -0.58322678E-02
  0.86275198E+00 -0.54610679E-02
  0.86331572E+00 -0.50909197E-02
  0.86387947E+00 -0.47218783E-02
  0.86444321E+00 -0.43539963E-02
  0.86500696E+00 -0.39873277E-02
  0.86557070E+00 -0.36219337E-02
  0.86613445E+00 -0.32578889E-02
  0.86669819E+00 -0.28952887E-02
  0.86726194E+00 -0.25342562E-02
  0.86782568E+00 -0.21749493E-02
  0.86838943E+00 -0.18175654E-02
  0.86895317E+00 -0.14623432E-02
  0.86951692E+00 -0.11095618E-02
  0.87008066E+00 -0.75953638E-03
  0.87064441E+00 -0.41260965E-03
  0.87120815E+00 -0.69142276E-04
  0.87177190E+00  0.27049850E-03
  0.87233564E+00  0.60594952E-03
  0.87289939E+00  0.93686081E-03
  0.87346313E+00  0.12629021E-02
  0.87402688E+00  0.15837668E-02
  0.87459062E+00  0.18991724E-02
  0.87515437E+00  0.22088594E-02
  0.87571811E+00  0.25125883E-02
  0.87628186E+00  0.28101347E-02
  0.87684560E+00  0.31012856E-02
  0.87740935E+00  0.33858343E-02
  0.87797309E+00  0.36635770E-02
  0.87853684E+00  0.39343098E-02
  0.87910058E+00  0.41978278E-02
  0.87966433E+00  0.44539249E-02
  0.88022807E+00  0.47023974E-02
  0.88079182E+00  0.49430498E-02
  0.88135556E+00  0.51757062E-02
  0.88191930E+00  0.54002290E-02
  0.88248305E+00  0.56165456E-02
  0.88304679E+00  0.58246855E-02
  0.88361054E+00  0.60248107E-02
  0.88417428E+00  0.62171895E-02
  0.88473803E+00  0.64019800E-02
  0.88530177E+00  0.65786835E-02
  0.88586552E+00  0.67455552E-02
  0.88642926E+00  0.69000664E-02
  0.88699301E+00  0.70406642E-02
  0.88755675E+00  0.71677119E-02
  0.88812050E+00  0.72826828E-02
  0.88868376E+00  0.73872763E-02
  0.88924701E+00  0.71351046E-02
  0.88981027E+00  0.68759983E-02
  0.89037353E+00  0.66100734E-02
  0.89093678E+00  0.63371556E-02
  0.89150004E+00  0.60570414E-02
  0.89206330E+00  0.57695160E-02
  0.89262656E+00  0.54742650E-02
  0.89318981E+00  0.51708167E-02
  0.89375307E+00  0.48585619E-02
  0.89431633E+00  0.45368434E-02
  0.89487958E+00  0.42050769E-02
  0.89544284E+00  0.38628513E-02
  0.89600610E+00  0.35099714E-02
  0.89656935E+00  0.31464392E-02
  0.89713261E+00  0.27723926E-02
  0.89769587E+00  0.23880345E-02
  0.89825912E+00  0.19935720E-02
  0.89882238E+00  0.15891772E-02
  0.89938564E+00  0.11749684E-02
  0.89994890E+00  0.75100513E-03
  0.90051215E+00  0.31729332E-03
  0.90107541E+00 -0.12620676E-03
  0.90163867E+00 -0.57957074E-03
  0.90220192E+00 -0.10429014E-02
  0.90276518E+00 -0.15163213E-02
  0.90332844E+00 -0.19999664E-02
  0.90389169E+00 -0.24939818E-02
  0.90445495E+00 -0.29985181E-02
  0.90501821E+00 -0.35137286E-02
  0.90558146E+00 -0.40397678E-02
  0.90614472E+00 -0.45767893E-02
  0.90670798E+00 -0.51249454E-02
  0.90727124E+00 -0.56843858E-02
  0.90783449E+00 -0.62552570E-02
  0.90839775E+00 -0.68377021E-02
  0.90896101E+00 -0.74318598E-02
  0.90952426E+00 -0.80378647E-02
  0.91008752E+00 -0.86558466E-02
  0.91065078E+00 -0.92859307E-02
  0.91121403E+00 -0.99282372E-02
  0.91177729E+00 -0.10582882E-01
  0.91234055E+00 -0.11249975E-01
  0.91290380E+00 -0.11929623E-01
  0.91346706E+00 -0.12621929E-01
  0.91403032E+00 -0.13326990E-01
  0.91459358E+00 -0.14044902E-01
  0.91515683E+00 -0.14775755E-01
  0.91572009E+00 -0.15519640E-01
  0.91628335E+00 -0.16276641E-01
  0.91684660E+00 -0.17046844E-01
  0.91740986E+00 -0.17830331E-01
  0.91797312E+00 -0.18627184E-01
  0.91853637E+00 -0.19437484E-01
  0.91909963E+00 -0.20261310E-01
  0.91966289E+00 -0.21098742E-01
  0.92022614E+00 -0.21949858E-01
  0.92078940E+00 -0.22814739E-01
  0.92135266E+00 -0.23693464E-01
  0.92191592E+00 -0.24586112E-01
  0.92247917E+00 -0.25492764E-01
  0.92304243E+00 -0.26413502E-01
  0.92360569E+00 -0.27348407E-01
  0.92416894E+00 -0.28297564E-01
  0.92473220E+00 -0.29261058E-01
  0.92529546E+00 -0.30238978E-01
  0.92585871E+00 -0.31231414E-01
  0.92642197E+00 -0.32238464E-01
  0.92698523E+00 -0.33260226E-01
  0.92754848E+00 -0.34296810E-01
  0.92811174E+00 -0.35348331E-01
  0.92867500E+00 -0.36414918E-01
  0.92923825E+00 -0.37496711E-01
  0.92980151E+00 -0.38593871E-01
  0.93036477E+00 -0.39706577E-01
  0.93092803E+00 -0.40835034E-01
  0.93149128E+00 -0.41979473E-01
  0.93205454E+00 -0.43140150E-01
  0.93261780E+00 -0.44317341E-01
  0.93318105E+00 -0.45511323E-01
  0.93374431E+00 -0.46722329E-01
  0.93430757E+00 -0.47950478E-01
  0.93487082E+00 -0.49195636E-01
  0.93543408E+00 -0.50457235E-01
  0.93599734E+00 -0.51734050E-01
  0.93656059E+00 -0.53024058E-01
  0.93712385E+00 -0.54324601E-01
  0.93768711E+00 -0.55633029E-01
  0.93825037E+00 -0.56947732E-01
  0.93881362E+00 -0.58268966E-01
  0.93937688E+00 -0.59598796E-01
  0.93994014E+00 -0.60940154E-01
  0.94050339E+00 -0.62295667E-01
  0.94106665E+00 -0.63666885E-01
  0.94162991E+00 -0.65053959E-01
  0.94219316E+00 -0.66455410E-01
  0.94275642E+00 -0.67867378E-01
  0.94331968E+00 -0.69281021E-01
  0.94388293E+00 -0.70673098E-01
  0.94444619E+00 -0.71962227E-01
  0.94500945E+00 -0.72691023E-01
  0.94557271E+00 -0.71286592E-01
  0.94613596E+00 -0.76001477E-01
  0.94669922E+00 -0.78184051E-01
  0.94726248E+00 -0.79867974E-01
  0.94782573E+00 -0.81466616E-01
  0.94838899E+00 -0.83047533E-01
  0.94895225E+00 -0.84629417E-01
  0.94951550E+00 -0.86219886E-01
  0.95007876E+00 -0.87823011E-01
  0.95064202E+00 -0.89441275E-01
  0.95120527E+00 -0.91076209E-01
  0.95176853E+00 -0.92728691E-01
  0.95233179E+00 -0.94399144E-01
  0.95289505E+00 -0.96087679E-01
  0.95345830E+00 -0.97794216E-01
  0.95402156E+00 -0.99518565E-01
  0.95458482E+00 -0.10126048E+00
  0.95514807E+00 -0.10301971E+00
  0.95571133E+00 -0.10479598E+00
  0.95627459E+00 -0.10658906E+00
  0.95683784E+00 -0.10839874E+00
  0.95740110E+00 -0.11022483E+00
  0.95796436E+00 -0.11206715E+00
  0.95852761E+00 -0.11392558E+00
  0.95909087E+00 -0.11579999E+00
  0.95965413E+00 -0.11769030E+00
  0.96021739E+00 -0.11959645E+00
  0.96078064E+00 -0.12151838E+00
  0.96134390E+00 -0.12345607E+00
  0.96190716E+00 -0.12540952E+00
  0.96247041E+00 -0.12737871E+00
  0.96303367E+00 -0.12936367E+00
  0.96359693E+00 -0.13136441E+00
  0.96416018E+00 -0.13338095E+00
  0.96472344E+00 -0.13541334E+00
  0.96528670E+00 -0.13746160E+00
  0.96584995E+00 -0.13952581E+00
  0.96641321E+00 -0.14160605E+00
  0.96697647E+00 -0.14370240E+00
  0.96753973E+00 -0.14581503E+00
  0.96810298E+00 -0.14794408E+00
  0.96866624E+00 -0.15008977E+00
  0.96922950E+00 -0.15225232E+00
  0.96979275E+00 -0.15443193E+00
  0.97035601E+00 -0.15662879E+00
  0.97091927E+00 -0.15884303E+00
  0.97148252E+00 -0.16107468E+00
  0.97204578E+00 -0.16332370E+00
  0.97260904E+00 -0.16558992E+00
  0.97317229E+00 -0.16787310E+00
  0.97373555E+00 -0.17017294E+00
  0.97429881E+00 -0.17248912E+00
  0.97486207E+00 -0.17482132E+00
  0.97542532E+00 -0.17716925E+00
  0.97598858E+00 -0.17953267E+00
  0.97655184E+00 -0.18191139E+00
  0.97711509E+00 -0.18430526E+00
  0.97767835E+00 -0.18671417E+00
  0.97824161E+00 -0.18913806E+00
  0.97880486E+00 -0.19157689E+00
  0.97936812E+00 -0.19403062E+00
  0.97993138E+00 -0.19649923E+00
  0.98049463E+00 -0.19898272E+00
  0.98105789E+00 -0.20148106E+00
  0.98162115E+00 -0.20399423E+00
  0.98218441E+00 -0.20652219E+00
  0.98274766E+00 -0.20906491E+00
  0.98331092E+00 -0.21162234E+00
  0.98387418E+00 -0.21419444E+00
  0.98443743E+00 -0.21678115E+00
  0.98500069E+00 -0.21938242E+00
  0.98556395E+00 -0.22199822E+00
  0.98612720E+00 -0.22462849E+00
  0.98669046E+00 -0.22727322E+00
  0.98725372E+00 -0.22993238E+00
  0.98781697E+00 -0.23260597E+00
  0.98838023E+00 -0.23529400E+00
  0.98894349E+00 -0.23799646E+00
  0.98950675E+00 -0.24071339E+00
  0.99007000E+00 -0.24344480E+00
  0.99063326E+00 -0.24619072E+00
  0.99119652E+00 -0.24895117E+00
  0.99175977E+00 -0.25172619E+00
  0.99232303E+00 -0.25451580E+00
  0.99288629E+00 -0.25732002E+00
  0.99344954E+00 -0.26013887E+00
  0.99401280E+00 -0.26297237E+00
  0.99457606E+00 -0.26582052E+00
  0.99513931E+00 -0.26868334E+00
  0.99570257E+00 -0.27156084E+00
  0.99626583E+00 -0.27445300E+00
  0.99682909E+00 -0.27735984E+00
  0.99739234E+00 -0.28028135E+00
  0.99795560E+00 -0.28321753E+00
  0.99851886E+00 -0.28616837E+00
  0.99908211E+00 -0.28913387E+00
  0.99964537E+00 -0.29211401E+00
  0.10002086E+01 -0.29510880E+00
  0.10007719E+01 -0.29811821E+00
  0.10013351E+01 -0.30114220E+00
  0.10018984E+01 -0.30418072E+00
  0.10024617E+01 -0.30723367E+00
  0.10030249E+01 -0.31030088E+00
  0.10035882E+01 -0.31338209E+00
  0.10041514E+01 -0.31647686E+00
  0.10047147E+01 -0.31958454E+00
  0.10052779E+01 -0.32270410E+00
  0.10058412E+01 -0.32583409E+00
  0.10064045E+01 -0.32897247E+00
  0.10069677E+01 -0.33211664E+00
  0.10075310E+01 -0.33526362E+00
  0.10080942E+01 -0.33841071E+00
  0.10086575E+01 -0.34155662E+00
  0.10092207E+01 -0.34470273E+00
  0.10097840E+01 -0.34785382E+00
  0.10103473E+01 -0.35101710E+00
  0.10109105E+01 -0.35419996E+00
  0.10114738E+01 -0.35740760E+00
  0.10120370E+01 -0.36064204E+00
  0.10126003E+01 -0.36390263E+00
  0.10131635E+01 -0.36718718E+00
  0.10137268E+01 -0.37049305E+00
  0.10142900E+01 -0.37381778E+00
  0.10148533E+01 -0.37715938E+00
  0.10154166E+01 -0.38051633E+00
  0.10159798E+01 -0.38388753E+00
  0.10165431E+01 -0.38727220E+00
  0.10171063E+01 -0.39066974E+00
  0.10176696E+01 -0.39407965E+00
  0.10182328E+01 -0.39750140E+00
  0.10187961E+01 -0.40093435E+00
  0.10193594E+01 -0.40437771E+00
  0.10199226E+01 -0.40783058E+00
  0.10204859E+01 -0.41129214E+00
  0.10210491E+01 -0.41476188E+00
  0.10216124E+01 -0.41823977E+00
  0.10221756E+01 -0.42172622E+00
  0.10227389E+01 -0.42522186E+00
  0.10233022E+01 -0.42872725E+00
  0.10238654E+01 -0.43224273E+00
  0.10244287E+01 -0.43576833E+00
  0.10249919E+01 -0.43930375E+00
  0.10255552E+01 -0.44284828E+00
  0.10261184E+01 -0.44640061E+00
  0.10266817E+01 -0.44995816E+00
  0.10272450E+01 -0.45351499E+00
  0.10278082E+01 -0.45705423E+00
  0.10283715E+01 -0.46051509E+00
  0.10289347E+01 -0.46399409E+00
  0.10294980E+01 -0.46804478E+00
  0.10300612E+01 -0.47172794E+00
  0.10306245E+01 -0.47536690E+00
  0.10311878E+01 -0.47901111E+00
  0.10317510E+01 -0.48266512E+00
  0.10323143E+01 -0.48632897E+00
  0.10328775E+01 -0.49000221E+00
  0.10334408E+01 -0.49368438E+00
  0.10340040E+01 -0.49737523E+00
  0.10345673E+01 -0.50107475E+00
  0.10351306E+01 -0.50478341E+00
  0.10356938E+01 -0.50850218E+00
  0.10362571E+01 -0.51223212E+00
  0.10368203E+01 -0.51597356E+00
  0.10373836E+01 -0.51972554E+00
  0.10379468E+01 -0.52348613E+00
  0.10385101E+01 -0.52725324E+00
  0.10390734E+01 -0.53102458E+00
  0.10396366E+01 -0.53479649E+00
  0.10401999E+01 -0.53856127E+00
  0.10407631E+01 -0.54230707E+00
  0.10413264E+01 -0.54606249E+00
  0.10418896E+01 -0.54993661E+00
  0.10424529E+01 -0.55386357E+00
  0.10430162E+01 -0.55777897E+00
  0.10435794E+01 -0.56170499E+00
  0.10441427E+01 -0.56566863E+00
  0.10447059E+01 -0.56960725E+00
  0.10452692E+01 -0.57338664E+00
  0.10458324E+01 -0.57716152E+00
  0.10463957E+01 -0.58098362E+00
  0.10469590E+01 -0.58482878E+00
  0.10475222E+01 -0.58868446E+00
  0.10480855E+01 -0.59254649E+00
  0.10486487E+01 -0.59641371E+00
  0.10492120E+01 -0.60028590E+00
  0.10497752E+01 -0.60416304E+00
  0.10503385E+01 -0.60804512E+00
  0.10509017E+01 -0.61193206E+00
  0.10514650E+01 -0.61582371E+00
  0.10520283E+01 -0.61971990E+00
  0.10525915E+01 -0.62362041E+00
  0.10531548E+01 -0.62752502E+00
  0.10537180E+01 -0.63143347E+00
  0.10542813E+01 -0.63534555E+00
  0.10548445E+01 -0.63926099E+00
  0.10554078E+01 -0.64317958E+00
  0.10559711E+01 -0.64710106E+00
  0.10565343E+01 -0.65102520E+00
  0.10570976E+01 -0.65495177E+00
  0.10576608E+01 -0.65888053E+00
  0.10582241E+01 -0.66281126E+00
  0.10587873E+01 -0.66674372E+00
  0.10593506E+01 -0.67067768E+00
  0.10599139E+01 -0.67461292E+00
  0.10604771E+01 -0.67854921E+00
  0.10610404E+01 -0.68248632E+00
  0.10616036E+01 -0.68642402E+00
  0.10621669E+01 -0.69036208E+00
  0.10627301E+01 -0.69430028E+00
  0.10632934E+01 -0.69823838E+00
  0.10638567E+01 -0.70217615E+00
  0.10644199E+01 -0.70611336E+00
  0.10649832E+01 -0.71004979E+00
  0.10655464E+01 -0.71398519E+00
  0.10661097E+01 -0.71791934E+00
  0.10666729E+01 -0.72185200E+00
  0.10672362E+01 -0.72578293E+00
  0.10677995E+01 -0.72971192E+00
  0.10683627E+01 -0.73363872E+00
  0.10689260E+01 -0.73756313E+00
  0.10694892E+01 -0.74148491E+00
  0.10700525E+01 -0.74540387E+00
  0.10706157E+01 -0.74931981E+00
  0.10711790E+01 -0.75323257E+00
  0.10717423E+01 -0.75714201E+00
  0.10723055E+01 -0.76104800E+00
  0.10728688E+01 -0.76495046E+00
  0.10734320E+01 -0.76884931E+00
  0.10739953E+01 -0.77274447E+00
  0.10745585E+01 -0.77663588E+00
  0.10751218E+01 -0.78052340E+00
  0.10756851E+01 -0.78440685E+00
  0.10762483E+01 -0.78828597E+00
  0.10768116E+01 -0.79216031E+00
  0.10773748E+01 -0.79602920E+00
  0.10779381E+01 -0.79989153E+00
  0.10785013E+01 -0.80374547E+00
  0.10790646E+01 -0.80758821E+00
  0.10796279E+01 -0.81141566E+00
  0.10801911E+01 -0.81522270E+00
  0.10807544E+01 -0.81900436E+00
  0.10813176E+01 -0.82275821E+00
  0.10818809E+01 -0.82648663E+00
  0.10824441E+01 -0.83019681E+00
  0.10830074E+01 -0.83389761E+00
  0.10835707E+01 -0.83759577E+00
  0.10841339E+01 -0.84129429E+00
  0.10846972E+01 -0.84499300E+00
  0.10852604E+01 -0.84869002E+00
  0.10858237E+01 -0.85238300E+00
  0.10863869E+01 -0.85606969E+00
  0.10869502E+01 -0.85974820E+00
  0.10875134E+01 -0.86341702E+00
  0.10880767E+01 -0.86707497E+00
  0.10886400E+01 -0.87072109E+00
  0.10892032E+01 -0.87435462E+00
  0.10897665E+01 -0.87797492E+00
  0.10903297E+01 -0.88158145E+00
  0.10908930E+01 -0.88517372E+00
  0.10914562E+01 -0.88875130E+00
  0.10920195E+01 -0.89231379E+00
  0.10925828E+01 -0.89586081E+00
  0.10931460E+01 -0.89939198E+00
  0.10937093E+01 -0.90290697E+00
  0.10942725E+01 -0.90640543E+00
  0.10948358E+01 -0.90988701E+00
  0.10953990E+01 -0.91335139E+00
  0.10959623E+01 -0.91679824E+00
  0.10965256E+01 -0.92022723E+00
  0.10970888E+01 -0.92363804E+00
  0.10976521E+01 -0.92703036E+00
  0.10982153E+01 -0.93040389E+00
  0.10987786E+01 -0.93375834E+00
  0.10993418E+01 -0.93709345E+00
  0.10999051E+01 -0.94040899E+00
  0.11004684E+01 -0.94370483E+00
  0.11010316E+01 -0.94698091E+00
  0.11015949E+01 -0.95023743E+00
  0.11021581E+01 -0.95347493E+00
  0.11027214E+01 -0.95669469E+00
  0.11032846E+01 -0.95989943E+00
  0.11038479E+01 -0.96309468E+00
  0.11044112E+01 -0.96629125E+00
  0.11049744E+01 -0.96950454E+00
  0.11055377E+01 -0.97271094E+00
  0.11061009E+01 -0.97569608E+00
  0.11066642E+01 -0.97844320E+00
  0.11072274E+01 -0.98129457E+00
  0.11077907E+01 -0.98423650E+00
  0.11083540E+01 -0.98719523E+00
  0.11089172E+01 -0.99014015E+00
  0.11094805E+01 -0.99306050E+00
  0.11100437E+01 -0.12364470E+01
  0.11106070E+01 -0.12390579E+01
  0.11111702E+01 -0.12416382E+01
  0.11117335E+01 -0.12441878E+01
  0.11122968E+01 -0.12467065E+01
  0.11128600E+01 -0.12491941E+01
  0.11134233E+01 -0.12516505E+01
  0.11139865E+01 -0.12540753E+01
  0.11145498E+01 -0.12564683E+01
  0.11151130E+01 -0.12588292E+01
  0.11156763E+01 -0.12611576E+01
  0.11162396E+01 -0.12634532E+01
  0.11168028E+01 -0.12657157E+01
  0.11173661E+01 -0.12679447E+01
  0.11179293E+01 -0.12701399E+01
  0.11184926E+01 -0.12723010E+01
  0.11190558E+01 -0.12744274E+01
  0.11196191E+01 -0.12765190E+01
  0.11201824E+01 -0.12785752E+01
  0.11207456E+01 -0.12805956E+01
  0.11213089E+01 -0.12825800E+01
  0.11218721E+01 -0.12845277E+01
  0.11224354E+01 -0.12864384E+01
  0.11229986E+01 -0.12883117E+01
  0.11235619E+01 -0.12901472E+01
  0.11241251E+01 -0.12919444E+01
  0.11246884E+01 -0.12937029E+01
  0.11252517E+01 -0.12954222E+01
  0.11258149E+01 -0.12971020E+01
  0.11263782E+01 -0.12987417E+01
  0.11269414E+01 -0.13003410E+01
  0.11275047E+01 -0.13018994E+01
  0.11280679E+01 -0.13034165E+01
  0.11286312E+01 -0.13048918E+01
  0.11291945E+01 -0.13063249E+01
  0.11297577E+01 -0.13077154E+01
  0.11303210E+01 -0.13090627E+01
  0.11308842E+01 -0.13103666E+01
  0.11314475E+01 -0.13116264E+01
  0.11320107E+01 -0.13128419E+01
  0.11325740E+01 -0.13140124E+01
  0.11331373E+01 -0.13151377E+01
  0.11337005E+01 -0.13162171E+01
  0.11342638E+01 -0.13172504E+01
  0.11348270E+01 -0.13182370E+01
  0.11353903E+01 -0.13191764E+01
  0.11359535E+01 -0.13200683E+01
  0.11365168E+01 -0.13209122E+01
  0.11370801E+01 -0.13217077E+01
  0.11376433E+01 -0.13224542E+01
  0.11382066E+01 -0.13231514E+01
  0.11387698E+01 -0.13237989E+01
  0.11393331E+01 -0.13243961E+01
  0.11398963E+01 -0.13249426E+01
  0.11404596E+01 -0.13254381E+01
  0.11410229E+01 -0.13258820E+01
  0.11415861E+01 -0.13262740E+01
  0.11421494E+01 -0.13266136E+01
  0.11427126E+01 -0.13269004E+01
  0.11432759E+01 -0.13271339E+01
  0.11438391E+01 -0.13273138E+01
  0.11444024E+01 -0.13274397E+01
  0.11449657E+01 -0.13275110E+01
  0.11455289E+01 -0.13275275E+01
  0.11460922E+01 -0.13274887E+01
  0.11466554E+01 -0.13273941E+01
  0.11472187E+01 -0.13272434E+01
  0.11477819E+01 -0.13270362E+01
  0.11483452E+01 -0.13267720E+01
  0.11489085E+01 -0.13264504E+01
  0.11494717E+01 -0.13260711E+01
  0.11500350E+01 -0.13256335E+01
  0.11505982E+01 -0.13251374E+01
  0.11511615E+01 -0.13245822E+01
  0.11517247E+01 -0.13239676E+01
  0.11522880E+01 -0.13232931E+01
  0.11528513E+01 -0.13225584E+01
  0.11534145E+01 -0.13217628E+01
  0.11539778E+01 -0.13209061E+01
  0.11545410E+01 -0.13199878E+01
  0.11551043E+01 -0.13190074E+01
  0.11556675E+01 -0.13179644E+01
  0.11562308E+01 -0.13168584E+01
  0.11567941E+01 -0.13156888E+01
  0.11573573E+01 -0.13144552E+01
  0.11579206E+01 -0.13131570E+01
  0.11584838E+01 -0.13117936E+01
  0.11590471E+01 -0.13103643E+01
  0.11596103E+01 -0.13088686E+01
  0.11601736E+01 -0.13073057E+01
  0.11607368E+01 -0.13056746E+01
  0.11613001E+01 -0.13039745E+01
  0.11618634E+01 -0.13022040E+01
  0.11624266E+01 -0.13003619E+01
  0.11629899E+01 -0.12984463E+01
  0.11635531E+01 -0.12964555E+01
  0.11641164E+01 -0.12943874E+01
  0.11646796E+01 -0.12922406E+01
  0.11652429E+01 -0.12900162E+01
  0.11658062E+01 -0.12877229E+01
  0.11663694E+01 -0.12853890E+01
  0.11669327E+01 -0.12830802E+01
  0.11674959E+01 -0.12808939E+01
  0.11680592E+01 -0.12788522E+01
  0.11686224E+01 -0.12767915E+01
  0.11691857E+01 -0.12745301E+01
  0.11697490E+01 -0.12720417E+01
  0.11703122E+01 -0.12693821E+01
  0.11708755E+01 -0.12666028E+01
  0.11714387E+01 -0.12637335E+01
  0.11720020E+01 -0.12607887E+01
  0.11725652E+01 -0.12577752E+01
  0.11731285E+01 -0.12546956E+01
  0.11736918E+01 -0.12515505E+01
  0.11742550E+01 -0.12483391E+01
  0.11748183E+01 -0.12450596E+01
  0.11753815E+01 -0.12417091E+01
  0.11759448E+01 -0.12382838E+01
  0.11765080E+01 -0.12347797E+01
  0.11770713E+01 -0.12311931E+01
  0.11776346E+01 -0.12275217E+01
  0.11781978E+01 -0.12237659E+01
  0.11787611E+01 -0.12199281E+01
  0.11793243E+01 -0.12160119E+01
  0.11798876E+01 -0.12120212E+01
  0.11804508E+01 -0.12079590E+01
  0.11810141E+01 -0.12038273E+01
  0.11815774E+01 -0.11996272E+01
  0.11821406E+01 -0.11953593E+01
  0.11827039E+01 -0.11910236E+01
  0.11832671E+01 -0.11866200E+01
  0.11838304E+01 -0.11821482E+01
  0.11843936E+01 -0.11776079E+01
  0.11849569E+01 -0.11729986E+01
  0.11855202E+01 -0.11683199E+01
  0.11860834E+01 -0.11635712E+01
  0.11866467E+01 -0.11587519E+01
  0.11872099E+01 -0.11538614E+01
  0.11877732E+01 -0.11488997E+01
  0.11883364E+01 -0.11438674E+01
  0.11888997E+01 -0.11387659E+01
  0.11894630E+01 -0.11335957E+01
  0.11900262E+01 -0.11283533E+01
  0.11905895E+01 -0.11230302E+01
  0.11911527E+01 -0.11176168E+01
  0.11917160E+01 -0.11121073E+01
  0.11922792E+01 -0.11065040E+01
  0.11928425E+01 -0.11008141E+01
  0.11934058E+01 -0.10950461E+01
  0.11939690E+01 -0.10892057E+01
  0.11945323E+01 -0.10832960E+01
  0.11950955E+01 -0.10773180E+01
  0.11956588E+01 -0.10712715E+01
  0.11962220E+01 -0.10651561E+01
  0.11967853E+01 -0.10589713E+01
  0.11973485E+01 -0.10527163E+01
  0.11979118E+01 -0.10463907E+01
  0.11984751E+01 -0.10399941E+01
  0.11990383E+01 -0.10335260E+01
  0.11996016E+01 -0.10269860E+01
  0.12001648E+01 -0.10203740E+01
  0.12007281E+01 -0.10136896E+01
  0.12012913E+01 -0.10069328E+01
  0.12018546E+01 -0.10001033E+01
  0.12024179E+01 -0.99320092E+00
  0.12029811E+01 -0.98622561E+00
  0.12035444E+01 -0.97917710E+00
  0.12041076E+01 -0.97205506E+00
  0.12046709E+01 -0.96485889E+00
  0.12052341E+01 -0.95758745E+00
  0.12057974E+01 -0.95023832E+00
  0.12063607E+01 -0.94280561E+00
  0.12069239E+01 -0.93527140E+00
  0.12074872E+01 -0.92755888E+00
  0.12080504E+01 -0.91954863E+00
  0.12086137E+01 -0.91258039E+00
  0.12091769E+01 -0.90487728E+00
  0.12097402E+01 -0.89703665E+00
  0.12103035E+01 -0.88912362E+00
  0.12108667E+01 -0.88114243E+00
  0.12114300E+01 -0.87309311E+00
  0.12119932E+01 -0.86497551E+00
  0.12125565E+01 -0.85678958E+00
  0.12131197E+01 -0.84853536E+00
  0.12136830E+01 -0.84021289E+00
  0.12142463E+01 -0.83182205E+00
  0.12148095E+01 -0.82336270E+00
  0.12153728E+01 -0.81483499E+00
  0.12159360E+01 -0.80623963E+00
  0.12164993E+01 -0.79757754E+00
  0.12170625E+01 -0.78884949E+00
  0.12176258E+01 -0.78005603E+00
  0.12181891E+01 -0.77119759E+00
  0.12187523E+01 -0.76227459E+00
  0.12193156E+01 -0.75328744E+00
  0.12198788E+01 -0.74423657E+00
  0.12204421E+01 -0.73512237E+00
  0.12210053E+01 -0.72594522E+00
  0.12215686E+01 -0.71670539E+00
  0.12221319E+01 -0.70740307E+00
  0.12226951E+01 -0.69803831E+00
  0.12232584E+01 -0.68861098E+00
  0.12238216E+01 -0.67912077E+00
  0.12243849E+01 -0.66956716E+00
  0.12249481E+01 -0.65994951E+00
  0.12255114E+01 -0.65026712E+00
  0.12260747E+01 -0.64051931E+00
  0.12266379E+01 -0.63070563E+00
  0.12272012E+01 -0.62082589E+00
  0.12277644E+01 -0.61088032E+00
  0.12283277E+01 -0.60086956E+00
  0.12288909E+01 -0.59079457E+00
  0.12294542E+01 -0.58065661E+00
  0.12300174E+01 -0.57045708E+00
  0.12305807E+01 -0.56019740E+00
  0.12311440E+01 -0.54987899E+00
  0.12317072E+01 -0.53950317E+00
  0.12322705E+01 -0.52907116E+00
  0.12328337E+01 -0.51858409E+00
  0.12333970E+01 -0.50804296E+00
  0.12339602E+01 -0.49744859E+00
  0.12345235E+01 -0.48680147E+00
  0.12350868E+01 -0.47610160E+00
  0.12356500E+01 -0.46534850E+00
  0.12362133E+01 -0.45454197E+00
  0.12367765E+01 -0.44368291E+00
  0.12373398E+01 -0.43277293E+00
  0.12379030E+01 -0.42181325E+00
  0.12384663E+01 -0.41080413E+00
  0.12390296E+01 -0.39974505E+00
  0.12395928E+01 -0.38863498E+00
  0.12401561E+01 -0.37747263E+00
  0.12407193E+01 -0.36625644E+00
  0.12412826E+01 -0.35498423E+00
  0.12418458E+01 -0.34365200E+00
  0.12424091E+01 -0.33225109E+00
  0.12429724E+01 -0.32076188E+00
  0.12435356E+01 -0.30914269E+00
  0.12440989E+01 -0.29733076E+00
  0.12446621E+01 -0.28535651E+00
  0.12452254E+01 -0.27352759E+00
  0.12457886E+01 -0.26198870E+00
  0.12463519E+01 -0.25051470E+00
  0.12469152E+01 -0.23896813E+00
  0.12474784E+01 -0.22733136E+00
  0.12480417E+01 -0.21561618E+00
  0.12486049E+01 -0.20383480E+00
  0.12491682E+01 -0.19199582E+00
  0.12497314E+01 -0.18010494E+00
  0.12502947E+01 -0.16816597E+00
  0.12508580E+01 -0.15618157E+00
  0.12514212E+01 -0.14415365E+00
  0.12519845E+01 -0.13208363E+00
  0.12525477E+01 -0.11997264E+00
  0.12531110E+01 -0.10782155E+00
  0.12536742E+01 -0.95631034E-01
  0.12542375E+01 -0.83401564E-01
  0.12548008E+01 -0.71133335E-01
  0.12553640E+01 -0.58826107E-01
  0.12559273E+01 -0.46478801E-01
  0.12564905E+01 -0.34088385E-01
  0.12570538E+01 -0.21646327E-01
  0.12576170E+01 -0.91241015E-02
  0.12581803E+01  0.36170382E-02
  0.12587436E+01  0.18157976E-01
  0.12593068E+01  0.30198242E-01
  0.12598701E+01  0.40998635E-01
  0.12604333E+01  0.53402561E-01
  0.12609966E+01  0.65977117E-01
  0.12615598E+01  0.78611697E-01
  0.12621231E+01  0.91285046E-01
  0.12626864E+01  0.10399074E+00
  0.12632496E+01  0.11672617E+00
  0.12638129E+01  0.12949002E+00
  0.12643761E+01  0.14228151E+00
  0.12649394E+01  0.15510018E+00
  0.12655026E+01  0.16794569E+00
  0.12660659E+01  0.18081776E+00
  0.12666291E+01  0.19371576E+00
  0.12671924E+01  0.20663841E+00
  0.12677557E+01  0.21958339E+00
  0.12683189E+01  0.23254801E+00
  0.12688822E+01  0.24553050E+00
  0.12694454E+01  0.25853093E+00
  0.12700087E+01  0.27155036E+00
  0.12705719E+01  0.28458955E+00
  0.12711352E+01  0.29764817E+00
  0.12716985E+01  0.31072501E+00
  0.12722617E+01  0.32381850E+00
  0.12728250E+01  0.33692735E+00
  0.12733882E+01  0.35005081E+00
  0.12739515E+01  0.36318864E+00
  0.12745147E+01  0.37634081E+00
  0.12750780E+01  0.38950718E+00
  0.12756413E+01  0.40268738E+00
  0.12762045E+01  0.41588076E+00
  0.12767678E+01  0.42908651E+00
  0.12773310E+01  0.44230378E+00
  0.12778943E+01  0.45553178E+00
  0.12784575E+01  0.46876976E+00
  0.12790208E+01  0.48201704E+00
  0.12795841E+01  0.49527298E+00
  0.12801473E+01  0.50853693E+00
  0.12807106E+01  0.52180828E+00
  0.12812738E+01  0.53508639E+00
  0.12818371E+01  0.54837061E+00
  0.12824003E+01  0.56166027E+00
  0.12829636E+01  0.57495466E+00
  0.12835269E+01  0.58825301E+00
  0.12840901E+01  0.60155452E+00
  0.12846534E+01  0.61485824E+00
  0.12852166E+01  0.62816311E+00
  0.12857799E+01  0.64146791E+00
  0.12863431E+01  0.65477126E+00
  0.12869064E+01  0.66807178E+00
  0.12874697E+01  0.68136871E+00
  0.12880329E+01  0.69466311E+00
  0.12885962E+01  0.70795942E+00
  0.12891594E+01  0.72126476E+00
  0.12897227E+01  0.73458391E+00
  0.12902859E+01  0.74791451E+00
  0.12908492E+01  0.76124943E+00
  0.12914125E+01  0.77458227E+00
  0.12919757E+01  0.78790956E+00
  0.12925390E+01  0.80123002E+00
  0.12931022E+01  0.81454341E+00
  0.12936655E+01  0.82784978E+00
  0.12942287E+01  0.84114918E+00
  0.12947920E+01  0.85444160E+00
  0.12953553E+01  0.86772694E+00
  0.12959185E+01  0.88100499E+00
  0.12964818E+01  0.89427551E+00
  0.12970450E+01  0.90753820E+00
  0.12976083E+01  0.92079274E+00
  0.12981715E+01  0.93403877E+00
  0.12987348E+01  0.94727591E+00
  0.12992981E+01  0.96050377E+00
  0.12998613E+01  0.97372196E+00
  0.13004246E+01  0.98693007E+00
  0.13009878E+01  0.10001277E+01
  0.13015511E+01  0.10133145E+01
  0.13021143E+01  0.10264900E+01
  0.13026776E+01  0.10396541E+01
  0.13032408E+01  0.10528066E+01
  0.13038041E+01  0.10659473E+01
  0.13043674E+01  0.10790766E+01
  0.13049306E+01  0.10921948E+01
  0.13054939E+01  0.11053029E+01
  0.13060571E+01  0.11184025E+01
  0.13066204E+01  0.11314951E+01
  0.13071836E+01  0.11445796E+01
  0.13077469E+01  0.11576510E+01
  0.13083102E+01  0.11707106E+01
  0.13088734E+01  0.11837702E+01
  0.13094367E+01  0.11968351E+01
  0.13099999E+01  0.12098930E+01
  0.13105632E+01  0.12229033E+01
  0.13111264E+01  0.12358121E+01
  0.13116897E+01  0.12486227E+01
  0.13122530E+01  0.12614013E+01
  0.13128162E+01  0.12741942E+01
  0.13133795E+01  0.12870070E+01
  0.13139427E+01  0.12998304E+01
  0.13145060E+01  0.13126546E+01
  0.13150692E+01  0.13254726E+01
  0.13156325E+01  0.13382797E+01
  0.13161958E+01  0.13510727E+01
  0.13167590E+01  0.13638487E+01
  0.13173223E+01  0.13766050E+01
  0.13178855E+01  0.13893391E+01
  0.13184488E+01  0.14020510E+01
  0.13190120E+01  0.14147466E+01
  0.13195753E+01  0.14274316E+01
  0.13201386E+01  0.14401029E+01
  0.13207018E+01  0.14527548E+01
  0.13212651E+01  0.14653840E+01
  0.13218283E+01  0.14779895E+01
  0.13223916E+01  0.14905710E+01
  0.13229548E+01  0.15031283E+01
  0.13235181E+01  0.15156612E+01
  0.13240814E+01  0.15281695E+01
  0.13246446E+01  0.15406531E+01
  0.13252079E+01  0.15531117E+01
  0.13257711E+01  0.15655451E+01
  0.13263344E+01  0.15779534E+01
  0.13268976E+01  0.15903362E+01
  0.13274609E+01  0.16026936E+01
  0.13280242E+01  0.16150257E+01
  0.13285874E+01  0.16273324E+01
  0.13291507E+01  0.16396141E+01
  0.13297139E+01  0.16518710E+01
  0.13302772E+01  0.16641037E+01
  0.13308404E+01  0.16763131E+01
  0.13314037E+01  0.16885002E+01
  0.13319670E+01  0.17006664E+01
  0.13325302E+01  0.17128137E+01
  0.13330935E+01  0.17249441E+01
  0.13336567E+01  0.17370587E+01
  0.13342200E+01  0.17491559E+01
  0.13347832E+01  0.17612274E+01
  0.13353465E+01  0.17732552E+01
  0.13359098E+01  0.17852181E+01
  0.13364730E+01  0.17971079E+01
  0.13370363E+01  0.18089377E+01
  0.13375995E+01  0.18207291E+01
  0.13381628E+01  0.18324972E+01
  0.13387260E+01  0.18442477E+01
  0.13392893E+01  0.18559807E+01
  0.13398525E+01  0.18676942E+01
  0.13404158E+01  0.18793858E+01
  0.13409791E+01  0.18910537E+01
  0.13415423E+01  0.19026961E+01
  0.13421056E+01  0.19143121E+01
  0.13426688E+01  0.19259006E+01
  0.13432321E+01  0.19374611E+01
  0.13437953E+01  0.19489931E+01
  0.13443586E+01  0.19604963E+01
  0.13449219E+01  0.19719703E+01
  0.13454851E+01  0.19834148E+01
  0.13460484E+01  0.19948298E+01
  0.13466116E+01  0.20062151E+01
  0.13471749E+01  0.20175704E+01
  0.13477381E+01  0.20288958E+01
  0.13483014E+01  0.20401911E+01
  0.13488647E+01  0.20514563E+01
  0.13494279E+01  0.20626916E+01
  0.13499912E+01  0.20738969E+01
  0.13505544E+01  0.20850725E+01
  0.13511177E+01  0.20962184E+01
  0.13516809E+01  0.21073348E+01
  0.13522442E+01  0.21184216E+01
  0.13528075E+01  0.21294789E+01
  0.13533707E+01  0.21405067E+01
  0.13539340E+01  0.21515050E+01
  0.13544972E+01  0.21624736E+01
  0.13550605E+01  0.21734125E+01
  0.13556237E+01  0.21843212E+01
  0.13561870E+01  0.21951996E+01
  0.13567503E+01  0.22060474E+01
  0.13573135E+01  0.22168640E+01
  0.13578768E+01  0.22276491E+01
  0.13584400E+01  0.22384022E+01
  0.13590033E+01  0.22491229E+01
  0.13595665E+01  0.22598109E+01
  0.13601298E+01  0.22704661E+01
  0.13606931E+01  0.22810889E+01
  0.13612563E+01  0.22916798E+01
  0.13618196E+01  0.23022399E+01
  0.13623828E+01  0.23127706E+01
  0.13629461E+01  0.23232737E+01
  0.13635093E+01  0.23337511E+01
  0.13640726E+01  0.23442047E+01
  0.13646359E+01  0.23546358E+01
  0.13651991E+01  0.23650449E+01
  0.13657624E+01  0.23754320E+01
  0.13663256E+01  0.23857959E+01
  0.13668889E+01  0.23961351E+01
  0.13674521E+01  0.24064474E+01
  0.13680154E+01  0.24167306E+01
  0.13685787E+01  0.24269831E+01
  0.13691419E+01  0.24372051E+01
  0.13697052E+01  0.24473981E+01
  0.13702684E+01  0.24575641E+01
  0.13708317E+01  0.24677046E+01
  0.13713949E+01  0.24778206E+01
  0.13719582E+01  0.24879123E+01
  0.13725215E+01  0.24979794E+01
  0.13730847E+01  0.25080219E+01
  0.13736480E+01  0.25180396E+01
  0.13742112E+01  0.25280324E+01
  0.13747745E+01  0.25380003E+01
  0.13753377E+01  0.25479434E+01
  0.13759010E+01  0.25578616E+01
  0.13764642E+01  0.25677552E+01
  0.13770275E+01  0.25776241E+01
  0.13775908E+01  0.25874687E+01
  0.13781540E+01  0.25972890E+01
  0.13787173E+01  0.26070852E+01
  0.13792805E+01  0.26168575E+01
  0.13798438E+01  0.26266060E+01
  0.13804070E+01  0.26363311E+01
  0.13809703E+01  0.26460327E+01
  0.13815336E+01  0.26557113E+01
  0.13820968E+01  0.26653669E+01
  0.13826601E+01  0.26749998E+01
  0.13832233E+01  0.26846101E+01
  0.13837866E+01  0.26941981E+01
  0.13843498E+01  0.27037641E+01
  0.13849131E+01  0.27133082E+01
  0.13854764E+01  0.27228306E+01
  0.13860396E+01  0.27323317E+01
  0.13866029E+01  0.27418115E+01
  0.13871661E+01  0.27512705E+01
  0.13877294E+01  0.27607088E+01
  0.13882926E+01  0.27701266E+01
  0.13888559E+01  0.27795243E+01
  0.13894192E+01  0.27889021E+01
  0.13899824E+01  0.27982603E+01
  0.13905457E+01  0.28075990E+01
  0.13911089E+01  0.28169187E+01
  0.13916722E+01  0.28262195E+01
  0.13922354E+01  0.28355018E+01
  0.13927987E+01  0.28447658E+01
  0.13933620E+01  0.28540118E+01
  0.13939252E+01  0.28632401E+01
  0.13944885E+01  0.28724509E+01
  0.13950517E+01  0.28816446E+01
  0.13956150E+01  0.28908215E+01
  0.13961782E+01  0.28999817E+01
  0.13967415E+01  0.29091256E+01
  0.13973048E+01  0.29182535E+01
  0.13978680E+01  0.29273656E+01
  0.13984313E+01  0.29364622E+01
  0.13989945E+01  0.29455435E+01
  0.13995578E+01  0.29546098E+01
  0.14001210E+01  0.29636613E+01
  0.14006843E+01  0.29726982E+01
  0.14012476E+01  0.29817208E+01
  0.14018108E+01  0.29907292E+01
  0.14023741E+01  0.29997236E+01
  0.14029373E+01  0.30087041E+01
  0.14035006E+01  0.30176709E+01
  0.14040638E+01  0.30266241E+01
  0.14046271E+01  0.30355636E+01
  0.14051904E+01  0.30444895E+01
  0.14057536E+01  0.30534019E+01
  0.14063169E+01  0.30623007E+01
  0.14068801E+01  0.30711861E+01
  0.14074434E+01  0.30800579E+01
  0.14080066E+01  0.30889166E+01
  0.14085699E+01  0.30977621E+01
  0.14091332E+01  0.31065950E+01
  0.14096964E+01  0.31154157E+01
  0.14102597E+01  0.31242245E+01
  0.14108229E+01  0.31330218E+01
  0.14113862E+01  0.31418081E+01
  0.14119494E+01  0.31505833E+01
  0.14125127E+01  0.31593475E+01
  0.14130759E+01  0.31681007E+01
  0.14136392E+01  0.31768426E+01
  0.14142025E+01  0.31855733E+01
  0.14147657E+01  0.31942927E+01
  0.14153290E+01  0.32030010E+01
  0.14158922E+01  0.32116984E+01
  0.14164555E+01  0.32203851E+01
  0.14170187E+01  0.32290614E+01
  0.14175820E+01  0.32377275E+01
  0.14181453E+01  0.32463839E+01
  0.14187085E+01  0.32550306E+01
  0.14192718E+01  0.32636681E+01
  0.14198350E+01  0.32722964E+01
  0.14203983E+01  0.32809157E+01
  0.14209615E+01  0.32895261E+01
  0.14215248E+01  0.32981277E+01
  0.14220881E+01  0.33067205E+01
  0.14226513E+01  0.33153042E+01
  0.14232146E+01  0.33238786E+01
  0.14237778E+01  0.33324431E+01
  0.14243411E+01  0.33409962E+01
  0.14249043E+01  0.33495330E+01
  0.14254676E+01  0.33580376E+01
  0.14260309E+01  0.33664978E+01
  0.14265941E+01  0.33750686E+01
  0.14271574E+01  0.33836312E+01
  0.14277206E+01  0.33921541E+01
  0.14282839E+01  0.34006593E+01
  0.14288471E+01  0.34091543E+01
  0.14294104E+01  0.34176430E+01
  0.14299737E+01  0.34261283E+01
  0.14305369E+01  0.34346130E+01
  0.14311002E+01  0.34431000E+01
  0.14316634E+01  0.34515917E+01
  0.14322267E+01  0.34600896E+01
  0.14327899E+01  0.34685940E+01
  0.14333532E+01  0.34771043E+01
  0.14339165E+01  0.34856183E+01
  0.14344797E+01  0.34941335E+01
  0.14350430E+01  0.35026472E+01
  0.14356062E+01  0.35111568E+01
  0.14361695E+01  0.35196603E+01
  0.14367327E+01  0.35281563E+01
  0.14372960E+01  0.35366438E+01
  0.14378593E+01  0.35451223E+01
  0.14384225E+01  0.35535916E+01
  0.14389858E+01  0.35620516E+01
  0.14395490E+01  0.35705025E+01
  0.14401123E+01  0.35789444E+01
  0.14406755E+01  0.35873776E+01
  0.14412388E+01  0.35958021E+01
  0.14418021E+01  0.36042183E+01
  0.14423653E+01  0.36126261E+01
  0.14429286E+01  0.36210258E+01
  0.14434918E+01  0.36294174E+01
  0.14440551E+01  0.36378010E+01
  0.14446183E+01  0.36461765E+01
  0.14451816E+01  0.36545439E+01
  0.14457448E+01  0.36629033E+01
  0.14463081E+01  0.36712545E+01
  0.14468714E+01  0.36795975E+01
  0.14474346E+01  0.36879321E+01
  0.14479979E+01  0.36962582E+01
  0.14485611E+01  0.37045757E+01
  0.14491244E+01  0.37128845E+01
  0.14496876E+01  0.37211842E+01
  0.14502509E+01  0.37294747E+01
  0.14508142E+01  0.37377558E+01
  0.14513774E+01  0.37460273E+01
  0.14519407E+01  0.37542887E+01
  0.14525039E+01  0.37625398E+01
  0.14530672E+01  0.37707801E+01
  0.14536304E+01  0.37790092E+01
  0.14541937E+01  0.37872266E+01
  0.14547570E+01  0.37954325E+01
  0.14553202E+01  0.38036278E+01
  0.14558835E+01  0.38118141E+01
  0.14564467E+01  0.38199914E+01
  0.14570100E+01  0.38281578E+01
  0.14575732E+01  0.38363117E+01
  0.14581365E+01  0.38444522E+01
  0.14586998E+01  0.38525791E+01
  0.14592630E+01  0.38606921E+01
  0.14598263E+01  0.38687913E+01
  0.14603895E+01  0.38768764E+01
  0.14609528E+01  0.38849475E+01
  0.14615160E+01  0.38930043E+01
  0.14620793E+01  0.39010470E+01
  0.14626426E+01  0.39090757E+01
  0.14632058E+01  0.39170909E+01
  0.14637691E+01  0.39250933E+01
  0.14643323E+01  0.39330844E+01
  0.14648956E+01  0.39410669E+01
  0.14654588E+01  0.39490466E+01
  0.14660221E+01  0.39570356E+01
  0.14665854E+01  0.39650621E+01
  0.14671486E+01  0.39731926E+01
  0.14677119E+01  0.39815774E+01
  0.14682751E+01  0.39903725E+01
  0.14688384E+01  0.39986896E+01
  0.14694016E+01  0.40056249E+01
  0.14699649E+01  0.40125913E+01
  0.14705282E+01  0.40199056E+01
  0.14710914E+01  0.40273953E+01
  0.14716547E+01  0.40349557E+01
  0.14722179E+01  0.40425392E+01
  0.14727812E+01  0.40501234E+01
  0.14733444E+01  0.40576968E+01
  0.14739077E+01  0.40652527E+01
  0.14744710E+01  0.40727873E+01
  0.14750342E+01  0.40802978E+01
  0.14755975E+01  0.40877822E+01
  0.14761607E+01  0.40952391E+01
  0.14767240E+01  0.41026672E+01
  0.14772872E+01  0.41100653E+01
  0.14778505E+01  0.41174326E+01
  0.14784138E+01  0.41247682E+01
  0.14789770E+01  0.41320711E+01
  0.14795403E+01  0.41393406E+01
  0.14801035E+01  0.41465759E+01
  0.14806668E+01  0.41537761E+01
  0.14812300E+01  0.41609405E+01
  0.14817933E+01  0.41680684E+01
  0.14823565E+01  0.41751589E+01
  0.14829198E+01  0.41822113E+01
  0.14834831E+01  0.41892248E+01
  0.14840463E+01  0.41961986E+01
  0.14846096E+01  0.42031320E+01
  0.14851728E+01  0.42100242E+01
  0.14857361E+01  0.42168744E+01
  0.14862993E+01  0.42236818E+01
  0.14868626E+01  0.42304456E+01
  0.14874259E+01  0.42371651E+01
  0.14879891E+01  0.42438393E+01
  0.14885524E+01  0.42504676E+01
  0.14891156E+01  0.42570491E+01
  0.14896789E+01  0.42635831E+01
  0.14902421E+01  0.42700686E+01
  0.14908054E+01  0.42765049E+01
  0.14913687E+01  0.42828912E+01
  0.14919319E+01  0.42892266E+01
  0.14924952E+01  0.42955104E+01
  0.14930584E+01  0.43017416E+01
  0.14936217E+01  0.43079196E+01
  0.14941849E+01  0.43140434E+01
  0.14947482E+01  0.43201123E+01
  0.14953115E+01  0.43261255E+01
  0.14958747E+01  0.43320820E+01
  0.14964380E+01  0.43379812E+01
  0.14970012E+01  0.43438221E+01
  0.14975645E+01  0.43496040E+01
  0.14981277E+01  0.43553261E+01
  0.14986910E+01  0.43609875E+01
  0.14992543E+01  0.43665875E+01
  0.14998175E+01  0.43721253E+01
  0.15003808E+01  0.43776000E+01
  0.15009440E+01  0.43830109E+01
  0.15015073E+01  0.43883573E+01
  0.15020705E+01  0.43936382E+01
  0.15026338E+01  0.43988530E+01
  0.15031971E+01  0.44040008E+01
  0.15037603E+01  0.44090810E+01
  0.15043236E+01  0.44140927E+01
  0.15048868E+01  0.44190352E+01
  0.15054501E+01  0.44239077E+01
  0.15060133E+01  0.44287095E+01
  0.15065766E+01  0.44334399E+01
  0.15071399E+01  0.44380980E+01
  0.15077031E+01  0.44426832E+01
  0.15082664E+01  0.44471948E+01
  0.15088296E+01  0.44516319E+01
  0.15093929E+01  0.44559939E+01
  0.15099561E+01  0.44602801E+01
  0.15105194E+01  0.44644897E+01
  0.15110827E+01  0.44686221E+01
  0.15116459E+01  0.44726766E+01
  0.15122092E+01  0.44766526E+01
  0.15127724E+01  0.44805494E+01
  0.15133357E+01  0.44843666E+01
  0.15138989E+01  0.44881036E+01
  0.15144622E+01  0.44917599E+01
  0.15150255E+01  0.44953350E+01
  0.15155887E+01  0.44988283E+01
  0.15161520E+01  0.45022395E+01
  0.15167152E+01  0.45055680E+01
  0.15172785E+01  0.45088132E+01
  0.15178417E+01  0.45119747E+01
  0.15184050E+01  0.45150517E+01
  0.15189682E+01  0.45180438E+01
  0.15195315E+01  0.45209505E+01
  0.15200948E+01  0.45237711E+01
  0.15206580E+01  0.45265051E+01
  0.15212213E+01  0.45291518E+01
  0.15217845E+01  0.45317108E+01
  0.15223478E+01  0.45341810E+01
  0.15229110E+01  0.45365615E+01
  0.15234743E+01  0.45388510E+01
  0.15240376E+01  0.45410478E+01
  0.15246008E+01  0.45431499E+01
  0.15251641E+01  0.45451552E+01
  0.15257273E+01  0.45470626E+01
  0.15262906E+01  0.45488723E+01
  0.15268538E+01  0.45505871E+01
  0.15274171E+01  0.45522105E+01
  0.15279804E+01  0.45537458E+01
  0.15285436E+01  0.45551941E+01
  0.15291069E+01  0.45565547E+01
  0.15296701E+01  0.45578261E+01
  0.15302334E+01  0.45590065E+01
  0.15307966E+01  0.45600945E+01
  0.15313599E+01  0.45610891E+01
  0.15319232E+01  0.45619895E+01
  0.15324864E+01  0.45627951E+01
  0.15330497E+01  0.45635055E+01
  0.15336129E+01  0.45641203E+01
  0.15341762E+01  0.45646393E+01
  0.15347394E+01  0.45650622E+01
  0.15353027E+01  0.45653890E+01
  0.15358660E+01  0.45656195E+01
  0.15364292E+01  0.45657535E+01
  0.15369925E+01  0.45657910E+01
  0.15375557E+01  0.45657319E+01
  0.15381190E+01  0.45655761E+01
  0.15386822E+01  0.45653236E+01
  0.15392456E+01  0.45649743E+01
  
