  0.00000000E+00  0.45547540E+01
  0.56340304E-03  0.45548514E+01
  0.11268061E-02  0.45548533E+01
  0.16902091E-02  0.45547595E+01
  0.22536122E-02  0.45545698E+01
  0.28170152E-02  0.45542840E+01
  0.33804183E-02  0.45539021E+01
  0.39438213E-02  0.45534237E+01
  0.45072244E-02  0.45528490E+01
  0.50706274E-02  0.45521778E+01
  0.56340304E-02  0.45514102E+01
  0.61974335E-02  0.45505461E+01
  0.67608365E-02  0.45495856E+01
  0.73242396E-02  0.45485288E+01
  0.78876426E-02  0.45473755E+01
  0.84510457E-02  0.45461261E+01
  0.90144487E-02  0.45447805E+01
  0.95778518E-02  0.45433388E+01
  0.10141255E-01  0.45418012E+01
  0.10704658E-01  0.45401678E+01
  0.11268061E-01  0.45384388E+01
  0.11831464E-01  0.45366143E+01
  0.12394867E-01  0.45346945E+01
  0.12958270E-01  0.45326796E+01
  0.13521673E-01  0.45305699E+01
  0.14085076E-01  0.45283656E+01
  0.14648479E-01  0.45260669E+01
  0.15211882E-01  0.45236742E+01
  0.15775285E-01  0.45211876E+01
  0.16338688E-01  0.45186075E+01
  0.16902091E-01  0.45159342E+01
  0.17465494E-01  0.45131680E+01
  0.18028897E-01  0.45103092E+01
  0.18592300E-01  0.45073582E+01
  0.19155704E-01  0.45043154E+01
  0.19719107E-01  0.45011811E+01
  0.20282510E-01  0.44979557E+01
  0.20845913E-01  0.44946396E+01
  0.21409316E-01  0.44912332E+01
  0.21972719E-01  0.44877370E+01
  0.22536122E-01  0.44841513E+01
  0.23099525E-01  0.44804767E+01
  0.23662928E-01  0.44767135E+01
  0.24226331E-01  0.44728622E+01
  0.24789734E-01  0.44689234E+01
  0.25353137E-01  0.44648976E+01
  0.25916540E-01  0.44607851E+01
  0.26479943E-01  0.44565867E+01
  0.27043346E-01  0.44523027E+01
  0.27606749E-01  0.44479338E+01
  0.28170152E-01  0.44434806E+01
  0.28733555E-01  0.44389434E+01
  0.29296958E-01  0.44343231E+01
  0.29860361E-01  0.44296201E+01
  0.30423764E-01  0.44248351E+01
  0.30987167E-01  0.44199686E+01
  0.31550571E-01  0.44150214E+01
  0.32113974E-01  0.44099940E+01
  0.32677377E-01  0.44048870E+01
  0.33240780E-01  0.43997012E+01
  0.33804183E-01  0.43944371E+01
  0.34367586E-01  0.43890956E+01
  0.34930989E-01  0.43836771E+01
  0.35494392E-01  0.43781825E+01
  0.36057795E-01  0.43726124E+01
  0.36621198E-01  0.43669675E+01
  0.37184601E-01  0.43612486E+01
  0.37748004E-01  0.43554563E+01
  0.38311407E-01  0.43495913E+01
  0.38874810E-01  0.43436545E+01
  0.39438213E-01  0.43376465E+01
  0.40001616E-01  0.43315681E+01
  0.40565019E-01  0.43254200E+01
  0.41128422E-01  0.43192030E+01
  0.41691825E-01  0.43129179E+01
  0.42255228E-01  0.43065653E+01
  0.42818631E-01  0.43001461E+01
  0.43382034E-01  0.42936611E+01
  0.43945437E-01  0.42871110E+01
  0.44508841E-01  0.42804966E+01
  0.45072244E-01  0.42738187E+01
  0.45635647E-01  0.42670781E+01
  0.46199050E-01  0.42602756E+01
  0.46762453E-01  0.42534120E+01
  0.47325856E-01  0.42464880E+01
  0.47889259E-01  0.42395045E+01
  0.48452662E-01  0.42324623E+01
  0.49016065E-01  0.42253622E+01
  0.49579468E-01  0.42182051E+01
  0.50142871E-01  0.42109916E+01
  0.50706274E-01  0.42037227E+01
  0.51269677E-01  0.41963992E+01
  0.51833080E-01  0.41890219E+01
  0.52396483E-01  0.41815915E+01
  0.52959886E-01  0.41741091E+01
  0.53523289E-01  0.41665753E+01
  0.54086692E-01  0.41589910E+01
  0.54650095E-01  0.41513571E+01
  0.55213498E-01  0.41436744E+01
  0.55776901E-01  0.41359438E+01
  0.56340304E-01  0.41281660E+01
  0.56903708E-01  0.41203419E+01
  0.57467111E-01  0.41124725E+01
  0.58030514E-01  0.41045585E+01
  0.58593917E-01  0.40966008E+01
  0.59157320E-01  0.40886003E+01
  0.59720723E-01  0.40805579E+01
  0.60284126E-01  0.40724745E+01
  0.60847529E-01  0.40643510E+01
  0.61410932E-01  0.40561885E+01
  0.61974335E-01  0.40479879E+01
  0.62537738E-01  0.40397504E+01
  0.63101141E-01  0.40314772E+01
  0.63664544E-01  0.40231699E+01
  0.64227947E-01  0.40148301E+01
  0.64791350E-01  0.40064603E+01
  0.65354753E-01  0.39980638E+01
  0.65918156E-01  0.39896457E+01
  0.66481559E-01  0.39812144E+01
  0.67044962E-01  0.39727848E+01
  0.67608365E-01  0.39643858E+01
  0.68171768E-01  0.39560748E+01
  0.68735171E-01  0.39479525E+01
  0.69298575E-01  0.39400418E+01
  0.69861978E-01  0.39316773E+01
  0.70425381E-01  0.39222866E+01
  0.70988784E-01  0.39128094E+01
  0.71552187E-01  0.39036071E+01
  0.72115590E-01  0.38945751E+01
  0.72678993E-01  0.38856257E+01
  0.73242396E-01  0.38767187E+01
  0.73805799E-01  0.38678338E+01
  0.74369202E-01  0.38589557E+01
  0.74932605E-01  0.38500708E+01
  0.75496008E-01  0.38411698E+01
  0.76059411E-01  0.38322477E+01
  0.76622814E-01  0.38233031E+01
  0.77186217E-01  0.38143361E+01
  0.77749620E-01  0.38053477E+01
  0.78313023E-01  0.37963390E+01
  0.78876426E-01  0.37873114E+01
  0.79439829E-01  0.37782663E+01
  0.80003232E-01  0.37692052E+01
  0.80566635E-01  0.37601297E+01
  0.81130038E-01  0.37510421E+01
  0.81693441E-01  0.37419442E+01
  0.82256845E-01  0.37328361E+01
  0.82820248E-01  0.37237108E+01
  0.83383651E-01  0.37145532E+01
  0.83947054E-01  0.37053583E+01
  0.84510457E-01  0.36961414E+01
  0.85073860E-01  0.36869163E+01
  0.85637263E-01  0.36776866E+01
  0.86200666E-01  0.36684514E+01
  0.86764069E-01  0.36592092E+01
  0.87327472E-01  0.36499592E+01
  0.87890875E-01  0.36407009E+01
  0.88454278E-01  0.36314343E+01
  0.89017681E-01  0.36221594E+01
  0.89581084E-01  0.36128764E+01
  0.90144487E-01  0.36035856E+01
  0.90707890E-01  0.35942874E+01
  0.91271293E-01  0.35849820E+01
  0.91834696E-01  0.35756700E+01
  0.92398099E-01  0.35663516E+01
  0.92961502E-01  0.35570274E+01
  0.93524905E-01  0.35476976E+01
  0.94088308E-01  0.35383628E+01
  0.94651712E-01  0.35290234E+01
  0.95215115E-01  0.35196798E+01
  0.95778518E-01  0.35103325E+01
  0.96341921E-01  0.35009820E+01
  0.96905324E-01  0.34916287E+01
  0.97468727E-01  0.34822731E+01
  0.98032130E-01  0.34729156E+01
  0.98595533E-01  0.34635568E+01
  0.99158936E-01  0.34541971E+01
  0.99722339E-01  0.34448369E+01
  0.10028574E+00  0.34354767E+01
  0.10084915E+00  0.34261168E+01
  0.10141255E+00  0.34167578E+01
  0.10197595E+00  0.34073998E+01
  0.10253935E+00  0.33980433E+01
  0.10310276E+00  0.33886885E+01
  0.10366616E+00  0.33793358E+01
  0.10422956E+00  0.33699853E+01
  0.10479297E+00  0.33606372E+01
  0.10535637E+00  0.33512917E+01
  0.10591977E+00  0.33419489E+01
  0.10648318E+00  0.33326087E+01
  0.10704658E+00  0.33232712E+01
  0.10760998E+00  0.33139363E+01
  0.10817338E+00  0.33046036E+01
  0.10873679E+00  0.32952729E+01
  0.10930019E+00  0.32859435E+01
  0.10986359E+00  0.32766148E+01
  0.11042700E+00  0.32672857E+01
  0.11099040E+00  0.32579548E+01
  0.11155380E+00  0.32486206E+01
  0.11211721E+00  0.32392815E+01
  0.11268061E+00  0.32299371E+01
  0.11324401E+00  0.32205893E+01
  0.11380742E+00  0.32112449E+01
  0.11437082E+00  0.32019169E+01
  0.11493422E+00  0.31926210E+01
  0.11549762E+00  0.31833670E+01
  0.11606103E+00  0.31741514E+01
  0.11662443E+00  0.31649612E+01
  0.11718783E+00  0.31557827E+01
  0.11775124E+00  0.31466071E+01
  0.11831464E+00  0.31374303E+01
  0.11887804E+00  0.31282514E+01
  0.11944145E+00  0.31190713E+01
  0.12000485E+00  0.31098912E+01
  0.12056825E+00  0.31007121E+01
  0.12113165E+00  0.30915354E+01
  0.12169506E+00  0.30823619E+01
  0.12225846E+00  0.30731925E+01
  0.12282186E+00  0.30640280E+01
  0.12338527E+00  0.30548690E+01
  0.12394867E+00  0.30457165E+01
  0.12451207E+00  0.30365713E+01
  0.12507548E+00  0.30274347E+01
  0.12563888E+00  0.30183081E+01
  0.12620228E+00  0.30091932E+01
  0.12676569E+00  0.30000920E+01
  0.12732909E+00  0.29910065E+01
  0.12789249E+00  0.29819385E+01
  0.12845589E+00  0.29728895E+01
  0.12901930E+00  0.29638604E+01
  0.12958270E+00  0.29548510E+01
  0.13014610E+00  0.29458609E+01
  0.13070951E+00  0.29368886E+01
  0.13127291E+00  0.29279324E+01
  0.13183631E+00  0.29189902E+01
  0.13239972E+00  0.29100594E+01
  0.13296312E+00  0.29011373E+01
  0.13352652E+00  0.28922203E+01
  0.13408992E+00  0.28833043E+01
  0.13465333E+00  0.28743847E+01
  0.13521673E+00  0.28654563E+01
  0.13578013E+00  0.28565136E+01
  0.13634354E+00  0.28475515E+01
  0.13690694E+00  0.28385656E+01
  0.13747034E+00  0.28295529E+01
  0.13803375E+00  0.28205120E+01
  0.13859715E+00  0.28114437E+01
  0.13916055E+00  0.28023502E+01
  0.13972396E+00  0.27932357E+01
  0.14028736E+00  0.27841048E+01
  0.14085076E+00  0.27749629E+01
  0.14141416E+00  0.27658151E+01
  0.14197757E+00  0.27566661E+01
  0.14254097E+00  0.27475198E+01
  0.14310437E+00  0.27383793E+01
  0.14366778E+00  0.27292470E+01
  0.14423118E+00  0.27201245E+01
  0.14479458E+00  0.27110129E+01
  0.14535799E+00  0.27019126E+01
  0.14592139E+00  0.26928239E+01
  0.14648479E+00  0.26837468E+01
  0.14704819E+00  0.26746809E+01
  0.14761160E+00  0.26656260E+01
  0.14817500E+00  0.26565816E+01
  0.14873840E+00  0.26475472E+01
  0.14930181E+00  0.26385224E+01
  0.14986521E+00  0.26295067E+01
  0.15042861E+00  0.26204996E+01
  0.15099202E+00  0.26115007E+01
  0.15155542E+00  0.26025096E+01
  0.15211882E+00  0.25935259E+01
  0.15268223E+00  0.25845492E+01
  0.15324563E+00  0.25755792E+01
  0.15380903E+00  0.25666155E+01
  0.15437243E+00  0.25576579E+01
  0.15493584E+00  0.25487061E+01
  0.15549924E+00  0.25397599E+01
  0.15606264E+00  0.25308189E+01
  0.15662605E+00  0.25218830E+01
  0.15718945E+00  0.25129520E+01
  0.15775285E+00  0.25040257E+01
  0.15831626E+00  0.24951040E+01
  0.15887966E+00  0.24861869E+01
  0.15944306E+00  0.24772741E+01
  0.16000646E+00  0.24683657E+01
  0.16056987E+00  0.24594617E+01
  0.16113327E+00  0.24505620E+01
  0.16169667E+00  0.24416666E+01
  0.16226008E+00  0.24327757E+01
  0.16282348E+00  0.24238891E+01
  0.16338688E+00  0.24150069E+01
  0.16395029E+00  0.24061290E+01
  0.16451369E+00  0.23972556E+01
  0.16507709E+00  0.23883864E+01
  0.16564050E+00  0.23795214E+01
  0.16620390E+00  0.23706604E+01
  0.16676730E+00  0.23618033E+01
  0.16733070E+00  0.23529498E+01
  0.16789411E+00  0.23440997E+01
  0.16845751E+00  0.23352524E+01
  0.16902091E+00  0.23264078E+01
  0.16958432E+00  0.23175653E+01
  0.17014772E+00  0.23087246E+01
  0.17071112E+00  0.22998855E+01
  0.17127453E+00  0.22910477E+01
  0.17183793E+00  0.22822115E+01
  0.17240133E+00  0.22733770E+01
  0.17296473E+00  0.22645447E+01
  0.17352814E+00  0.22557151E+01
  0.17409154E+00  0.22468890E+01
  0.17465494E+00  0.22380671E+01
  0.17521835E+00  0.22292502E+01
  0.17578175E+00  0.22204390E+01
  0.17634515E+00  0.22116344E+01
  0.17690856E+00  0.22028374E+01
  0.17747196E+00  0.21940488E+01
  0.17803536E+00  0.21852698E+01
  0.17859877E+00  0.21765009E+01
  0.17916217E+00  0.21677412E+01
  0.17972557E+00  0.21589866E+01
  0.18028897E+00  0.21502269E+01
  0.18085238E+00  0.21414474E+01
  0.18141578E+00  0.21326384E+01
  0.18197918E+00  0.21238066E+01
  0.18254259E+00  0.21149697E+01
  0.18310599E+00  0.21061424E+01
  0.18366939E+00  0.20973303E+01
  0.18423280E+00  0.20885330E+01
  0.18479620E+00  0.20797482E+01
  0.18535960E+00  0.20709731E+01
  0.18592300E+00  0.20622056E+01
  0.18648641E+00  0.20534440E+01
  0.18704981E+00  0.20446866E+01
  0.18761321E+00  0.20359320E+01
  0.18817662E+00  0.20271783E+01
  0.18874002E+00  0.20184234E+01
  0.18930342E+00  0.20096642E+01
  0.18986683E+00  0.20008961E+01
  0.19043023E+00  0.19921130E+01
  0.19099363E+00  0.19833082E+01
  0.19155704E+00  0.19744777E+01
  0.19212044E+00  0.19656319E+01
  0.19268384E+00  0.19568081E+01
  0.19324724E+00  0.19480573E+01
  0.19381065E+00  0.19393975E+01
  0.19437405E+00  0.19307980E+01
  0.19493745E+00  0.19222186E+01
  0.19550086E+00  0.19136367E+01
  0.19606426E+00  0.19050455E+01
  0.19662766E+00  0.18964457E+01
  0.19719107E+00  0.18878400E+01
  0.19775447E+00  0.18792312E+01
  0.19831787E+00  0.18706215E+01
  0.19888127E+00  0.18620128E+01
  0.19944468E+00  0.18534063E+01
  0.20000808E+00  0.18448029E+01
  0.20057148E+00  0.18362030E+01
  0.20113489E+00  0.18276070E+01
  0.20169829E+00  0.18190149E+01
  0.20226169E+00  0.18104261E+01
  0.20282510E+00  0.18018398E+01
  0.20338850E+00  0.17932547E+01
  0.20395190E+00  0.17846692E+01
  0.20451531E+00  0.17760815E+01
  0.20507871E+00  0.17674910E+01
  0.20564211E+00  0.17589002E+01
  0.20620551E+00  0.17503171E+01
  0.20676892E+00  0.17417550E+01
  0.20733232E+00  0.17332264E+01
  0.20789572E+00  0.17247341E+01
  0.20845913E+00  0.17162694E+01
  0.20902253E+00  0.17078197E+01
  0.20958593E+00  0.16993762E+01
  0.21014934E+00  0.16909349E+01
  0.21071274E+00  0.16824953E+01
  0.21127614E+00  0.16740585E+01
  0.21183954E+00  0.16656262E+01
  0.21240295E+00  0.16571998E+01
  0.21296635E+00  0.16487806E+01
  0.21352975E+00  0.16403696E+01
  0.21409316E+00  0.16319676E+01
  0.21465656E+00  0.16235751E+01
  0.21521996E+00  0.16151927E+01
  0.21578337E+00  0.16068206E+01
  0.21634677E+00  0.15984592E+01
  0.21691017E+00  0.15901086E+01
  0.21747358E+00  0.15817692E+01
  0.21803698E+00  0.15734409E+01
  0.21860038E+00  0.15651240E+01
  0.21916378E+00  0.15568186E+01
  0.21972719E+00  0.15485248E+01
  0.22029059E+00  0.15402428E+01
  0.22085399E+00  0.15319725E+01
  0.22141740E+00  0.15237141E+01
  0.22198080E+00  0.15154677E+01
  0.22254420E+00  0.15072331E+01
  0.22310761E+00  0.14990103E+01
  0.22367101E+00  0.14907991E+01
  0.22423441E+00  0.14825993E+01
  0.22479781E+00  0.14744104E+01
  0.22536122E+00  0.14662316E+01
  0.22592462E+00  0.14580620E+01
  0.22648802E+00  0.14499001E+01
  0.22705143E+00  0.14417436E+01
  0.22761483E+00  0.14335892E+01
  0.22817823E+00  0.14254317E+01
  0.22874164E+00  0.14172633E+01
  0.22930504E+00  0.14090725E+01
  0.22986844E+00  0.14008437E+01
  0.23043185E+00  0.13925640E+01
  0.23099525E+00  0.13842469E+01
  0.23155865E+00  0.13759715E+01
  0.23212205E+00  0.13678518E+01
  0.23268546E+00  0.13598950E+01
  0.23324886E+00  0.13519992E+01
  0.23381226E+00  0.13440895E+01
  0.23437567E+00  0.13361458E+01
  0.23493907E+00  0.13281571E+01
  0.23550247E+00  0.13200951E+01
  0.23606588E+00  0.13119284E+01
  0.23662928E+00  0.13036613E+01
  0.23719268E+00  0.12953965E+01
  0.23775608E+00  0.12873709E+01
  0.23831949E+00  0.12797960E+01
  0.23888289E+00  0.12726024E+01
  0.23944629E+00  0.12655335E+01
  0.24000970E+00  0.12584109E+01
  0.24057310E+00  0.12511864E+01
  0.24113650E+00  0.12438738E+01
  0.24169991E+00  0.12365007E+01
  0.24226331E+00  0.12290912E+01
  0.24282671E+00  0.12216634E+01
  0.24339012E+00  0.12142299E+01
  0.24395352E+00  0.12067996E+01
  0.24451692E+00  0.11993785E+01
  0.24508032E+00  0.11919708E+01
  0.24564373E+00  0.11845792E+01
  0.24620713E+00  0.11772051E+01
  0.24677053E+00  0.11698486E+01
  0.24733394E+00  0.11625088E+01
  0.24789734E+00  0.11551838E+01
  0.24846074E+00  0.11478708E+01
  0.24902415E+00  0.11405664E+01
  0.24958755E+00  0.11332665E+01
  0.25015095E+00  0.11259650E+01
  0.25071435E+00  0.11186520E+01
  0.25127776E+00  0.11113160E+01
  0.25184116E+00  0.11039511E+01
  0.25240456E+00  0.10965666E+01
  0.25296797E+00  0.10891852E+01
  0.25353137E+00  0.10818316E+01
  0.25409477E+00  0.10745247E+01
  0.25465818E+00  0.10672756E+01
  0.25522158E+00  0.10600902E+01
  0.25578498E+00  0.10529699E+01
  0.25634839E+00  0.10459125E+01
  0.25691179E+00  0.10389129E+01
  0.25747519E+00  0.10319640E+01
  0.25803859E+00  0.10250582E+01
  0.25860200E+00  0.10181883E+01
  0.25916540E+00  0.10113487E+01
  0.25972880E+00  0.10045355E+01
  0.26029221E+00  0.99774633E+00
  0.26085561E+00  0.99098046E+00
  0.26141901E+00  0.98423827E+00
  0.26198242E+00  0.97752131E+00
  0.26254582E+00  0.97083248E+00
  0.26310922E+00  0.96417674E+00
  0.26367262E+00  0.95756287E+00
  0.26423603E+00  0.95100722E+00
  0.26479943E+00  0.94454093E+00
  0.26536283E+00  0.93821166E+00
  0.26592624E+00  0.93198982E+00
  0.26648964E+00  0.92548895E+00
  0.26705304E+00  0.91858318E+00
  0.26761645E+00  0.91174483E+00
  0.26817985E+00  0.90508039E+00
  0.26874325E+00  0.89852900E+00
  0.26930666E+00  0.89204742E+00
  0.26987006E+00  0.88561466E+00
  0.27043346E+00  0.87922079E+00
  0.27099686E+00  0.87286097E+00
  0.27156027E+00  0.86653282E+00
  0.27212367E+00  0.86023530E+00
  0.27268707E+00  0.85396811E+00
  0.27325048E+00  0.84773147E+00
  0.27381388E+00  0.84152584E+00
  0.27437728E+00  0.83535175E+00
  0.27494069E+00  0.82920953E+00
  0.27550409E+00  0.82309915E+00
  0.27606749E+00  0.81702011E+00
  0.27663089E+00  0.81097149E+00
  0.27719430E+00  0.80495220E+00
  0.27775770E+00  0.79896129E+00
  0.27832110E+00  0.79299811E+00
  0.27888451E+00  0.78706245E+00
  0.27944791E+00  0.78115451E+00
  0.28001131E+00  0.77527482E+00
  0.28057472E+00  0.76942409E+00
  0.28113812E+00  0.76360311E+00
  0.28170152E+00  0.75781265E+00
  0.28226493E+00  0.75205336E+00
  0.28282833E+00  0.74632579E+00
  0.28339173E+00  0.74063032E+00
  0.28395513E+00  0.73496722E+00
  0.28451854E+00  0.72933667E+00
  0.28508194E+00  0.72373876E+00
  0.28564534E+00  0.71817357E+00
  0.28620875E+00  0.71264111E+00
  0.28677215E+00  0.70714140E+00
  0.28733555E+00  0.70167441E+00
  0.28789896E+00  0.69624013E+00
  0.28846236E+00  0.69083851E+00
  0.28902576E+00  0.68546950E+00
  0.28958917E+00  0.68013306E+00
  0.29015257E+00  0.67482914E+00
  0.29071597E+00  0.66955770E+00
  0.29127937E+00  0.66431872E+00
  0.29184278E+00  0.65911219E+00
  0.29240618E+00  0.65393811E+00
  0.29296958E+00  0.64879651E+00
  0.29353299E+00  0.64368742E+00
  0.29409639E+00  0.63861085E+00
  0.29465979E+00  0.63356680E+00
  0.29522320E+00  0.62855521E+00
  0.29578660E+00  0.62357589E+00
  0.29635000E+00  0.61862853E+00
  0.29691340E+00  0.61371258E+00
  0.29747681E+00  0.60882722E+00
  0.29804021E+00  0.60397144E+00
  0.29860361E+00  0.59914407E+00
  0.29916702E+00  0.59434397E+00
  0.29973042E+00  0.58957020E+00
  0.30029382E+00  0.58482218E+00
  0.30085723E+00  0.58009962E+00
  0.30142063E+00  0.57540240E+00
  0.30198403E+00  0.57073030E+00
  0.30254744E+00  0.56608271E+00
  0.30311084E+00  0.56145839E+00
  0.30367424E+00  0.55685539E+00
  0.30423764E+00  0.55227137E+00
  0.30480105E+00  0.54770518E+00
  0.30536445E+00  0.54316061E+00
  0.30592785E+00  0.53865216E+00
  0.30649126E+00  0.53420479E+00
  0.30705466E+00  0.52983678E+00
  0.30761806E+00  0.52554093E+00
  0.30818147E+00  0.52129330E+00
  0.30874487E+00  0.51707442E+00
  0.30930827E+00  0.51287602E+00
  0.30987167E+00  0.50869696E+00
  0.31043508E+00  0.50453883E+00
  0.31099848E+00  0.50040365E+00
  0.31156188E+00  0.49629317E+00
  0.31212529E+00  0.49220868E+00
  0.31268869E+00  0.48815111E+00
  0.31325209E+00  0.48412107E+00
  0.31381550E+00  0.48011896E+00
  0.31437890E+00  0.47614503E+00
  0.31494230E+00  0.47219939E+00
  0.31550571E+00  0.46828207E+00
  0.31606911E+00  0.46439306E+00
  0.31663251E+00  0.46053227E+00
  0.31719591E+00  0.45669960E+00
  0.31775932E+00  0.45289493E+00
  0.31832272E+00  0.44911813E+00
  0.31888612E+00  0.44536907E+00
  0.31944953E+00  0.44164767E+00
  0.32001293E+00  0.43795386E+00
  0.32057633E+00  0.43428768E+00
  0.32113974E+00  0.43064925E+00
  0.32170314E+00  0.42703883E+00
  0.32226654E+00  0.42345680E+00
  0.32282994E+00  0.41990367E+00
  0.32339335E+00  0.41637983E+00
  0.32395675E+00  0.41288512E+00
  0.32452015E+00  0.40941814E+00
  0.32508356E+00  0.40597572E+00
  0.32564696E+00  0.40255372E+00
  0.32621036E+00  0.39914945E+00
  0.32677377E+00  0.39576338E+00
  0.32733717E+00  0.39239835E+00
  0.32790057E+00  0.38905755E+00
  0.32846398E+00  0.38574317E+00
  0.32902738E+00  0.38245635E+00
  0.32959078E+00  0.37919748E+00
  0.33015418E+00  0.37596658E+00
  0.33071759E+00  0.37276347E+00
  0.33128099E+00  0.36958793E+00
  0.33184439E+00  0.36643969E+00
  0.33240780E+00  0.36331851E+00
  0.33297120E+00  0.36022412E+00
  0.33353460E+00  0.35715627E+00
  0.33409801E+00  0.35411471E+00
  0.33466141E+00  0.35109921E+00
  0.33522481E+00  0.34810953E+00
  0.33578821E+00  0.34514544E+00
  0.33635162E+00  0.34220674E+00
  0.33691502E+00  0.33929322E+00
  0.33747842E+00  0.33640474E+00
  0.33804183E+00  0.33354116E+00
  0.33860523E+00  0.33070242E+00
  0.33916863E+00  0.32788850E+00
  0.33973204E+00  0.32509946E+00
  0.34029544E+00  0.32233541E+00
  0.34085884E+00  0.31959656E+00
  0.34142225E+00  0.31688314E+00
  0.34198565E+00  0.31419546E+00
  0.34254905E+00  0.31153382E+00
  0.34311245E+00  0.30889853E+00
  0.34367586E+00  0.30628988E+00
  0.34423926E+00  0.30370809E+00
  0.34480266E+00  0.30115338E+00
  0.34536607E+00  0.29862589E+00
  0.34592947E+00  0.29612576E+00
  0.34649287E+00  0.29365315E+00
  0.34705628E+00  0.29120830E+00
  0.34761968E+00  0.28879163E+00
  0.34818308E+00  0.28640391E+00
  0.34874648E+00  0.28404650E+00
  0.34930989E+00  0.28172179E+00
  0.34987329E+00  0.27943395E+00
  0.35043669E+00  0.27719006E+00
  0.35100010E+00  0.27500155E+00
  0.35156350E+00  0.27288358E+00
  0.35212690E+00  0.27084111E+00
  0.35269031E+00  0.26881698E+00
  0.35325371E+00  0.26665631E+00
  0.35381711E+00  0.26430215E+00
  0.35438052E+00  0.26190524E+00
  0.35494392E+00  0.25957710E+00
  0.35550732E+00  0.25732936E+00
  0.35607072E+00  0.25514427E+00
  0.35663413E+00  0.25300575E+00
  0.35719753E+00  0.25090337E+00
  0.35776093E+00  0.24883079E+00
  0.35832434E+00  0.24678415E+00
  0.35888774E+00  0.24476102E+00
  0.35945114E+00  0.24275978E+00
  0.36001455E+00  0.24077931E+00
  0.36057795E+00  0.23881876E+00
  0.36114135E+00  0.23687746E+00
  0.36170475E+00  0.23495483E+00
  0.36226816E+00  0.23305030E+00
  0.36283156E+00  0.23116327E+00
  0.36339496E+00  0.22929307E+00
  0.36395837E+00  0.22743892E+00
  0.36452177E+00  0.22559985E+00
  0.36508517E+00  0.22377466E+00
  0.36564858E+00  0.22196208E+00
  0.36621198E+00  0.22016121E+00
  0.36677538E+00  0.21837301E+00
  0.36733879E+00  0.21660307E+00
  0.36790219E+00  0.21486356E+00
  0.36846559E+00  0.21316690E+00
  0.36902899E+00  0.21151213E+00
  0.36959240E+00  0.20988467E+00
  0.37015580E+00  0.20827095E+00
  0.37071920E+00  0.20666555E+00
  0.37128261E+00  0.20506838E+00
  0.37184601E+00  0.20348110E+00
  0.37240941E+00  0.20190540E+00
  0.37297282E+00  0.20034258E+00
  0.37353622E+00  0.19879355E+00
  0.37409962E+00  0.19725890E+00
  0.37466302E+00  0.19573901E+00
  0.37522643E+00  0.19423415E+00
  0.37578983E+00  0.19274445E+00
  0.37635323E+00  0.19127004E+00
  0.37691664E+00  0.18981095E+00
  0.37748004E+00  0.18836721E+00
  0.37804344E+00  0.18693883E+00
  0.37860685E+00  0.18552581E+00
  0.37917025E+00  0.18412812E+00
  0.37973365E+00  0.18274574E+00
  0.38029706E+00  0.18137865E+00
  0.38086046E+00  0.18002680E+00
  0.38142386E+00  0.17869015E+00
  0.38198726E+00  0.17736867E+00
  0.38255067E+00  0.17606230E+00
  0.38311407E+00  0.17477099E+00
  0.38367747E+00  0.17349469E+00
  0.38424088E+00  0.17223334E+00
  0.38480428E+00  0.17098689E+00
  0.38536768E+00  0.16975525E+00
  0.38593109E+00  0.16853836E+00
  0.38649449E+00  0.16733615E+00
  0.38705789E+00  0.16614853E+00
  0.38762129E+00  0.16497541E+00
  0.38818470E+00  0.16381668E+00
  0.38874810E+00  0.16267223E+00
  0.38931150E+00  0.16154193E+00
  0.38987491E+00  0.16042561E+00
  0.39043831E+00  0.15932312E+00
  0.39100171E+00  0.15823425E+00
  0.39156512E+00  0.15715883E+00
  0.39212852E+00  0.15609670E+00
  0.39269192E+00  0.15504783E+00
  0.39325533E+00  0.15401244E+00
  0.39381873E+00  0.15299118E+00
  0.39438213E+00  0.15198533E+00
  0.39494553E+00  0.15099692E+00
  0.39550894E+00  0.15002855E+00
  0.39607234E+00  0.14908280E+00
  0.39663574E+00  0.14816145E+00
  0.39719915E+00  0.14726498E+00
  0.39776255E+00  0.14639263E+00
  0.39832595E+00  0.14554306E+00
  0.39888936E+00  0.14471511E+00
  0.39945276E+00  0.14390825E+00
  0.40001616E+00  0.14312308E+00
  0.40057956E+00  0.14236159E+00
  0.40114297E+00  0.14162768E+00
  0.40170637E+00  0.14092775E+00
  0.40226977E+00  0.14027153E+00
  0.40283318E+00  0.13967289E+00
  0.40339658E+00  0.13915039E+00
  0.40395998E+00  0.13872571E+00
  0.40452339E+00  0.13841448E+00
  0.40508679E+00  0.13819584E+00
  0.40565019E+00  0.31042429E+00
  0.40621360E+00  0.31039057E+00
  0.40677700E+00  0.30984510E+00
  0.40734040E+00  0.30891451E+00
  0.40790380E+00  0.30792627E+00
  0.40846721E+00  0.30708029E+00
  0.40903061E+00  0.30641216E+00
  0.40959401E+00  0.30589070E+00
  0.41015742E+00  0.30547658E+00
  0.41072082E+00  0.30513907E+00
  0.41128422E+00  0.30485702E+00
  0.41184763E+00  0.30461642E+00
  0.41241103E+00  0.30440802E+00
  0.41297443E+00  0.30422564E+00
  0.41353783E+00  0.30406509E+00
  0.41410124E+00  0.30392351E+00
  0.41466464E+00  0.30379884E+00
  0.41522804E+00  0.30368965E+00
  0.41579145E+00  0.30359488E+00
  0.41635485E+00  0.30351373E+00
  0.41691825E+00  0.30344564E+00
  0.41748166E+00  0.30339014E+00
  0.41804506E+00  0.30334690E+00
  0.41860846E+00  0.30331564E+00
  0.41917187E+00  0.30329615E+00
  0.41973527E+00  0.30328826E+00
  0.42029867E+00  0.30329182E+00
  0.42086207E+00  0.30330671E+00
  0.42142548E+00  0.30333284E+00
  0.42198888E+00  0.30337013E+00
  0.42255228E+00  0.30341850E+00
  0.42311569E+00  0.30347789E+00
  0.42367909E+00  0.30354823E+00
  0.42424249E+00  0.30362948E+00
  0.42480590E+00  0.30372159E+00
  0.42536930E+00  0.30382451E+00
  0.42593270E+00  0.30393820E+00
  0.42649610E+00  0.30406262E+00
  0.42705951E+00  0.30419773E+00
  0.42762291E+00  0.30434350E+00
  0.42818631E+00  0.30449987E+00
  0.42874972E+00  0.30466683E+00
  0.42931312E+00  0.30484432E+00
  0.42987652E+00  0.30503231E+00
  0.43043993E+00  0.30523077E+00
  0.43100333E+00  0.30543967E+00
  0.43156673E+00  0.30565895E+00
  0.43213014E+00  0.30588859E+00
  0.43269354E+00  0.30612856E+00
  0.43325694E+00  0.30637881E+00
  0.43382034E+00  0.30663930E+00
  0.43438375E+00  0.30691000E+00
  0.43494715E+00  0.30719088E+00
  0.43551055E+00  0.30748189E+00
  0.43607396E+00  0.30778299E+00
  0.43663736E+00  0.30809415E+00
  0.43720076E+00  0.30841532E+00
  0.43776417E+00  0.30874646E+00
  0.43832757E+00  0.30908754E+00
  0.43889097E+00  0.30943850E+00
  0.43945437E+00  0.30979931E+00
  0.44001778E+00  0.31016992E+00
  0.44058118E+00  0.31055028E+00
  0.44114458E+00  0.31094035E+00
  0.44170799E+00  0.31134007E+00
  0.44227139E+00  0.31174939E+00
  0.44283479E+00  0.31216826E+00
  0.44339820E+00  0.31259662E+00
  0.44396160E+00  0.31303442E+00
  0.44452500E+00  0.31348159E+00
  0.44508841E+00  0.31393807E+00
  0.44565181E+00  0.31440381E+00
  0.44621521E+00  0.31487875E+00
  0.44677861E+00  0.31536283E+00
  0.44734202E+00  0.31585603E+00
  0.44790542E+00  0.31635835E+00
  0.44846882E+00  0.31686980E+00
  0.44903223E+00  0.31739048E+00
  0.44959563E+00  0.31792051E+00
  0.45015903E+00  0.31846006E+00
  0.45072244E+00  0.31900925E+00
  0.45128584E+00  0.31956811E+00
  0.45184924E+00  0.32013653E+00
  0.45241264E+00  0.32071429E+00
  0.45297605E+00  0.32130108E+00
  0.45353945E+00  0.32189664E+00
  0.45410285E+00  0.32250074E+00
  0.45466626E+00  0.32311322E+00
  0.45522966E+00  0.32373399E+00
  0.45579306E+00  0.32436299E+00
  0.45635647E+00  0.32500021E+00
  0.45691987E+00  0.32564560E+00
  0.45748327E+00  0.32629916E+00
  0.45804668E+00  0.32696086E+00
  0.45861008E+00  0.32763068E+00
  0.45917348E+00  0.32830859E+00
  0.45973688E+00  0.32899457E+00
  0.46030029E+00  0.32968858E+00
  0.46086369E+00  0.33039058E+00
  0.46142709E+00  0.33110055E+00
  0.46199050E+00  0.33181845E+00
  0.46255390E+00  0.33254424E+00
  0.46311730E+00  0.33327790E+00
  0.46368071E+00  0.33401938E+00
  0.46424411E+00  0.33476865E+00
  0.46480751E+00  0.33552569E+00
  0.46537091E+00  0.33629048E+00
  0.46593432E+00  0.33706298E+00
  0.46649772E+00  0.33784317E+00
  0.46706112E+00  0.33863104E+00
  0.46762453E+00  0.33942655E+00
  0.46818793E+00  0.34022968E+00
  0.46875133E+00  0.34104042E+00
  0.46931474E+00  0.34185872E+00
  0.46987814E+00  0.34268455E+00
  0.47044154E+00  0.34351788E+00
  0.47100495E+00  0.34435865E+00
  0.47156835E+00  0.34520681E+00
  0.47213175E+00  0.34606230E+00
  0.47269515E+00  0.34692505E+00
  0.47325856E+00  0.34779500E+00
  0.47382196E+00  0.34867207E+00
  0.47438536E+00  0.34955617E+00
  0.47494877E+00  0.35044721E+00
  0.47551217E+00  0.35134512E+00
  0.47607557E+00  0.35224980E+00
  0.47663898E+00  0.35316118E+00
  0.47720238E+00  0.35407918E+00
  0.47776578E+00  0.35500372E+00
  0.47832918E+00  0.35593470E+00
  0.47889259E+00  0.35687194E+00
  0.47945599E+00  0.35781500E+00
  0.48001939E+00  0.35876295E+00
  0.48058280E+00  0.35971854E+00
  0.48114620E+00  0.36069160E+00
  0.48170960E+00  0.36166957E+00
  0.48227301E+00  0.36265169E+00
  0.48283641E+00  0.36364046E+00
  0.48339981E+00  0.36463671E+00
  0.48396322E+00  0.36564079E+00
  0.48452662E+00  0.36665286E+00
  0.48509002E+00  0.36767298E+00
  0.48565342E+00  0.36870115E+00
  0.48621683E+00  0.36973722E+00
  0.48678023E+00  0.37078095E+00
  0.48734363E+00  0.37183191E+00
  0.48790704E+00  0.37288949E+00
  0.48847044E+00  0.37395291E+00
  0.48903384E+00  0.37502117E+00
  0.48959725E+00  0.37609310E+00
  0.49016065E+00  0.37716747E+00
  0.49072405E+00  0.37824300E+00
  0.49128746E+00  0.37931852E+00
  0.49185086E+00  0.38039307E+00
  0.49241426E+00  0.38146603E+00
  0.49297766E+00  0.38253713E+00
  0.49354107E+00  0.38360647E+00
  0.49410447E+00  0.38467452E+00
  0.49466787E+00  0.38574195E+00
  0.49523128E+00  0.38680963E+00
  0.49579468E+00  0.38787846E+00
  0.49635808E+00  0.38894930E+00
  0.49692149E+00  0.39002294E+00
  0.49748489E+00  0.39110001E+00
  0.49804829E+00  0.39218105E+00
  0.49861169E+00  0.39326641E+00
  0.49917510E+00  0.39435635E+00
  0.49973850E+00  0.39545101E+00
  0.50030190E+00  0.39655046E+00
  0.50086531E+00  0.39765467E+00
  0.50142871E+00  0.39876358E+00
  0.50199211E+00  0.39987707E+00
  0.50255552E+00  0.40099501E+00
  0.50311892E+00  0.40211723E+00
  0.50368232E+00  0.40324355E+00
  0.50424573E+00  0.40437379E+00
  0.50480913E+00  0.40550775E+00
  0.50537253E+00  0.40664524E+00
  0.50593593E+00  0.40778604E+00
  0.50649934E+00  0.40892997E+00
  0.50706274E+00  0.41007682E+00
  0.50762614E+00  0.41122640E+00
  0.50818955E+00  0.41237852E+00
  0.50875295E+00  0.41353298E+00
  0.50931635E+00  0.41468961E+00
  0.50987976E+00  0.41584823E+00
  0.51044316E+00  0.41700869E+00
  0.51100656E+00  0.41817084E+00
  0.51156996E+00  0.41933454E+00
  0.51213337E+00  0.42049968E+00
  0.51269677E+00  0.42166617E+00
  0.51326017E+00  0.42283396E+00
  0.51382358E+00  0.42400302E+00
  0.51438698E+00  0.42517337E+00
  0.51495038E+00  0.42634506E+00
  0.51551379E+00  0.42751816E+00
  0.51607719E+00  0.42869276E+00
  0.51664059E+00  0.42986891E+00
  0.51720400E+00  0.43104664E+00
  0.51776740E+00  0.43222588E+00
  0.51833080E+00  0.43340652E+00
  0.51889420E+00  0.43458834E+00
  0.51945761E+00  0.43577111E+00
  0.52002101E+00  0.43695457E+00
  0.52058441E+00  0.43813847E+00
  0.52114782E+00  0.43932261E+00
  0.52171122E+00  0.44050681E+00
  0.52227462E+00  0.44169096E+00
  0.52283803E+00  0.44287495E+00
  0.52340143E+00  0.44405875E+00
  0.52396483E+00  0.44524231E+00
  0.52452823E+00  0.44642563E+00
  0.52509164E+00  0.44760872E+00
  0.52565504E+00  0.44879159E+00
  0.52621844E+00  0.44997427E+00
  0.52678185E+00  0.45115680E+00
  0.52734525E+00  0.45233923E+00
  0.52790865E+00  0.45352161E+00
  0.52847206E+00  0.45470400E+00
  0.52903546E+00  0.45588648E+00
  0.52959886E+00  0.45706911E+00
  0.53016227E+00  0.45825196E+00
  0.53072567E+00  0.45943511E+00
  0.53128907E+00  0.46061860E+00
  0.53185247E+00  0.46180248E+00
  0.53241588E+00  0.46298679E+00
  0.53297928E+00  0.46417154E+00
  0.53354268E+00  0.46535673E+00
  0.53410609E+00  0.46654231E+00
  0.53466949E+00  0.46772823E+00
  0.53523289E+00  0.46891434E+00
  0.53579630E+00  0.47010046E+00
  0.53635970E+00  0.47128628E+00
  0.53692310E+00  0.47247138E+00
  0.53748650E+00  0.47365524E+00
  0.53804991E+00  0.47483726E+00
  0.53861331E+00  0.47601681E+00
  0.53917671E+00  0.47719338E+00
  0.53974012E+00  0.47836661E+00
  0.54030352E+00  0.47953634E+00
  0.54086692E+00  0.48070257E+00
  0.54143033E+00  0.48186543E+00
  0.54199373E+00  0.48302513E+00
  0.54255713E+00  0.48418187E+00
  0.54312054E+00  0.48533585E+00
  0.54368394E+00  0.48648723E+00
  0.54424734E+00  0.48763612E+00
  0.54481074E+00  0.48878262E+00
  0.54537415E+00  0.48992680E+00
  0.54593755E+00  0.49106870E+00
  0.54650095E+00  0.49220833E+00
  0.54706436E+00  0.49334570E+00
  0.54762776E+00  0.49448080E+00
  0.54819116E+00  0.49561361E+00
  0.54875457E+00  0.49674411E+00
  0.54931797E+00  0.49787226E+00
  0.54988137E+00  0.49899802E+00
  0.55044477E+00  0.50012135E+00
  0.55100818E+00  0.50124220E+00
  0.55157158E+00  0.50236052E+00
  0.55213498E+00  0.50347628E+00
  0.55269839E+00  0.50458942E+00
  0.55326179E+00  0.50569991E+00
  0.55382519E+00  0.50680769E+00
  0.55438860E+00  0.50791273E+00
  0.55495200E+00  0.50901500E+00
  0.55551540E+00  0.51011445E+00
  0.55607881E+00  0.51121106E+00
  0.55664221E+00  0.51230480E+00
  0.55720561E+00  0.51339565E+00
  0.55776901E+00  0.51448359E+00
  0.55833242E+00  0.51556862E+00
  0.55889582E+00  0.51665073E+00
  0.55945922E+00  0.51772996E+00
  0.56002263E+00  0.51880634E+00
  0.56058603E+00  0.51987992E+00
  0.56114943E+00  0.52095081E+00
  0.56171284E+00  0.52201913E+00
  0.56227624E+00  0.52308503E+00
  0.56283964E+00  0.52414872E+00
  0.56340339E+00  0.52521043E+00
  0.56396713E+00  0.52586574E+00
  0.56453088E+00  0.52650072E+00
  0.56509462E+00  0.52711530E+00
  0.56565837E+00  0.52770944E+00
  0.56622211E+00  0.52828308E+00
  0.56678586E+00  0.52883620E+00
  0.56734960E+00  0.52936878E+00
  0.56791335E+00  0.52988083E+00
  0.56847709E+00  0.53037235E+00
  0.56904084E+00  0.53084337E+00
  0.56960458E+00  0.53129392E+00
  0.57016833E+00  0.53172402E+00
  0.57073207E+00  0.53213369E+00
  0.57129582E+00  0.53252299E+00
  0.57185956E+00  0.53289193E+00
  0.57242331E+00  0.53324055E+00
  0.57298705E+00  0.53356888E+00
  0.57355080E+00  0.53387695E+00
  0.57411454E+00  0.53416480E+00
  0.57467829E+00  0.53443244E+00
  0.57524203E+00  0.53467991E+00
  0.57580578E+00  0.53490723E+00
  0.57636952E+00  0.53511443E+00
  0.57693327E+00  0.53530154E+00
  0.57749701E+00  0.53546858E+00
  0.57806076E+00  0.53561558E+00
  0.57862450E+00  0.53574255E+00
  0.57918825E+00  0.53584952E+00
  0.57975199E+00  0.53593651E+00
  0.58031574E+00  0.53600354E+00
  0.58087948E+00  0.53605064E+00
  0.58144323E+00  0.53607783E+00
  0.58200697E+00  0.53608512E+00
  0.58257072E+00  0.53607253E+00
  0.58313446E+00  0.53604010E+00
  0.58369821E+00  0.53598783E+00
  0.58426195E+00  0.53591575E+00
  0.58482570E+00  0.53582388E+00
  0.58538944E+00  0.53571224E+00
  0.58595319E+00  0.53558086E+00
  0.58651693E+00  0.53542974E+00
  0.58708068E+00  0.53525892E+00
  0.58764442E+00  0.53506842E+00
  0.58820817E+00  0.53485825E+00
  0.58877191E+00  0.53462845E+00
  0.58933566E+00  0.53437902E+00
  0.58989940E+00  0.53411000E+00
  0.59046315E+00  0.53382141E+00
  0.59102689E+00  0.53351326E+00
  0.59159064E+00  0.53318558E+00
  0.59215438E+00  0.53283840E+00
  0.59271813E+00  0.53247173E+00
  0.59328187E+00  0.53208559E+00
  0.59384562E+00  0.53168002E+00
  0.59440936E+00  0.53125503E+00
  0.59497311E+00  0.53081065E+00
  0.59553685E+00  0.53034689E+00
  0.59610060E+00  0.52986379E+00
  0.59666434E+00  0.52936136E+00
  0.59722809E+00  0.52883962E+00
  0.59779183E+00  0.52829861E+00
  0.59835558E+00  0.52773834E+00
  0.59891932E+00  0.52715884E+00
  0.59948307E+00  0.52656012E+00
  0.60004681E+00  0.52594221E+00
  0.60061056E+00  0.52530514E+00
  0.60117430E+00  0.52464892E+00
  0.60173805E+00  0.52397357E+00
  0.60230179E+00  0.52327911E+00
  0.60286554E+00  0.52256556E+00
  0.60342928E+00  0.52183294E+00
  0.60399303E+00  0.52108126E+00
  0.60455677E+00  0.52031052E+00
  0.60512052E+00  0.51952073E+00
  0.60568426E+00  0.51871190E+00
  0.60624801E+00  0.51788401E+00
  0.60681175E+00  0.51703705E+00
  0.60737550E+00  0.51617102E+00
  0.60793924E+00  0.51528588E+00
  0.60850299E+00  0.51438160E+00
  0.60906673E+00  0.51345816E+00
  0.60963048E+00  0.51251552E+00
  0.61019422E+00  0.51155368E+00
  0.61075797E+00  0.51057266E+00
  0.61132171E+00  0.50957253E+00
  0.61188546E+00  0.50855350E+00
  0.61244920E+00  0.50751591E+00
  0.61301295E+00  0.50646036E+00
  0.61357669E+00  0.50538775E+00
  0.61414044E+00  0.50429937E+00
  0.61470418E+00  0.50319683E+00
  0.61526793E+00  0.50208197E+00
  0.61583167E+00  0.50095646E+00
  0.61639542E+00  0.49982144E+00
  0.61695916E+00  0.49867707E+00
  0.61752291E+00  0.49752247E+00
  0.61808665E+00  0.49635590E+00
  0.61865040E+00  0.49517529E+00
  0.61921414E+00  0.49397871E+00
  0.61977789E+00  0.49276469E+00
  0.62034163E+00  0.49153232E+00
  0.62090538E+00  0.49028121E+00
  0.62146912E+00  0.48901133E+00
  0.62203287E+00  0.48772287E+00
  0.62259661E+00  0.48641616E+00
  0.62316036E+00  0.48509159E+00
  0.62372410E+00  0.48374955E+00
  0.62428785E+00  0.48239040E+00
  0.62485159E+00  0.48101447E+00
  0.62541534E+00  0.47962208E+00
  0.62597908E+00  0.47821349E+00
  0.62654283E+00  0.47678893E+00
  0.62710657E+00  0.47534862E+00
  0.62767032E+00  0.47389274E+00
  0.62823406E+00  0.47242144E+00
  0.62879781E+00  0.47093485E+00
  0.62936155E+00  0.46943309E+00
  0.62992530E+00  0.46791624E+00
  0.63048904E+00  0.46638436E+00
  0.63105279E+00  0.46483748E+00
  0.63161653E+00  0.46327560E+00
  0.63218028E+00  0.46169870E+00
  0.63274402E+00  0.46010669E+00
  0.63330777E+00  0.45849945E+00
  0.63387151E+00  0.45687682E+00
  0.63443526E+00  0.45523855E+00
  0.63499900E+00  0.45358434E+00
  0.63556275E+00  0.45191382E+00
  0.63612649E+00  0.45022655E+00
  0.63669024E+00  0.44852209E+00
  0.63725398E+00  0.44680001E+00
  0.63781773E+00  0.44506006E+00
  0.63838147E+00  0.44330238E+00
  0.63894522E+00  0.44152787E+00
  0.63950896E+00  0.43973867E+00
  0.64007271E+00  0.43793876E+00
  0.64063645E+00  0.43613423E+00
  0.64120020E+00  0.43433295E+00
  0.64176394E+00  0.43254300E+00
  0.64232769E+00  0.43077005E+00
  0.64289143E+00  0.42901495E+00
  0.64345518E+00  0.42727320E+00
  0.64401892E+00  0.42553675E+00
  0.64458266E+00  0.42379696E+00
  0.64514641E+00  0.42204685E+00
  0.64571015E+00  0.42028198E+00
  0.64627390E+00  0.41850024E+00
  0.64683764E+00  0.41670119E+00
  0.64740139E+00  0.41488534E+00
  0.64796513E+00  0.41305369E+00
  0.64852888E+00  0.41120739E+00
  0.64909262E+00  0.40934758E+00
  0.64965637E+00  0.40747532E+00
  0.65022011E+00  0.40559155E+00
  0.65078386E+00  0.40369709E+00
  0.65134760E+00  0.40179266E+00
  0.65191135E+00  0.39987888E+00
  0.65247509E+00  0.39795629E+00
  0.65303884E+00  0.39602536E+00
  0.65360258E+00  0.39408652E+00
  0.65416633E+00  0.39214014E+00
  0.65473007E+00  0.39018657E+00
  0.65529382E+00  0.38822612E+00
  0.65585756E+00  0.38625907E+00
  0.65642131E+00  0.38428568E+00
  0.65698505E+00  0.38230619E+00
  0.65754880E+00  0.38032085E+00
  0.65811254E+00  0.37832986E+00
  0.65867629E+00  0.37633342E+00
  0.65924003E+00  0.37433173E+00
  0.65980378E+00  0.37232498E+00
  0.66036752E+00  0.37031333E+00
  0.66093127E+00  0.36829696E+00
  0.66149501E+00  0.36627602E+00
  0.66205876E+00  0.36425066E+00
  0.66262250E+00  0.36222103E+00
  0.66318625E+00  0.36018727E+00
  0.66374999E+00  0.35814952E+00
  0.66431374E+00  0.35610790E+00
  0.66487748E+00  0.35406253E+00
  0.66544123E+00  0.35201355E+00
  0.66600497E+00  0.34996106E+00
  0.66656872E+00  0.34790518E+00
  0.66713246E+00  0.34584601E+00
  0.66769621E+00  0.34378367E+00
  0.66825995E+00  0.34171826E+00
  0.66882370E+00  0.33964988E+00
  0.66938744E+00  0.33757863E+00
  0.66995119E+00  0.33550462E+00
  0.67051493E+00  0.33342794E+00
  0.67107868E+00  0.33134871E+00
  0.67164242E+00  0.32926701E+00
  0.67220617E+00  0.32718297E+00
  0.67276991E+00  0.32509667E+00
  0.67333366E+00  0.32300824E+00
  0.67389740E+00  0.32091778E+00
  0.67446115E+00  0.31882541E+00
  0.67502489E+00  0.31673124E+00
  0.67558864E+00  0.31463538E+00
  0.67615238E+00  0.31253797E+00
  0.67671613E+00  0.31043910E+00
  0.67727987E+00  0.30833892E+00
  0.67784362E+00  0.30623754E+00
  0.67840736E+00  0.30413508E+00
  0.67897111E+00  0.30203166E+00
  0.67953485E+00  0.29992740E+00
  0.68009860E+00  0.29782242E+00
  0.68066234E+00  0.29571684E+00
  0.68122609E+00  0.29361076E+00
  0.68178983E+00  0.29150430E+00
  0.68235358E+00  0.28939756E+00
  0.68291732E+00  0.28729066E+00
  0.68348107E+00  0.28518368E+00
  0.68404481E+00  0.28307674E+00
  0.68460856E+00  0.28096993E+00
  0.68517230E+00  0.27886333E+00
  0.68573605E+00  0.27675705E+00
  0.68629979E+00  0.27465118E+00
  0.68686354E+00  0.27254581E+00
  0.68742728E+00  0.27044101E+00
  0.68799103E+00  0.26833690E+00
  0.68855477E+00  0.26623354E+00
  0.68911852E+00  0.26413103E+00
  0.68968226E+00  0.26202947E+00
  0.69024601E+00  0.25992893E+00
  0.69080975E+00  0.25782951E+00
  0.69137350E+00  0.25573130E+00
  0.69193724E+00  0.25363439E+00
  0.69250099E+00  0.25153888E+00
  0.69306473E+00  0.24944486E+00
  0.69362848E+00  0.24735244E+00
  0.69419222E+00  0.24526171E+00
  0.69475597E+00  0.24317276E+00
  0.69531971E+00  0.24108572E+00
  0.69588346E+00  0.23900067E+00
  0.69644720E+00  0.23691774E+00
  0.69701095E+00  0.23483702E+00
  0.69757469E+00  0.23275863E+00
  0.69813844E+00  0.23068268E+00
  0.69870218E+00  0.22860930E+00
  0.69926593E+00  0.22653858E+00
  0.69982967E+00  0.22447066E+00
  0.70039342E+00  0.22240565E+00
  0.70095716E+00  0.22034366E+00
  0.70152091E+00  0.21828483E+00
  0.70208465E+00  0.21622926E+00
  0.70264840E+00  0.21417707E+00
  0.70321214E+00  0.21212839E+00
  0.70377589E+00  0.21008332E+00
  0.70433963E+00  0.20804200E+00
  0.70490338E+00  0.20600451E+00
  0.70546712E+00  0.20397099E+00
  0.70603087E+00  0.20194155E+00
  0.70659461E+00  0.19991628E+00
  0.70715836E+00  0.19789531E+00
  0.70772210E+00  0.19587874E+00
  0.70828585E+00  0.19386671E+00
  0.70884959E+00  0.19185933E+00
  0.70941334E+00  0.18985676E+00
  0.70997708E+00  0.18785915E+00
  0.71054083E+00  0.18586672E+00
  0.71110457E+00  0.18387968E+00
  0.71166832E+00  0.18189835E+00
  0.71223206E+00  0.17992307E+00
  0.71279581E+00  0.17795427E+00
  0.71335955E+00  0.17599244E+00
  0.71392330E+00  0.17403813E+00
  0.71448704E+00  0.17209191E+00
  0.71505079E+00  0.17015432E+00
  0.71561453E+00  0.16822573E+00
  0.71617828E+00  0.16630632E+00
  0.71674202E+00  0.16439593E+00
  0.71730577E+00  0.16249407E+00
  0.71786951E+00  0.16059994E+00
  0.71843326E+00  0.15871256E+00
  0.71899700E+00  0.15683091E+00
  0.71956075E+00  0.15495408E+00
  0.72012449E+00  0.15308136E+00
  0.72068824E+00  0.15121229E+00
  0.72125198E+00  0.14934659E+00
  0.72181573E+00  0.14748408E+00
  0.72237947E+00  0.14562459E+00
  0.72294322E+00  0.14376791E+00
  0.72350696E+00  0.14191406E+00
  0.72407071E+00  0.14006382E+00
  0.72463445E+00  0.13821894E+00
  0.72519820E+00  0.13638165E+00
  0.72576194E+00  0.13455384E+00
  0.72632569E+00  0.13273680E+00
  0.72688943E+00  0.13093079E+00
  0.72745318E+00  0.12913380E+00
  0.72801692E+00  0.12734168E+00
  0.72858067E+00  0.12555167E+00
  0.72914441E+00  0.12376451E+00
  0.72970816E+00  0.12198246E+00
  0.73027190E+00  0.12020725E+00
  0.73083565E+00  0.11843979E+00
  0.73139939E+00  0.11668049E+00
  0.73196314E+00  0.11492949E+00
  0.73252688E+00  0.11318690E+00
  0.73309063E+00  0.11145276E+00
  0.73365437E+00  0.10972716E+00
  0.73421812E+00  0.10801015E+00
  0.73478186E+00  0.10630185E+00
  0.73534561E+00  0.10460235E+00
  0.73590935E+00  0.10291177E+00
  0.73647310E+00  0.10123026E+00
  0.73703684E+00  0.99557975E-01
  0.73760059E+00  0.97895094E-01
  0.73816433E+00  0.96241826E-01
  0.73872808E+00  0.94598415E-01
  0.73929182E+00  0.92965150E-01
  0.73985557E+00  0.91342370E-01
  0.74041931E+00  0.89730478E-01
  0.74098306E+00  0.88129930E-01
  0.74154680E+00  0.86541183E-01
  0.74211055E+00  0.84964501E-01
  0.74267429E+00  0.83399356E-01
  0.74323804E+00  0.81842785E-01
  0.74380178E+00  0.80285461E-01
  0.74436553E+00  0.78706239E-01
  0.74492927E+00  0.77080406E-01
  0.74549302E+00  0.75424058E-01
  0.74605676E+00  0.73799029E-01
  0.74662051E+00  0.72233141E-01
  0.74718425E+00  0.70711560E-01
  0.74774800E+00  0.69215937E-01
  0.74831174E+00  0.67736208E-01
  0.74887549E+00  0.66268023E-01
  0.74943923E+00  0.64809717E-01
  0.75000298E+00  0.63360759E-01
  0.75056672E+00  0.61921072E-01
  0.75113047E+00  0.60490753E-01
  0.75169421E+00  0.59069956E-01
  0.75225796E+00  0.57658851E-01
  0.75282170E+00  0.56257599E-01
  0.75338545E+00  0.54866352E-01
  0.75394919E+00  0.53485248E-01
  0.75451294E+00  0.52114419E-01
  0.75507668E+00  0.50753983E-01
  0.75564043E+00  0.49404055E-01
  0.75620417E+00  0.48064743E-01
  0.75676792E+00  0.46736151E-01
  0.75733166E+00  0.45418383E-01
  0.75789541E+00  0.44111536E-01
  0.75845915E+00  0.42815712E-01
  0.75902290E+00  0.41531009E-01
  0.75958664E+00  0.40257527E-01
  0.76015039E+00  0.38995366E-01
  0.76071413E+00  0.37744627E-01
  0.76127788E+00  0.36505414E-01
  0.76184162E+00  0.35277832E-01
  0.76240537E+00  0.34061989E-01
  0.76296911E+00  0.32857995E-01
  0.76353286E+00  0.31665966E-01
  0.76409660E+00  0.30486019E-01
  0.76466035E+00  0.29318276E-01
  0.76522409E+00  0.28162866E-01
  0.76578784E+00  0.27019923E-01
  0.76635158E+00  0.25889589E-01
  0.76691533E+00  0.24772015E-01
  0.76747907E+00  0.23667361E-01
  0.76804282E+00  0.22575800E-01
  0.76860656E+00  0.21497516E-01
  0.76917031E+00  0.20432712E-01
  0.76973405E+00  0.19381604E-01
  0.77029780E+00  0.18344425E-01
  0.77086154E+00  0.17321424E-01
  0.77142529E+00  0.16312857E-01
  0.77198903E+00  0.15318979E-01
  0.77255278E+00  0.14340025E-01
  0.77311652E+00  0.13376167E-01
  0.77368027E+00  0.12427465E-01
  0.77424401E+00  0.11493780E-01
  0.77480776E+00  0.10574665E-01
  0.77537150E+00  0.96692402E-02
  0.77593525E+00  0.87760954E-02
  0.77649899E+00  0.78932883E-02
  0.77706274E+00  0.70185321E-02
  0.77762648E+00  0.61496202E-02
  0.77819023E+00  0.52850137E-02
  0.77875397E+00  0.44243553E-02
  0.77931772E+00  0.35686332E-02
  0.77988146E+00  0.27198869E-02
  0.78044521E+00  0.18806160E-02
  0.78100895E+00  0.10531871E-02
  0.78157270E+00  0.23945579E-03
  0.78213644E+00 -0.55935365E-03
  0.78270019E+00 -0.13425878E-02
  0.78326393E+00 -0.21100236E-02
  0.78382768E+00 -0.28617194E-02
  0.78439142E+00 -0.35978903E-02
  0.78495517E+00 -0.43188145E-02
  0.78551891E+00 -0.50247650E-02
  0.78608266E+00 -0.57159570E-02
  0.78664640E+00 -0.63925031E-02
  0.78721015E+00 -0.70543725E-02
  0.78777389E+00 -0.77013520E-02
  0.78833764E+00 -0.83330144E-02
  0.78890138E+00 -0.89487059E-02
  0.78946513E+00 -0.95475686E-02
  0.79002887E+00 -0.10128618E-01
  0.79059262E+00 -0.10690884E-01
  0.79115636E+00 -0.11233617E-01
  0.79172011E+00 -0.11756501E-01
  0.79228385E+00 -0.12259820E-01
  0.79284760E+00 -0.12744511E-01
  0.79341134E+00 -0.13212049E-01
  0.79397509E+00 -0.13664219E-01
  0.79453883E+00 -0.14102830E-01
  0.79510258E+00 -0.14529471E-01
  0.79566632E+00 -0.14945359E-01
  0.79623007E+00 -0.15351295E-01
  0.79679381E+00 -0.15747689E-01
  0.79735756E+00 -0.16134644E-01
  0.79792130E+00 -0.16512039E-01
  0.79848505E+00 -0.16879614E-01
  0.79904879E+00 -0.17237035E-01
  0.79961254E+00 -0.17583943E-01
  0.80017628E+00 -0.17919983E-01
  0.80074003E+00 -0.18244826E-01
  0.80130377E+00 -0.18558179E-01
  0.80186752E+00 -0.18859787E-01
  0.80243126E+00 -0.19149439E-01
  0.80299501E+00 -0.19426957E-01
  0.80355875E+00 -0.19692200E-01
  0.80412250E+00 -0.19945058E-01
  0.80468624E+00 -0.20185446E-01
  0.80524999E+00 -0.20413300E-01
  0.80581373E+00 -0.20628578E-01
  0.80637748E+00 -0.20831252E-01
  0.80694122E+00 -0.21021308E-01
  0.80750497E+00 -0.21198749E-01
  0.80806871E+00 -0.21363591E-01
  0.80863246E+00 -0.21515874E-01
  0.80919620E+00 -0.21655662E-01
  0.80975995E+00 -0.21783058E-01
  0.81032369E+00 -0.21898213E-01
  0.81088744E+00 -0.22001336E-01
  0.81145118E+00 -0.22092701E-01
  0.81201493E+00 -0.22172631E-01
  0.81257867E+00 -0.22241478E-01
  0.81314242E+00 -0.22299574E-01
  0.81370616E+00 -0.22347182E-01
  0.81426991E+00 -0.22384460E-01
  0.81483365E+00 -0.22411450E-01
  0.81539740E+00 -0.22428099E-01
  0.81596114E+00 -0.22434297E-01
  0.81652489E+00 -0.22429926E-01
  0.81708863E+00 -0.22414891E-01
  0.81765238E+00 -0.22389137E-01
  0.81821612E+00 -0.22352656E-01
  0.81877987E+00 -0.22305482E-01
  0.81934361E+00 -0.22247680E-01
  0.81990736E+00 -0.22179342E-01
  0.82047110E+00 -0.22100571E-01
  0.82103485E+00 -0.22011480E-01
  0.82159859E+00 -0.21912184E-01
  0.82216234E+00 -0.21802794E-01
  0.82272608E+00 -0.21683414E-01
  0.82328983E+00 -0.21554138E-01
  0.82385357E+00 -0.21415043E-01
  0.82441732E+00 -0.21266192E-01
  0.82498106E+00 -0.21107625E-01
  0.82554481E+00 -0.20939357E-01
  0.82610855E+00 -0.20761377E-01
  0.82667230E+00 -0.20573642E-01
  0.82723604E+00 -0.20376080E-01
  0.82779979E+00 -0.20168587E-01
  0.82836353E+00 -0.19951032E-01
  0.82892728E+00 -0.19723259E-01
  0.82949102E+00 -0.19485103E-01
  0.83005477E+00 -0.19236401E-01
  0.83061851E+00 -0.18977013E-01
  0.83118226E+00 -0.18706852E-01
  0.83174600E+00 -0.18425913E-01
  0.83230975E+00 -0.18134305E-01
  0.83287349E+00 -0.17832279E-01
  0.83343724E+00 -0.17520245E-01
  0.83400098E+00 -0.17198767E-01
  0.83456473E+00 -0.16868530E-01
  0.83512847E+00 -0.16530295E-01
  0.83569222E+00 -0.16184831E-01
  0.83625596E+00 -0.15832848E-01
  0.83681971E+00 -0.15474955E-01
  0.83738345E+00 -0.15111629E-01
  0.83794720E+00 -0.14743222E-01
  0.83851094E+00 -0.14369972E-01
  0.83907469E+00 -0.13992035E-01
  0.83963843E+00 -0.13609514E-01
  0.84020218E+00 -0.13222484E-01
  0.84076592E+00 -0.12831009E-01
  0.84132967E+00 -0.12435159E-01
  0.84189341E+00 -0.12035012E-01
  0.84245716E+00 -0.11630663E-01
  0.84302090E+00 -0.11222220E-01
  0.84358465E+00 -0.10809805E-01
  0.84414839E+00 -0.10393555E-01
  0.84471214E+00 -0.99736162E-02
  0.84527588E+00 -0.95501467E-02
  0.84583963E+00 -0.91233114E-02
  0.84640337E+00 -0.86932826E-02
  0.84696712E+00 -0.82602383E-02
  0.84753086E+00 -0.78243614E-02
  0.84809461E+00 -0.73858392E-02
  0.84865835E+00  0.11862311E+00
  0.84922210E+00  0.11895654E+00
  0.84978584E+00  0.11929451E+00
  0.85034959E+00  0.11963680E+00
  0.85091333E+00  0.11998317E+00
  0.85147708E+00  0.12033339E+00
  0.85204082E+00  0.12068721E+00
  0.85260457E+00  0.12104438E+00
  0.85316831E+00  0.12140462E+00
  0.85373206E+00  0.12176770E+00
  0.85429580E+00  0.12213339E+00
  0.85485955E+00  0.12250147E+00
  0.85542329E+00  0.12287178E+00
  0.85598704E+00  0.12324418E+00
  0.85655078E+00  0.12361859E+00
  0.85711453E+00  0.12399490E+00
  0.85767827E+00  0.12437306E+00
  0.85824202E+00  0.12475298E+00
  0.85880576E+00  0.12513452E+00
  0.85936951E+00  0.12551752E+00
  0.85993325E+00  0.12590180E+00
  0.86049700E+00  0.12628709E+00
  0.86106074E+00  0.12667312E+00
  0.86162449E+00  0.12705957E+00
  0.86218823E+00  0.12744611E+00
  0.86275198E+00  0.12783241E+00
  0.86331572E+00  0.12821809E+00
  0.86387947E+00  0.12860280E+00
  0.86444321E+00  0.12898617E+00
  0.86500696E+00  0.12936785E+00
  0.86557070E+00  0.12974747E+00
  0.86613445E+00  0.13012469E+00
  0.86669819E+00  0.13049919E+00
  0.86726194E+00  0.13087065E+00
  0.86782568E+00  0.13123878E+00
  0.86838943E+00  0.13160330E+00
  0.86895317E+00  0.13196397E+00
  0.86951692E+00  0.13232057E+00
  0.87008066E+00  0.13267289E+00
  0.87064441E+00  0.13302077E+00
  0.87120815E+00  0.13336402E+00
  0.87177190E+00  0.13370250E+00
  0.87233564E+00  0.13403607E+00
  0.87289939E+00  0.13436457E+00
  0.87346313E+00  0.13468786E+00
  0.87402688E+00  0.13500580E+00
  0.87459062E+00  0.13531822E+00
  0.87515437E+00  0.13562498E+00
  0.87571811E+00  0.13592590E+00
  0.87628186E+00  0.13622080E+00
  0.87684560E+00  0.13650950E+00
  0.87740935E+00  0.13679181E+00
  0.87797309E+00  0.13706754E+00
  0.87853684E+00  0.13733651E+00
  0.87910058E+00  0.13759852E+00
  0.87966433E+00  0.13785338E+00
  0.88022807E+00  0.13810091E+00
  0.88079182E+00  0.13834093E+00
  0.88135556E+00  0.13857328E+00
  0.88191930E+00  0.13879779E+00
  0.88248305E+00  0.13901435E+00
  0.88304679E+00  0.13922288E+00
  0.88361054E+00  0.13942339E+00
  0.88417428E+00  0.13961616E+00
  0.88473803E+00  0.13980203E+00
  0.88530177E+00  0.13998329E+00
  0.88586552E+00  0.14016586E+00
  0.88642926E+00  0.14036330E+00
  0.88699301E+00  0.14059146E+00
  0.88755675E+00  0.14081433E+00
  0.88812050E+00  0.14095620E+00
  0.88868376E+00  0.14104380E+00
  0.88924701E+00  0.14092606E+00
  0.88981027E+00  0.14076337E+00
  0.89037353E+00  0.14052189E+00
  0.89093678E+00  0.14022806E+00
  0.89150004E+00  0.13992738E+00
  0.89206330E+00  0.13963885E+00
  0.89262656E+00  0.13936229E+00
  0.89318981E+00  0.13909243E+00
  0.89375307E+00  0.13882414E+00
  0.89431633E+00  0.13855339E+00
  0.89487958E+00  0.13827708E+00
  0.89544284E+00  0.13799280E+00
  0.89600610E+00  0.13769863E+00
  0.89656935E+00  0.13739304E+00
  0.89713261E+00  0.13707483E+00
  0.89769587E+00  0.13674302E+00
  0.89825912E+00  0.13639688E+00
  0.89882238E+00  0.13603585E+00
  0.89938564E+00  0.13565950E+00
  0.89994890E+00  0.13526752E+00
  0.90051215E+00  0.13485970E+00
  0.90107541E+00  0.13443590E+00
  0.90163867E+00  0.13399603E+00
  0.90220192E+00  0.13354004E+00
  0.90276518E+00  0.13306791E+00
  0.90332844E+00  0.13257967E+00
  0.90389169E+00  0.13207532E+00
  0.90445495E+00  0.13155491E+00
  0.90501821E+00  0.13101849E+00
  0.90558146E+00  0.13046609E+00
  0.90614472E+00  0.12989777E+00
  0.90670798E+00  0.12931360E+00
  0.90727124E+00  0.12871360E+00
  0.90783449E+00  0.12809785E+00
  0.90839775E+00  0.12746639E+00
  0.90896101E+00  0.12681927E+00
  0.90952426E+00  0.12615654E+00
  0.91008752E+00  0.12547824E+00
  0.91065078E+00  0.12478442E+00
  0.91121403E+00  0.12407511E+00
  0.91177729E+00  0.12335034E+00
  0.91234055E+00  0.12261016E+00
  0.91290380E+00  0.12185459E+00
  0.91346706E+00  0.12108365E+00
  0.91403032E+00  0.12029737E+00
  0.91459358E+00  0.11949577E+00
  0.91515683E+00  0.11867887E+00
  0.91572009E+00  0.11784667E+00
  0.91628335E+00  0.11699919E+00
  0.91684660E+00  0.11613643E+00
  0.91740986E+00  0.11525841E+00
  0.91797312E+00  0.11436511E+00
  0.91853637E+00  0.11345656E+00
  0.91909963E+00  0.11253274E+00
  0.91966289E+00  0.11159367E+00
  0.92022614E+00  0.11063934E+00
  0.92078940E+00  0.10966975E+00
  0.92135266E+00  0.10868491E+00
  0.92191592E+00  0.10768482E+00
  0.92247917E+00  0.10666948E+00
  0.92304243E+00  0.10563890E+00
  0.92360569E+00  0.10459309E+00
  0.92416894E+00  0.10353204E+00
  0.92473220E+00  0.10245576E+00
  0.92529546E+00  0.10136425E+00
  0.92585871E+00  0.10025749E+00
  0.92642197E+00  0.99135494E-01
  0.92698523E+00  0.97998229E-01
  0.92754848E+00 -0.24902684E-01
  0.92811174E+00 -0.25978623E-01
  0.92867500E+00 -0.27067644E-01
  0.92923825E+00 -0.28169779E-01
  0.92980151E+00 -0.29285050E-01
  0.93036477E+00 -0.30413463E-01
  0.93092803E+00 -0.31555000E-01
  0.93149128E+00 -0.32709613E-01
  0.93205454E+00 -0.33877205E-01
  0.93261780E+00 -0.35057622E-01
  0.93318105E+00 -0.36250623E-01
  0.93374431E+00 -0.37455839E-01
  0.93430757E+00 -0.38672709E-01
  0.93487082E+00 -0.39900343E-01
  0.93543408E+00 -0.41137284E-01
  0.93599734E+00 -0.42381024E-01
  0.93656059E+00 -0.43627042E-01
  0.93712385E+00 -0.44866928E-01
  0.93768711E+00 -0.46085447E-01
  0.93825037E+00 -0.47261272E-01
  0.93881362E+00 -0.48399414E-01
  0.93937688E+00 -0.49614064E-01
  0.93994014E+00 -0.51017650E-01
  0.94050339E+00 -0.52513615E-01
  0.94106665E+00 -0.54002802E-01
  0.94162991E+00 -0.55470192E-01
  0.94219316E+00 -0.56926462E-01
  0.94275642E+00 -0.58382507E-01
  0.94331968E+00 -0.59845706E-01
  0.94388293E+00 -0.61319714E-01
  0.94444619E+00 -0.62803416E-01
  0.94500945E+00 -0.64289149E-01
  0.94557271E+00 -0.65763092E-01
  0.94613596E+00 -0.67212126E-01
  0.94669922E+00 -0.68635430E-01
  0.94726248E+00 -0.70048976E-01
  0.94782573E+00 -0.71476840E-01
  0.94838899E+00 -0.72939422E-01
  0.94895225E+00 -0.74448464E-01
  0.94951550E+00 -0.76007941E-01
  0.95007876E+00 -0.77616588E-01
  0.95064202E+00 -0.79270032E-01
  0.95120527E+00 -0.80962335E-01
  0.95176853E+00 -0.82687126E-01
  0.95233179E+00 -0.84438413E-01
  0.95289505E+00 -0.86211092E-01
  0.95345830E+00 -0.88001184E-01
  0.95402156E+00 -0.89805868E-01
  0.95458482E+00 -0.91623380E-01
  0.95514807E+00 -0.93452853E-01
  0.95571133E+00 -0.95294150E-01
  0.95627459E+00 -0.97147702E-01
  0.95683784E+00 -0.99014361E-01
  0.95740110E+00 -0.10089524E+00
  0.95796436E+00 -0.10279152E+00
  0.95852761E+00 -0.10470415E+00
  0.95909087E+00 -0.10663345E+00
  0.95965413E+00 -0.10857873E+00
  0.96021739E+00 -0.11053795E+00
  0.96078064E+00 -0.11250776E+00
  0.96134390E+00 -0.11448423E+00
  0.96190716E+00 -0.11646382E+00
  0.96247041E+00 -0.11844441E+00
  0.96303367E+00 -0.12042575E+00
  0.96359693E+00 -0.12240913E+00
  0.96416018E+00 -0.12439679E+00
  0.96472344E+00 -0.12639117E+00
  0.96528670E+00 -0.12839451E+00
  0.96584995E+00 -0.13040862E+00
  0.96641321E+00 -0.13243485E+00
  0.96697647E+00 -0.13447418E+00
  0.96753973E+00 -0.13652726E+00
  0.96810298E+00 -0.13859452E+00
  0.96866624E+00 -0.14067625E+00
  0.96922950E+00 -0.14277262E+00
  0.96979275E+00 -0.14488372E+00
  0.97035601E+00 -0.14700960E+00
  0.97091927E+00 -0.14915028E+00
  0.97148252E+00 -0.15130574E+00
  0.97204578E+00 -0.15347596E+00
  0.97260904E+00 -0.15566089E+00
  0.97317229E+00 -0.15786049E+00
  0.97373555E+00 -0.16007471E+00
  0.97429881E+00 -0.16230350E+00
  0.97486207E+00 -0.16454682E+00
  0.97542532E+00 -0.16680464E+00
  0.97598858E+00 -0.16907696E+00
  0.97655184E+00 -0.17136375E+00
  0.97711509E+00 -0.17366502E+00
  0.97767835E+00 -0.17598078E+00
  0.97824161E+00 -0.17831103E+00
  0.97880486E+00 -0.18065578E+00
  0.97936812E+00 -0.18301504E+00
  0.97993138E+00 -0.18538879E+00
  0.98049463E+00 -0.18777704E+00
  0.98105789E+00 -0.19017978E+00
  0.98162115E+00 -0.19259700E+00
  0.98218441E+00 -0.19502869E+00
  0.98274766E+00 -0.19747482E+00
  0.98331092E+00 -0.19993539E+00
  0.98387418E+00 -0.20241038E+00
  0.98443743E+00 -0.20489976E+00
  0.98500069E+00 -0.20740352E+00
  0.98556395E+00 -0.20992162E+00
  0.98612720E+00 -0.21245401E+00
  0.98669046E+00 -0.21500065E+00
  0.98725372E+00 -0.21756145E+00
  0.98781697E+00 -0.22013634E+00
  0.98838023E+00 -0.22272522E+00
  0.98894349E+00 -0.22532797E+00
  0.98950675E+00 -0.22794450E+00
  0.99007000E+00 -0.23057469E+00
  0.99063326E+00 -0.23321845E+00
  0.99119652E+00 -0.23587571E+00
  0.99175977E+00 -0.23854641E+00
  0.99232303E+00 -0.24123052E+00
  0.99288629E+00 -0.24392802E+00
  0.99344954E+00 -0.24663893E+00
  0.99401280E+00 -0.24936330E+00
  0.99457606E+00 -0.25210116E+00
  0.99513931E+00 -0.25485261E+00
  0.99570257E+00 -0.25761772E+00
  0.99626583E+00 -0.26039662E+00
  0.99682909E+00 -0.26318944E+00
  0.99739234E+00 -0.26599632E+00
  0.99795560E+00 -0.26881744E+00
  0.99851886E+00 -0.27165301E+00
  0.99908211E+00 -0.27450323E+00
  0.99964537E+00 -0.27736836E+00
  0.10002086E+01 -0.28024865E+00
  0.10007719E+01 -0.28314438E+00
  0.10013351E+01 -0.28605584E+00
  0.10018984E+01 -0.28898331E+00
  0.10024617E+01 -0.29192702E+00
  0.10030249E+01 -0.29488721E+00
  0.10035882E+01 -0.29786402E+00
  0.10041514E+01 -0.30085752E+00
  0.10047147E+01 -0.30386769E+00
  0.10052779E+01 -0.30689438E+00
  0.10058412E+01 -0.30993733E+00
  0.10064045E+01 -0.31299614E+00
  0.10069677E+01 -0.31607035E+00
  0.10075310E+01 -0.31915939E+00
  0.10080942E+01 -0.32226268E+00
  0.10086575E+01 -0.32537964E+00
  0.10092207E+01 -0.32850973E+00
  0.10097840E+01 -0.33165249E+00
  0.10103473E+01 -0.33480754E+00
  0.10109105E+01 -0.33797460E+00
  0.10114738E+01 -0.34115351E+00
  0.10120370E+01 -0.34434416E+00
  0.10126003E+01 -0.34754655E+00
  0.10131635E+01 -0.35076073E+00
  0.10137268E+01 -0.35398681E+00
  0.10142900E+01 -0.35722494E+00
  0.10148533E+01 -0.36047533E+00
  0.10154166E+01 -0.36373822E+00
  0.10159798E+01 -0.36701388E+00
  0.10165431E+01 -0.37030256E+00
  0.10171063E+01 -0.37360451E+00
  0.10176696E+01 -0.37691991E+00
  0.10182328E+01 -0.38024888E+00
  0.10187961E+01 -0.38359140E+00
  0.10193594E+01 -0.38694741E+00
  0.10199226E+01 -0.39031675E+00
  0.10204859E+01 -0.39369920E+00
  0.10210491E+01 -0.39709458E+00
  0.10216124E+01 -0.40050275E+00
  0.10221756E+01 -0.40392407E+00
  0.10227389E+01 -0.40735986E+00
  0.10233022E+01 -0.41081190E+00
  0.10238654E+01 -0.41428137E+00
  0.10244287E+01 -0.41777003E+00
  0.10249919E+01 -0.42128181E+00
  0.10255552E+01 -0.42482413E+00
  0.10261184E+01 -0.42841026E+00
  0.10266817E+01 -0.43206265E+00
  0.10272450E+01 -0.43580833E+00
  0.10278082E+01 -0.43961894E+00
  0.10283715E+01 -0.44326497E+00
  0.10289347E+01 -0.44656973E+00
  0.10294980E+01 -0.44980113E+00
  0.10300612E+01 -0.45314314E+00
  0.10306245E+01 -0.45658639E+00
  0.10311878E+01 -0.46009342E+00
  0.10317510E+01 -0.46364018E+00
  0.10323143E+01 -0.46721367E+00
  0.10328775E+01 -0.47080691E+00
  0.10334408E+01 -0.47441600E+00
  0.10340040E+01 -0.47803866E+00
  0.10345673E+01 -0.48167351E+00
  0.10351306E+01 -0.48531969E+00
  0.10356938E+01 -0.48897660E+00
  0.10362571E+01 -0.49264387E+00
  0.10368203E+01 -0.49632125E+00
  0.10373836E+01 -0.50000859E+00
  0.10379468E+01 -0.50370589E+00
  0.10385101E+01 -0.50741329E+00
  0.10390734E+01 -0.51113109E+00
  0.10396366E+01 -0.51485971E+00
  0.10401999E+01 -0.51859969E+00
  0.10407631E+01 -0.52235201E+00
  0.10413264E+01 -0.52611981E+00
  0.10418896E+01 -0.52991189E+00
  0.10424529E+01 -0.53374786E+00
  0.10430162E+01 -0.53765705E+00
  0.10435794E+01 -0.54157355E+00
  0.10441427E+01 -0.54526531E+00
  0.10447059E+01 -0.54889635E+00
  0.10452692E+01 -0.55260589E+00
  0.10458324E+01 -0.55636901E+00
  0.10463957E+01 -0.56016117E+00
  0.10469590E+01 -0.56397106E+00
  0.10475222E+01 -0.56779350E+00
  0.10480855E+01 -0.57162592E+00
  0.10486487E+01 -0.57546689E+00
  0.10492120E+01 -0.57931551E+00
  0.10497752E+01 -0.58317118E+00
  0.10503385E+01 -0.58703343E+00
  0.10509017E+01 -0.59090187E+00
  0.10514650E+01 -0.59477616E+00
  0.10520283E+01 -0.59865598E+00
  0.10525915E+01 -0.60254103E+00
  0.10531548E+01 -0.60643101E+00
  0.10537180E+01 -0.61032563E+00
  0.10542813E+01 -0.61422460E+00
  0.10548445E+01 -0.61812761E+00
  0.10554078E+01 -0.62203436E+00
  0.10559711E+01 -0.62594454E+00
  0.10565343E+01 -0.62985783E+00
  0.10570976E+01 -0.63377392E+00
  0.10576608E+01 -0.63769247E+00
  0.10582241E+01 -0.64161313E+00
  0.10587873E+01 -0.64553557E+00
  0.10593506E+01 -0.64945941E+00
  0.10599139E+01 -0.65338427E+00
  0.10604771E+01 -0.65730978E+00
  0.10610404E+01 -0.66123552E+00
  0.10616036E+01 -0.66516108E+00
  0.10621669E+01 -0.66908603E+00
  0.10627301E+01 -0.67300991E+00
  0.10632934E+01 -0.67693229E+00
  0.10638567E+01 -0.68085270E+00
  0.10644199E+01 -0.68477070E+00
  0.10649832E+01 -0.68868587E+00
  0.10655464E+01 -0.69259789E+00
  0.10661097E+01 -0.69650651E+00
  0.10666729E+01 -0.70041172E+00
  0.10672362E+01 -0.70431378E+00
  0.10677995E+01 -0.70821341E+00
  0.10683627E+01 -0.71211196E+00
  0.10689260E+01 -0.71601156E+00
  0.10694892E+01 -0.71991527E+00
  0.10700525E+01 -0.72382699E+00
  0.10706157E+01 -0.72775110E+00
  0.10711790E+01 -0.73169159E+00
  0.10717423E+01 -0.73565086E+00
  0.10723055E+01 -0.73962852E+00
  0.10728688E+01 -0.74362086E+00
  0.10734320E+01 -0.74762136E+00
  0.10739953E+01 -0.75162221E+00
  0.10745585E+01 -0.75561602E+00
  0.10751218E+01 -0.75959711E+00
  0.10756851E+01 -0.76356195E+00
  0.10762483E+01 -0.76750893E+00
  0.10768116E+01 -0.77143785E+00
  0.10773748E+01 -0.77534934E+00
  0.10779381E+01 -0.77924441E+00
  0.10785013E+01 -0.78312416E+00
  0.10790646E+01 -0.78698962E+00
  0.10796279E+01 -0.79084162E+00
  0.10801911E+01 -0.79468086E+00
  0.10807544E+01 -0.79850781E+00
  0.10813176E+01 -0.80232282E+00
  0.10818809E+01 -0.80612610E+00
  0.10824441E+01 -0.80991773E+00
  0.10830074E+01 -0.81369772E+00
  0.10835707E+01 -0.81746599E+00
  0.10841339E+01 -0.82122242E+00
  0.10846972E+01 -0.82496683E+00
  0.10852604E+01 -0.82869901E+00
  0.10858237E+01 -0.83241871E+00
  0.10863869E+01 -0.83612568E+00
  0.10869502E+01 -0.83981963E+00
  0.10875134E+01 -0.84350025E+00
  0.10880767E+01 -0.84716723E+00
  0.10886400E+01 -0.85082026E+00
  0.10892032E+01 -0.85445899E+00
  0.10897665E+01 -0.85808310E+00
  0.10903297E+01 -0.86169225E+00
  0.10908930E+01 -0.86528609E+00
  0.10914562E+01 -0.86886427E+00
  0.10920195E+01 -0.87242646E+00
  0.10925828E+01 -0.87597232E+00
  0.10931460E+01 -0.87950150E+00
  0.10937093E+01 -0.88301368E+00
  0.10942725E+01 -0.88650853E+00
  0.10948358E+01 -0.88998576E+00
  0.10953990E+01 -0.89344506E+00
  0.10959623E+01 -0.89688619E+00
  0.10965256E+01 -0.90030890E+00
  0.10970888E+01 -0.90371301E+00
  0.10976521E+01 -0.90709842E+00
  0.10982153E+01 -0.91046510E+00
  0.10987786E+01 -0.91381316E+00
  0.10993418E+01 -0.91714293E+00
  0.10999051E+01 -0.92045505E+00
  0.11004684E+01 -0.92375071E+00
  0.11010316E+01 -0.92703197E+00
  0.11015949E+01 -0.93030255E+00
  0.11021581E+01 -0.93356934E+00
  0.11027214E+01 -0.93684599E+00
  0.11032846E+01 -0.94016247E+00
  0.11038479E+01 -0.94359456E+00
  0.11044112E+01 -0.94737993E+00
  0.11049744E+01 -0.95254251E+00
  0.11055377E+01 -0.96355287E+00
  0.11061009E+01 -0.96161498E+00
  0.11066642E+01 -0.95974647E+00
  0.11072274E+01 -0.96166026E+00
  0.11077907E+01 -0.96427792E+00
  0.11083540E+01 -0.96707316E+00
  0.11089172E+01 -0.96991713E+00
  0.11094805E+01 -0.97276631E+00
  0.11100437E+01 -0.97560269E+00
  0.11106070E+01 -0.97841807E+00
  0.11111702E+01 -0.98120851E+00
  0.11117335E+01 -0.98397183E+00
  0.11122968E+01 -0.98670669E+00
  0.11128600E+01 -0.98941210E+00
  0.11134233E+01 -0.99208725E+00
  0.11139865E+01 -0.99473144E+00
  0.11145498E+01 -0.99734404E+00
  0.11151130E+01 -0.99992445E+00
  0.11156763E+01 -0.10024721E+01
  0.11162396E+01 -0.10049865E+01
  0.11168028E+01 -0.10074672E+01
  0.11173661E+01 -0.10099135E+01
  0.11179293E+01 -0.10123252E+01
  0.11184926E+01 -0.10147017E+01
  0.11190558E+01 -0.10170425E+01
  0.11196191E+01 -0.10193473E+01
  0.11201824E+01 -0.10216156E+01
  0.11207456E+01 -0.10238470E+01
  0.11213089E+01 -0.10260411E+01
  0.11218721E+01 -0.10281974E+01
  0.11224354E+01 -0.10303156E+01
  0.11229986E+01 -0.10323952E+01
  0.11235619E+01 -0.10344358E+01
  0.11241251E+01 -0.10364371E+01
  0.11246884E+01 -0.10383986E+01
  0.11252517E+01 -0.10403199E+01
  0.11258149E+01 -0.10422007E+01
  0.11263782E+01 -0.10440405E+01
  0.11269414E+01 -0.10458389E+01
  0.11275047E+01 -0.10475955E+01
  0.11280679E+01 -0.10493099E+01
  0.11286312E+01 -0.10509817E+01
  0.11291945E+01 -0.10526105E+01
  0.11297577E+01 -0.10541959E+01
  0.11303210E+01 -0.10557375E+01
  0.11308842E+01 -0.10572349E+01
  0.11314475E+01 -0.10586877E+01
  0.11320107E+01 -0.10600954E+01
  0.11325740E+01 -0.10614577E+01
  0.11331373E+01 -0.10627741E+01
  0.11337005E+01 -0.10640442E+01
  0.11342638E+01 -0.10652677E+01
  0.11348270E+01 -0.10664441E+01
  0.11353903E+01 -0.10675730E+01
  0.11359535E+01 -0.10686539E+01
  0.11365168E+01 -0.10696865E+01
  0.11370801E+01 -0.10706704E+01
  0.11376433E+01 -0.10716051E+01
  0.11382066E+01 -0.10724903E+01
  0.11387698E+01 -0.10733254E+01
  0.11393331E+01 -0.10741102E+01
  0.11398963E+01 -0.10748443E+01
  0.11404596E+01 -0.10755271E+01
  0.11410229E+01 -0.10761584E+01
  0.11415861E+01 -0.10767376E+01
  0.11421494E+01 -0.10772645E+01
  0.11427126E+01 -0.10777387E+01
  0.11432759E+01 -0.10781597E+01
  0.11438391E+01 -0.10785272E+01
  0.11444024E+01 -0.10788408E+01
  0.11449657E+01 -0.10791002E+01
  0.11455289E+01 -0.10793049E+01
  0.11460922E+01 -0.10794546E+01
  0.11466554E+01 -0.10795490E+01
  0.11472187E+01 -0.10795876E+01
  0.11477819E+01 -0.10795702E+01
  0.11483452E+01 -0.10794963E+01
  0.11489085E+01 -0.10793657E+01
  0.11494717E+01 -0.10791779E+01
  0.11500350E+01 -0.10789327E+01
  0.11505982E+01 -0.10786297E+01
  0.11511615E+01 -0.10782685E+01
  0.11517247E+01 -0.10778489E+01
  0.11522880E+01 -0.10773705E+01
  0.11528513E+01 -0.10768331E+01
  0.11534145E+01 -0.10762363E+01
  0.11539778E+01 -0.10755798E+01
  0.11545410E+01 -0.10748635E+01
  0.11551043E+01 -0.10740870E+01
  0.11556675E+01 -0.10732502E+01
  0.11562308E+01 -0.10723529E+01
  0.11567941E+01 -0.10713950E+01
  0.11573573E+01 -0.10703764E+01
  0.11579206E+01 -0.10692971E+01
  0.11584838E+01 -0.12976378E+01
  0.11590471E+01 -0.12961819E+01
  0.11596103E+01 -0.12946638E+01
  0.11601736E+01 -0.12930839E+01
  0.11607368E+01 -0.12914427E+01
  0.11613001E+01 -0.12897409E+01
  0.11618634E+01 -0.12879801E+01
  0.11624266E+01 -0.12861624E+01
  0.11629899E+01 -0.12842916E+01
  0.11635531E+01 -0.12823744E+01
  0.11641164E+01 -0.12804225E+01
  0.11646796E+01 -0.12784584E+01
  0.11652429E+01 -0.12765247E+01
  0.11658062E+01 -0.12746966E+01
  0.11663694E+01 -0.12730423E+01
  0.11669327E+01 -0.12713088E+01
  0.11674959E+01 -0.12687612E+01
  0.11680592E+01 -0.12655734E+01
  0.11686224E+01 -0.12624131E+01
  0.11691857E+01 -0.12593974E+01
  0.11697490E+01 -0.12564508E+01
  0.11703122E+01 -0.12535105E+01
  0.11708755E+01 -0.12505404E+01
  0.11714387E+01 -0.12475207E+01
  0.11720020E+01 -0.12444403E+01
  0.11725652E+01 -0.12412925E+01
  0.11731285E+01 -0.12380735E+01
  0.11736918E+01 -0.12347814E+01
  0.11742550E+01 -0.12314161E+01
  0.11748183E+01 -0.12279792E+01
  0.11753815E+01 -0.12244746E+01
  0.11759448E+01 -0.12209086E+01
  0.11765080E+01 -0.12172892E+01
  0.11770713E+01 -0.12136246E+01
  0.11776346E+01 -0.12099208E+01
  0.11781978E+01 -0.12061784E+01
  0.11787611E+01 -0.12023924E+01
  0.11793243E+01 -0.11985537E+01
  0.11798876E+01 -0.11946523E+01
  0.11804508E+01 -0.11906797E+01
  0.11810141E+01 -0.11866302E+01
  0.11815774E+01 -0.11825007E+01
  0.11821406E+01 -0.11782905E+01
  0.11827039E+01 -0.11739998E+01
  0.11832671E+01 -0.11696298E+01
  0.11838304E+01 -0.11651820E+01
  0.11843936E+01 -0.11606580E+01
  0.11849569E+01 -0.11560597E+01
  0.11855202E+01 -0.11513891E+01
  0.11860834E+01 -0.11466483E+01
  0.11866467E+01 -0.11418394E+01
  0.11872099E+01 -0.11369641E+01
  0.11877732E+01 -0.11320228E+01
  0.11883364E+01 -0.11270125E+01
  0.11888997E+01 -0.11219253E+01
  0.11894630E+01 -0.11167497E+01
  0.11900262E+01 -0.11114752E+01
  0.11905895E+01 -0.11060993E+01
  0.11911527E+01 -0.11006280E+01
  0.11917160E+01 -0.10950710E+01
  0.11922792E+01 -0.10894360E+01
  0.11928425E+01 -0.10837280E+01
  0.11934058E+01 -0.10779491E+01
  0.11939690E+01 -0.10721000E+01
  0.11945323E+01 -0.10661805E+01
  0.11950955E+01 -0.10601901E+01
  0.11956588E+01 -0.10541283E+01
  0.11962220E+01 -0.10479945E+01
  0.11967853E+01 -0.10417882E+01
  0.11973485E+01 -0.10355090E+01
  0.11979118E+01 -0.10291567E+01
  0.11984751E+01 -0.10227308E+01
  0.11990383E+01 -0.10162313E+01
  0.11996016E+01 -0.10096579E+01
  0.12001648E+01 -0.10030107E+01
  0.12007281E+01 -0.99628942E+00
  0.12012913E+01 -0.98949419E+00
  0.12018546E+01 -0.98262501E+00
  0.12024179E+01 -0.97568199E+00
  0.12029811E+01 -0.96866536E+00
  0.12035444E+01 -0.96157555E+00
  0.12041076E+01 -0.95441327E+00
  0.12046709E+01 -0.94717968E+00
  0.12052341E+01 -0.93987647E+00
  0.12057974E+01 -0.93250594E+00
  0.12063607E+01 -0.92507088E+00
  0.12069239E+01 -0.91757417E+00
  0.12074872E+01 -0.91001846E+00
  0.12080504E+01 -0.90240639E+00
  0.12086137E+01 -0.89474254E+00
  0.12091769E+01 -0.88703139E+00
  0.12097402E+01 -0.87923409E+00
  0.12103035E+01 -0.87130260E+00
  0.12108667E+01 -0.86329899E+00
  0.12114300E+01 -0.85523990E+00
  0.12119932E+01 -0.84711740E+00
  0.12125565E+01 -0.83892700E+00
  0.12131197E+01 -0.83066702E+00
  0.12136830E+01 -0.82233700E+00
  0.12142463E+01 -0.81393688E+00
  0.12148095E+01 -0.80546677E+00
  0.12153728E+01 -0.79692683E+00
  0.12159360E+01 -0.78831730E+00
  0.12164993E+01 -0.77963863E+00
  0.12170625E+01 -0.77089171E+00
  0.12176258E+01 -0.76207812E+00
  0.12181891E+01 -0.75320003E+00
  0.12187523E+01 -0.74425966E+00
  0.12193156E+01 -0.73525841E+00
  0.12198788E+01 -0.72619643E+00
  0.12204421E+01 -0.71707289E+00
  0.12210053E+01 -0.70788680E+00
  0.12215686E+01 -0.69863745E+00
  0.12221319E+01 -0.68932469E+00
  0.12226951E+01 -0.67994877E+00
  0.12232584E+01 -0.67051030E+00
  0.12238216E+01 -0.66101010E+00
  0.12243849E+01 -0.65144907E+00
  0.12249481E+01 -0.64182810E+00
  0.12255114E+01 -0.63214783E+00
  0.12260747E+01 -0.62240836E+00
  0.12266379E+01 -0.61260892E+00
  0.12272012E+01 -0.60274762E+00
  0.12277644E+01 -0.59282175E+00
  0.12283277E+01 -0.58282849E+00
  0.12288909E+01 -0.57276607E+00
  0.12294542E+01 -0.56263453E+00
  0.12300174E+01 -0.55243554E+00
  0.12305807E+01 -0.54217159E+00
  0.12311440E+01 -0.53184506E+00
  0.12317072E+01 -0.52145763E+00
  0.12322705E+01 -0.51101017E+00
  0.12328337E+01 -0.50050308E+00
  0.12333970E+01 -0.48993684E+00
  0.12339602E+01 -0.47931248E+00
  0.12345235E+01 -0.46863136E+00
  0.12350868E+01 -0.45789472E+00
  0.12356500E+01 -0.44710331E+00
  0.12362133E+01 -0.43625748E+00
  0.12367765E+01 -0.42535730E+00
  0.12373398E+01 -0.41440278E+00
  0.12379030E+01 -0.40339383E+00
  0.12384663E+01 -0.39233029E+00
  0.12390296E+01 -0.38121179E+00
  0.12395928E+01 -0.37003774E+00
  0.12401561E+01 -0.35880723E+00
  0.12407193E+01 -0.34751931E+00
  0.12412826E+01 -0.33617390E+00
  0.12418458E+01 -0.32477546E+00
  0.12424091E+01 -0.31334600E+00
  0.12429724E+01 -0.30197051E+00
  0.12435356E+01 -0.29091673E+00
  0.12440989E+01 -0.28052641E+00
  0.12446621E+01 -0.26998290E+00
  0.12452254E+01 -0.25847359E+00
  0.12457886E+01 -0.24657278E+00
  0.12463519E+01 -0.23463017E+00
  0.12469152E+01 -0.22270399E+00
  0.12474784E+01 -0.21078672E+00
  0.12480417E+01 -0.19886474E+00
  0.12486049E+01 -0.18692772E+00
  0.12491682E+01 -0.17496879E+00
  0.12497314E+01 -0.16298345E+00
  0.12502947E+01 -0.15096883E+00
  0.12508580E+01 -0.13892304E+00
  0.12514212E+01 -0.12684487E+00
  0.12519845E+01 -0.11473357E+00
  0.12525477E+01 -0.10258867E+00
  0.12531110E+01 -0.90409898E-01
  0.12536742E+01 -0.78197115E-01
  0.12542375E+01 -0.65950297E-01
  0.12548008E+01 -0.53669520E-01
  0.12553640E+01 -0.41355033E-01
  0.12559273E+01 -0.29007416E-01
  0.12564905E+01 -0.16627922E-01
  0.12570538E+01 -0.42190484E-02
  0.12576170E+01  0.82144331E-02
  0.12581803E+01  0.20662233E-01
  0.12587436E+01  0.33091321E-01
  0.12593068E+01  0.45373039E-01
  0.12598701E+01  0.57761163E-01
  0.12604333E+01  0.70602755E-01
  0.12609966E+01  0.83328139E-01
  0.12615598E+01  0.96016981E-01
  0.12621231E+01  0.10871342E+00
  0.12626864E+01  0.12143077E+00
  0.12632496E+01  0.13417358E+00
  0.12638129E+01  0.14694337E+00
  0.12643761E+01  0.15973997E+00
  0.12649394E+01  0.17256168E+00
  0.12655026E+01  0.18540487E+00
  0.12660659E+01  0.19826373E+00
  0.12666291E+01  0.21113093E+00
  0.12671924E+01  0.22399956E+00
  0.12677557E+01  0.23686587E+00
  0.12683189E+01  0.24973089E+00
  0.12688822E+01  0.26259953E+00
  0.12694454E+01  0.27547818E+00
  0.12700087E+01  0.28837253E+00
  0.12705719E+01  0.30128699E+00
  0.12711352E+01  0.31422502E+00
  0.12716985E+01  0.32718969E+00
  0.12722617E+01  0.34018393E+00
  0.12728250E+01  0.35321013E+00
  0.12733882E+01  0.36626935E+00
  0.12739515E+01  0.37936064E+00
  0.12745147E+01  0.39248103E+00
  0.12750780E+01  0.40562613E+00
  0.12756413E+01  0.41879120E+00
  0.12762045E+01  0.43197198E+00
  0.12767678E+01  0.44516509E+00
  0.12773310E+01  0.45836813E+00
  0.12778943E+01  0.47157949E+00
  0.12784575E+01  0.48479810E+00
  0.12790208E+01  0.49802325E+00
  0.12795841E+01  0.51125442E+00
  0.12801473E+01  0.52449117E+00
  0.12807106E+01  0.53773309E+00
  0.12812738E+01  0.55097975E+00
  0.12818371E+01  0.56423068E+00
  0.12824003E+01  0.57748535E+00
  0.12829636E+01  0.59074316E+00
  0.12835269E+01  0.60400343E+00
  0.12840901E+01  0.61726538E+00
  0.12846534E+01  0.63052813E+00
  0.12852166E+01  0.64379071E+00
  0.12857799E+01  0.65705215E+00
  0.12863431E+01  0.67031160E+00
  0.12869064E+01  0.68356880E+00
  0.12874697E+01  0.69682480E+00
  0.12880329E+01  0.71008291E+00
  0.12885962E+01  0.72334925E+00
  0.12891594E+01  0.73663123E+00
  0.12897227E+01  0.74993337E+00
  0.12902859E+01  0.76325354E+00
  0.12908492E+01  0.77658385E+00
  0.12914125E+01  0.78991542E+00
  0.12919757E+01  0.80324206E+00
  0.12925390E+01  0.81656077E+00
  0.12931022E+01  0.82987070E+00
  0.12936655E+01  0.84317198E+00
  0.12942287E+01  0.85646502E+00
  0.12947920E+01  0.86975021E+00
  0.12953553E+01  0.88302780E+00
  0.12959185E+01  0.89629787E+00
  0.12964818E+01  0.90956037E+00
  0.12970450E+01  0.92281513E+00
  0.12976083E+01  0.93606193E+00
  0.12981715E+01  0.94930048E+00
  0.12987348E+01  0.96253045E+00
  0.12992981E+01  0.97575151E+00
  0.12998613E+01  0.98896331E+00
  0.13004246E+01  0.10021655E+01
  0.13009878E+01  0.10153577E+01
  0.13015511E+01  0.10285396E+01
  0.13021143E+01  0.10417107E+01
  0.13026776E+01  0.10548705E+01
  0.13032408E+01  0.10680184E+01
  0.13038041E+01  0.10811538E+01
  0.13043674E+01  0.10942757E+01
  0.13049306E+01  0.11073829E+01
  0.13054939E+01  0.11204743E+01
  0.13060571E+01  0.11335481E+01
  0.13066204E+01  0.11466025E+01
  0.13071836E+01  0.11596355E+01
  0.13077469E+01  0.11726447E+01
  0.13083102E+01  0.11856281E+01
  0.13088734E+01  0.11985843E+01
  0.13094367E+01  0.12115149E+01
  0.13099999E+01  0.12244284E+01
  0.13105632E+01  0.12373427E+01
  0.13111264E+01  0.12502754E+01
  0.13116897E+01  0.12632210E+01
  0.13122530E+01  0.12761528E+01
  0.13128162E+01  0.12890520E+01
  0.13133795E+01  0.13019158E+01
  0.13139427E+01  0.13147481E+01
  0.13145060E+01  0.13275535E+01
  0.13150692E+01  0.13403351E+01
  0.13156325E+01  0.13530945E+01
  0.13161958E+01  0.13658318E+01
  0.13167590E+01  0.13785459E+01
  0.13173223E+01  0.13912338E+01
  0.13178855E+01  0.14038902E+01
  0.13184488E+01  0.14165097E+01
  0.13190120E+01  0.14291014E+01
  0.13195753E+01  0.14417168E+01
  0.13201386E+01  0.14543853E+01
  0.13207018E+01  0.14670505E+01
  0.13212651E+01  0.14796752E+01
  0.13218283E+01  0.14922598E+01
  0.13223916E+01  0.15048108E+01
  0.13229548E+01  0.15173328E+01
  0.13235181E+01  0.15298281E+01
  0.13240814E+01  0.15422978E+01
  0.13246446E+01  0.15547424E+01
  0.13252079E+01  0.15671620E+01
  0.13257711E+01  0.15795566E+01
  0.13263344E+01  0.15919263E+01
  0.13268976E+01  0.16042709E+01
  0.13274609E+01  0.16165902E+01
  0.13280242E+01  0.16288844E+01
  0.13285874E+01  0.16411532E+01
  0.13291507E+01  0.16533967E+01
  0.13297139E+01  0.16656151E+01
  0.13302772E+01  0.16778084E+01
  0.13308404E+01  0.16899770E+01
  0.13314037E+01  0.17021216E+01
  0.13319670E+01  0.17142429E+01
  0.13325302E+01  0.17263423E+01
  0.13330935E+01  0.17384221E+01
  0.13336567E+01  0.17504852E+01
  0.13342200E+01  0.17625358E+01
  0.13347832E+01  0.17745781E+01
  0.13353465E+01  0.17866119E+01
  0.13359098E+01  0.17986239E+01
  0.13364730E+01  0.18105785E+01
  0.13370363E+01  0.18224371E+01
  0.13375995E+01  0.18341991E+01
  0.13381628E+01  0.18459009E+01
  0.13387260E+01  0.18575754E+01
  0.13392893E+01  0.18692361E+01
  0.13398525E+01  0.18808839E+01
  0.13404158E+01  0.18925155E+01
  0.13409791E+01  0.19041276E+01
  0.13415423E+01  0.19157171E+01
  0.13421056E+01  0.19272819E+01
  0.13426688E+01  0.19388204E+01
  0.13432321E+01  0.19503315E+01
  0.13437953E+01  0.19618145E+01
  0.13443586E+01  0.19732688E+01
  0.13449219E+01  0.19846941E+01
  0.13454851E+01  0.19960901E+01
  0.13460484E+01  0.20074567E+01
  0.13466116E+01  0.20187938E+01
  0.13471749E+01  0.20301016E+01
  0.13477381E+01  0.20413801E+01
  0.13483014E+01  0.20526291E+01
  0.13488647E+01  0.20638488E+01
  0.13494279E+01  0.20750390E+01
  0.13499912E+01  0.20861994E+01
  0.13505544E+01  0.20973298E+01
  0.13511177E+01  0.21084300E+01
  0.13516809E+01  0.21194997E+01
  0.13522442E+01  0.21305388E+01
  0.13528075E+01  0.21415472E+01
  0.13533707E+01  0.21525247E+01
  0.13539340E+01  0.21634713E+01
  0.13544972E+01  0.21743872E+01
  0.13550605E+01  0.21852722E+01
  0.13556237E+01  0.21961265E+01
  0.13561870E+01  0.22069502E+01
  0.13567503E+01  0.22177435E+01
  0.13573135E+01  0.22285064E+01
  0.13578768E+01  0.22392392E+01
  0.13584400E+01  0.22499420E+01
  0.13590033E+01  0.22606151E+01
  0.13595665E+01  0.22712587E+01
  0.13601298E+01  0.22818730E+01
  0.13606931E+01  0.22924580E+01
  0.13612563E+01  0.23030139E+01
  0.13618196E+01  0.23135405E+01
  0.13623828E+01  0.23240376E+01
  0.13629461E+01  0.23345050E+01
  0.13635093E+01  0.23449426E+01
  0.13640726E+01  0.23553504E+01
  0.13646359E+01  0.23657286E+01
  0.13651991E+01  0.23760771E+01
  0.13657624E+01  0.23863960E+01
  0.13663256E+01  0.23966850E+01
  0.13668889E+01  0.24069439E+01
  0.13674521E+01  0.24171725E+01
  0.13680154E+01  0.24273707E+01
  0.13685787E+01  0.24375388E+01
  0.13691419E+01  0.24476773E+01
  0.13697052E+01  0.24577866E+01
  0.13702684E+01  0.24678673E+01
  0.13708317E+01  0.24779200E+01
  0.13713949E+01  0.24879449E+01
  0.13719582E+01  0.24979424E+01
  0.13725215E+01  0.25079129E+01
  0.13730847E+01  0.25178565E+01
  0.13736480E+01  0.25277735E+01
  0.13742112E+01  0.25376640E+01
  0.13747745E+01  0.25475282E+01
  0.13753377E+01  0.25573662E+01
  0.13759010E+01  0.25671782E+01
  0.13764642E+01  0.25769644E+01
  0.13770275E+01  0.25867250E+01
  0.13775908E+01  0.25964600E+01
  0.13781540E+01  0.26061698E+01
  0.13787173E+01  0.26158544E+01
  0.13792805E+01  0.26255141E+01
  0.13798438E+01  0.26351490E+01
  0.13804070E+01  0.26447594E+01
  0.13809703E+01  0.26543454E+01
  0.13815336E+01  0.26639073E+01
  0.13820968E+01  0.26734453E+01
  0.13826601E+01  0.26829595E+01
  0.13832233E+01  0.26924502E+01
  0.13837866E+01  0.27019177E+01
  0.13843498E+01  0.27113622E+01
  0.13849131E+01  0.27207838E+01
  0.13854764E+01  0.27301829E+01
  0.13860396E+01  0.27395597E+01
  0.13866029E+01  0.27489145E+01
  0.13871661E+01  0.27582476E+01
  0.13877294E+01  0.27675593E+01
  0.13882926E+01  0.27768498E+01
  0.13888559E+01  0.27861195E+01
  0.13894192E+01  0.27953688E+01
  0.13899824E+01  0.28045980E+01
  0.13905457E+01  0.28138074E+01
  0.13911089E+01  0.28229975E+01
  0.13916722E+01  0.28321686E+01
  0.13922354E+01  0.28413210E+01
  0.13927987E+01  0.28504553E+01
  0.13933620E+01  0.28595716E+01
  0.13939252E+01  0.28686704E+01
  0.13944885E+01  0.28777520E+01
  0.13950517E+01  0.28868168E+01
  0.13956150E+01  0.28958650E+01
  0.13961782E+01  0.29048968E+01
  0.13967415E+01  0.29139126E+01
  0.13973048E+01  0.29229126E+01
  0.13978680E+01  0.29318968E+01
  0.13984313E+01  0.29408656E+01
  0.13989945E+01  0.29498190E+01
  0.13995578E+01  0.29587570E+01
  0.14001210E+01  0.29676799E+01
  0.14006843E+01  0.29765875E+01
  0.14012476E+01  0.29854800E+01
  0.14018108E+01  0.29943573E+01
  0.14023741E+01  0.30032194E+01
  0.14029373E+01  0.30120664E+01
  0.14035006E+01  0.30208984E+01
  0.14040638E+01  0.30297154E+01
  0.14046271E+01  0.30385176E+01
  0.14051904E+01  0.30473051E+01
  0.14057536E+01  0.30560782E+01
  0.14063169E+01  0.30648372E+01
  0.14068801E+01  0.30735825E+01
  0.14074434E+01  0.30823143E+01
  0.14080066E+01  0.30910332E+01
  0.14085699E+01  0.30997396E+01
  0.14091332E+01  0.31084338E+01
  0.14096964E+01  0.31171164E+01
  0.14102597E+01  0.31257878E+01
  0.14108229E+01  0.31344482E+01
  0.14113862E+01  0.31430981E+01
  0.14119494E+01  0.31517379E+01
  0.14125127E+01  0.31603678E+01
  0.14130759E+01  0.31689883E+01
  0.14136392E+01  0.31775996E+01
  0.14142025E+01  0.31862021E+01
  0.14147657E+01  0.31947960E+01
  0.14153290E+01  0.32033815E+01
  0.14158922E+01  0.32119590E+01
  0.14164555E+01  0.32205285E+01
  0.14170187E+01  0.32290902E+01
  0.14175820E+01  0.32376442E+01
  0.14181453E+01  0.32461904E+01
  0.14187085E+01  0.32547289E+01
  0.14192718E+01  0.32632594E+01
  0.14198350E+01  0.32717818E+01
  0.14203983E+01  0.32802956E+01
  0.14209615E+01  0.32888003E+01
  0.14215248E+01  0.32972953E+01
  0.14220881E+01  0.33057800E+01
  0.14226513E+01  0.33142540E+01
  0.14232146E+01  0.33227186E+01
  0.14237778E+01  0.33311772E+01
  0.14243411E+01  0.33396372E+01
  0.14249043E+01  0.33481073E+01
  0.14254676E+01  0.33565932E+01
  0.14260309E+01  0.33650920E+01
  0.14265941E+01  0.33735954E+01
  0.14271574E+01  0.33820952E+01
  0.14277206E+01  0.33905869E+01
  0.14282839E+01  0.33990689E+01
  0.14288471E+01  0.34075416E+01
  0.14294104E+01  0.34160057E+01
  0.14299737E+01  0.34244623E+01
  0.14305369E+01  0.34329123E+01
  0.14311002E+01  0.34413564E+01
  0.14316634E+01  0.34497951E+01
  0.14322267E+01  0.34582289E+01
  0.14327899E+01  0.34666581E+01
  0.14333532E+01  0.34750830E+01
  0.14339165E+01  0.34835039E+01
  0.14344797E+01  0.34919207E+01
  0.14350430E+01  0.35003338E+01
  0.14356062E+01  0.35087430E+01
  0.14361695E+01  0.35171485E+01
  0.14367327E+01  0.35255503E+01
  0.14372960E+01  0.35339483E+01
  0.14378593E+01  0.35423425E+01
  0.14384225E+01  0.35507328E+01
  0.14389858E+01  0.35591190E+01
  0.14395490E+01  0.35675011E+01
  0.14401123E+01  0.35758787E+01
  0.14406755E+01  0.35842518E+01
  0.14412388E+01  0.35926201E+01
  0.14418021E+01  0.36009834E+01
  0.14423653E+01  0.36093414E+01
  0.14429286E+01  0.36176938E+01
  0.14434918E+01  0.36260403E+01
  0.14440551E+01  0.36343807E+01
  0.14446183E+01  0.36427146E+01
  0.14451816E+01  0.36510418E+01
  0.14457448E+01  0.36593618E+01
  0.14463081E+01  0.36676744E+01
  0.14468714E+01  0.36759791E+01
  0.14474346E+01  0.36842757E+01
  0.14479979E+01  0.36925636E+01
  0.14485611E+01  0.37008424E+01
  0.14491244E+01  0.37091116E+01
  0.14496876E+01  0.37173705E+01
  0.14502509E+01  0.37256182E+01
  0.14508142E+01  0.37338538E+01
  0.14513774E+01  0.37420758E+01
  0.14519407E+01  0.37502824E+01
  0.14525039E+01  0.37584707E+01
  0.14530672E+01  0.37666372E+01
  0.14536304E+01  0.37747772E+01
  0.14541937E+01  0.37828877E+01
  0.14547570E+01  0.37909744E+01
  0.14553202E+01  0.37990661E+01
  0.14558835E+01  0.38072101E+01
  0.14564467E+01  0.38154180E+01
  0.14570100E+01  0.38236457E+01
  0.14575732E+01  0.38318506E+01
  0.14581365E+01  0.38400194E+01
  0.14586998E+01  0.38481544E+01
  0.14592630E+01  0.38562611E+01
  0.14598263E+01  0.38643439E+01
  0.14603895E+01  0.38724061E+01
  0.14609528E+01  0.38804495E+01
  0.14615160E+01  0.38884754E+01
  0.14620793E+01  0.38964848E+01
  0.14626426E+01  0.39044785E+01
  0.14632058E+01  0.39124573E+01
  0.14637691E+01  0.39204223E+01
  0.14643323E+01  0.39283752E+01
  0.14648956E+01  0.39363186E+01
  0.14654588E+01  0.39442570E+01
  0.14660221E+01  0.39521984E+01
  0.14665854E+01  0.39601575E+01
  0.14671486E+01  0.39681629E+01
  0.14677119E+01  0.39762697E+01
  0.14682751E+01  0.39845738E+01
  0.14688384E+01  0.39931306E+01
  0.14694016E+01  0.40014761E+01
  0.14699649E+01  0.40088077E+01
  0.14705282E+01  0.40157053E+01
  0.14710914E+01  0.40228065E+01
  0.14716547E+01  0.40301190E+01
  0.14722179E+01  0.40375446E+01
  0.14727812E+01  0.40450203E+01
  0.14733444E+01  0.40525126E+01
  0.14739077E+01  0.40600034E+01
  0.14744710E+01  0.40674824E+01
  0.14750342E+01  0.40749435E+01
  0.14755975E+01  0.40823827E+01
  0.14761607E+01  0.40897970E+01
  0.14767240E+01  0.40971845E+01
  0.14772872E+01  0.41045435E+01
  0.14778505E+01  0.41118726E+01
  0.14784138E+01  0.41191707E+01
  0.14789770E+01  0.41264366E+01
  0.14795403E+01  0.41336693E+01
  0.14801035E+01  0.41408679E+01
  0.14806668E+01  0.41480315E+01
  0.14812300E+01  0.41551592E+01
  0.14817933E+01  0.41622502E+01
  0.14823565E+01  0.41693035E+01
  0.14829198E+01  0.41763183E+01
  0.14834831E+01  0.41832938E+01
  0.14840463E+01  0.41902292E+01
  0.14846096E+01  0.41971236E+01
  0.14851728E+01  0.42039762E+01
  0.14857361E+01  0.42107861E+01
  0.14862993E+01  0.42175527E+01
  0.14868626E+01  0.42242750E+01
  0.14874259E+01  0.42309522E+01
  0.14879891E+01  0.42375836E+01
  0.14885524E+01  0.42441684E+01
  0.14891156E+01  0.42507056E+01
  0.14896789E+01  0.42571946E+01
  0.14902421E+01  0.42636345E+01
  0.14908054E+01  0.42700245E+01
  0.14913687E+01  0.42763639E+01
  0.14919319E+01  0.42826518E+01
  0.14924952E+01  0.42888874E+01
  0.14930584E+01  0.42950700E+01
  0.14936217E+01  0.43011987E+01
  0.14941849E+01  0.43072728E+01
  0.14947482E+01  0.43132915E+01
  0.14953115E+01  0.43192540E+01
  0.14958747E+01  0.43251595E+01
  0.14964380E+01  0.43310072E+01
  0.14970012E+01  0.43367964E+01
  0.14975645E+01  0.43425262E+01
  0.14981277E+01  0.43481960E+01
  0.14986910E+01  0.43538049E+01
  0.14992543E+01  0.43593521E+01
  0.14998175E+01  0.43648370E+01
  0.15003808E+01  0.43702586E+01
  0.15009440E+01  0.43756164E+01
  0.15015073E+01  0.43809094E+01
  0.15020705E+01  0.43861370E+01
  0.15026338E+01  0.43912985E+01
  0.15031971E+01  0.43963930E+01
  0.15037603E+01  0.44014199E+01
  0.15043236E+01  0.44063783E+01
  0.15048868E+01  0.44112677E+01
  0.15054501E+01  0.44160872E+01
  0.15060133E+01  0.44208361E+01
  0.15065766E+01  0.44255138E+01
  0.15071399E+01  0.44301194E+01
  0.15077031E+01  0.44346524E+01
  0.15082664E+01  0.44391121E+01
  0.15088296E+01  0.44434977E+01
  0.15093929E+01  0.44478085E+01
  0.15099561E+01  0.44520440E+01
  0.15105194E+01  0.44562033E+01
  0.15110827E+01  0.44602860E+01
  0.15116459E+01  0.44642913E+01
  0.15122092E+01  0.44682186E+01
  0.15127724E+01  0.44720672E+01
  0.15133357E+01  0.44758366E+01
  0.15138989E+01  0.44795260E+01
  0.15144622E+01  0.44831350E+01
  0.15150255E+01  0.44866629E+01
  0.15155887E+01  0.44901092E+01
  0.15161520E+01  0.44934732E+01
  0.15167152E+01  0.44967543E+01
  0.15172785E+01  0.44999521E+01
  0.15178417E+01  0.45030659E+01
  0.15184050E+01  0.45060953E+01
  0.15189682E+01  0.45090396E+01
  0.15195315E+01  0.45118985E+01
  0.15200948E+01  0.45146712E+01
  0.15206580E+01  0.45173574E+01
  0.15212213E+01  0.45199566E+01
  0.15217845E+01  0.45224682E+01
  0.15223478E+01  0.45248918E+01
  0.15229110E+01  0.45272269E+01
  0.15234743E+01  0.45294730E+01
  0.15240376E+01  0.45316298E+01
  0.15246008E+01  0.45336966E+01
  0.15251641E+01  0.45356732E+01
  0.15257273E+01  0.45375591E+01
  0.15262906E+01  0.45393539E+01
  0.15268538E+01  0.45410571E+01
  0.15274171E+01  0.45426684E+01
  0.15279804E+01  0.45441874E+01
  0.15285436E+01  0.45456138E+01
  0.15291069E+01  0.45469471E+01
  0.15296701E+01  0.45481872E+01
  0.15302334E+01  0.45493335E+01
  0.15307966E+01  0.45503859E+01
  0.15313599E+01  0.45513439E+01
  0.15319232E+01  0.45522074E+01
  0.15324864E+01  0.45529761E+01
  0.15330497E+01  0.45536496E+01
  0.15336129E+01  0.45542278E+01
  0.15341762E+01  0.45547104E+01
  0.15347394E+01  0.45550973E+01
  0.15353027E+01  0.45553883E+01
  0.15358660E+01  0.45555835E+01
  0.15364292E+01  0.45556829E+01
  0.15369925E+01  0.45556868E+01
  0.15375557E+01  0.45555955E+01
  0.15381190E+01  0.45554094E+01
  0.15386822E+01  0.45551288E+01
  0.15392456E+01  0.45547540E+01
  
