  0.00000000E+00  0.45484517E+01
  0.56340304E-03  0.45485267E+01
  0.11268061E-02  0.45485067E+01
  0.16902091E-02  0.45483917E+01
  0.22536122E-02  0.45481816E+01
  0.28170152E-02  0.45478763E+01
  0.33804183E-02  0.45474759E+01
  0.39438213E-02  0.45469802E+01
  0.45072244E-02  0.45463893E+01
  0.50706274E-02  0.45457032E+01
  0.56340304E-02  0.45449220E+01
  0.61974335E-02  0.45440457E+01
  0.67608365E-02  0.45430744E+01
  0.73242396E-02  0.45420081E+01
  0.78876426E-02  0.45408468E+01
  0.84510457E-02  0.45395907E+01
  0.90144487E-02  0.45382398E+01
  0.95778518E-02  0.45367942E+01
  0.10141255E-01  0.45352539E+01
  0.10704658E-01  0.45336190E+01
  0.11268061E-01  0.45318897E+01
  0.11831464E-01  0.45300664E+01
  0.12394867E-01  0.45281498E+01
  0.12958270E-01  0.45261411E+01
  0.13521673E-01  0.45240416E+01
  0.14085076E-01  0.45218528E+01
  0.14648479E-01  0.45195751E+01
  0.15211882E-01  0.45172086E+01
  0.15775285E-01  0.45147523E+01
  0.16338688E-01  0.45122058E+01
  0.16902091E-01  0.45095686E+01
  0.17465494E-01  0.45068406E+01
  0.18028897E-01  0.45040221E+01
  0.18592300E-01  0.45011134E+01
  0.19155704E-01  0.44981152E+01
  0.19719107E-01  0.44950278E+01
  0.20282510E-01  0.44918519E+01
  0.20845913E-01  0.44885880E+01
  0.21409316E-01  0.44852367E+01
  0.21972719E-01  0.44817986E+01
  0.22536122E-01  0.44782744E+01
  0.23099525E-01  0.44746645E+01
  0.23662928E-01  0.44709695E+01
  0.24226331E-01  0.44671901E+01
  0.24789734E-01  0.44633267E+01
  0.25353137E-01  0.44593800E+01
  0.25916540E-01  0.44553504E+01
  0.26479943E-01  0.44512385E+01
  0.27043346E-01  0.44470448E+01
  0.27606749E-01  0.44427699E+01
  0.28170152E-01  0.44384142E+01
  0.28733555E-01  0.44339783E+01
  0.29296958E-01  0.44294629E+01
  0.29860361E-01  0.44248685E+01
  0.30423764E-01  0.44201957E+01
  0.30987167E-01  0.44154452E+01
  0.31550571E-01  0.44106175E+01
  0.32113974E-01  0.44057134E+01
  0.32677377E-01  0.44007336E+01
  0.33240780E-01  0.43956786E+01
  0.33804183E-01  0.43905492E+01
  0.34367586E-01  0.43853461E+01
  0.34930989E-01  0.43800699E+01
  0.35494392E-01  0.43747214E+01
  0.36057795E-01  0.43693013E+01
  0.36621198E-01  0.43638102E+01
  0.37184601E-01  0.43582490E+01
  0.37748004E-01  0.43526183E+01
  0.38311407E-01  0.43469189E+01
  0.38874810E-01  0.43411515E+01
  0.39438213E-01  0.43353168E+01
  0.40001616E-01  0.43294156E+01
  0.40565019E-01  0.43234486E+01
  0.41128422E-01  0.43174166E+01
  0.41691825E-01  0.43113203E+01
  0.42255228E-01  0.43051604E+01
  0.42818631E-01  0.42989378E+01
  0.43382034E-01  0.42926532E+01
  0.43945437E-01  0.42863073E+01
  0.44508841E-01  0.42799010E+01
  0.45072244E-01  0.42734350E+01
  0.45635647E-01  0.42669100E+01
  0.46199050E-01  0.42603269E+01
  0.46762453E-01  0.42536864E+01
  0.47325856E-01  0.42469893E+01
  0.47889259E-01  0.42402364E+01
  0.48452662E-01  0.42334284E+01
  0.49016065E-01  0.42265662E+01
  0.49579468E-01  0.42196505E+01
  0.50142871E-01  0.42126820E+01
  0.50706274E-01  0.42056616E+01
  0.51269677E-01  0.41985901E+01
  0.51833080E-01  0.41914681E+01
  0.52396483E-01  0.41842966E+01
  0.52959886E-01  0.41770761E+01
  0.53523289E-01  0.41698076E+01
  0.54086692E-01  0.41624917E+01
  0.54650095E-01  0.41551293E+01
  0.55213498E-01  0.41477210E+01
  0.55776901E-01  0.41402675E+01
  0.56340304E-01  0.41327697E+01
  0.56903708E-01  0.41252283E+01
  0.57467111E-01  0.41176439E+01
  0.58030514E-01  0.41100173E+01
  0.58593917E-01  0.41023492E+01
  0.59157320E-01  0.40946402E+01
  0.59720723E-01  0.40868910E+01
  0.60284126E-01  0.40791022E+01
  0.60847529E-01  0.40712745E+01
  0.61410932E-01  0.40634083E+01
  0.61974335E-01  0.40555043E+01
  0.62537738E-01  0.40475627E+01
  0.63101141E-01  0.40395840E+01
  0.63664544E-01  0.40315681E+01
  0.64227947E-01  0.40235150E+01
  0.64791350E-01  0.40154238E+01
  0.65354753E-01  0.40072932E+01
  0.65918156E-01  0.39991204E+01
  0.66481559E-01  0.39908999E+01
  0.67044962E-01  0.39826219E+01
  0.67608365E-01  0.39742665E+01
  0.68171768E-01  0.39657939E+01
  0.68735171E-01  0.39571245E+01
  0.69298575E-01  0.39481424E+01
  0.69861978E-01  0.39390056E+01
  0.70425381E-01  0.39307186E+01
  0.70988784E-01  0.39232061E+01
  0.71552187E-01  0.39154703E+01
  0.72115590E-01  0.39074105E+01
  0.72678993E-01  0.38991602E+01
  0.73242396E-01  0.38908024E+01
  0.73805799E-01  0.38823778E+01
  0.74369202E-01  0.38739060E+01
  0.74932605E-01  0.38653969E+01
  0.75496008E-01  0.38568556E+01
  0.76059411E-01  0.38482850E+01
  0.76622814E-01  0.38396870E+01
  0.77186217E-01  0.38310635E+01
  0.77749620E-01  0.38224166E+01
  0.78313023E-01  0.38137484E+01
  0.78876426E-01  0.38050607E+01
  0.79439829E-01  0.37963548E+01
  0.80003232E-01  0.37876313E+01
  0.80566635E-01  0.37788900E+01
  0.81130038E-01  0.37701302E+01
  0.81693441E-01  0.37613506E+01
  0.82256845E-01  0.37525496E+01
  0.82820248E-01  0.37437282E+01
  0.83383651E-01  0.37348952E+01
  0.83947054E-01  0.37260724E+01
  0.84510457E-01  0.37172779E+01
  0.85073860E-01  0.37084997E+01
  0.85637263E-01  0.36997124E+01
  0.86200666E-01  0.36909039E+01
  0.86764069E-01  0.36820741E+01
  0.87327472E-01  0.36732263E+01
  0.87890875E-01  0.36643636E+01
  0.88454278E-01  0.36554885E+01
  0.89017681E-01  0.36466026E+01
  0.89581084E-01  0.36377071E+01
  0.90144487E-01  0.36288030E+01
  0.90707890E-01  0.36198910E+01
  0.91271293E-01  0.36109716E+01
  0.91834696E-01  0.36020455E+01
  0.92398099E-01  0.35931130E+01
  0.92961502E-01  0.35841746E+01
  0.93524905E-01  0.35752307E+01
  0.94088308E-01  0.35662817E+01
  0.94651712E-01  0.35573280E+01
  0.95215115E-01  0.35483699E+01
  0.95778518E-01  0.35394078E+01
  0.96341921E-01  0.35304420E+01
  0.96905324E-01  0.35214729E+01
  0.97468727E-01  0.35125007E+01
  0.98032130E-01  0.35035260E+01
  0.98595533E-01  0.34945488E+01
  0.99158936E-01  0.34855697E+01
  0.99722339E-01  0.34765888E+01
  0.10028574E+00  0.34676065E+01
  0.10084915E+00  0.34586230E+01
  0.10141255E+00  0.34496387E+01
  0.10197595E+00  0.34406538E+01
  0.10253935E+00  0.34316684E+01
  0.10310276E+00  0.34226830E+01
  0.10366616E+00  0.34136976E+01
  0.10422956E+00  0.34047125E+01
  0.10479297E+00  0.33957278E+01
  0.10535637E+00  0.33867439E+01
  0.10591977E+00  0.33777608E+01
  0.10648318E+00  0.33687788E+01
  0.10704658E+00  0.33597980E+01
  0.10760998E+00  0.33508186E+01
  0.10817338E+00  0.33418407E+01
  0.10873679E+00  0.33328647E+01
  0.10930019E+00  0.33238906E+01
  0.10986359E+00  0.33149187E+01
  0.11042700E+00  0.33059492E+01
  0.11099040E+00  0.32969824E+01
  0.11155380E+00  0.32880185E+01
  0.11211721E+00  0.32790580E+01
  0.11268061E+00  0.32701012E+01
  0.11324401E+00  0.32611483E+01
  0.11380742E+00  0.32521988E+01
  0.11437082E+00  0.32432511E+01
  0.11493422E+00  0.32343030E+01
  0.11549762E+00  0.32253539E+01
  0.11606103E+00  0.32164056E+01
  0.11662443E+00  0.32074600E+01
  0.11718783E+00  0.31985183E+01
  0.11775124E+00  0.31895809E+01
  0.11831464E+00  0.31806479E+01
  0.11887804E+00  0.31717190E+01
  0.11944145E+00  0.31627943E+01
  0.12000485E+00  0.31538736E+01
  0.12056825E+00  0.31449569E+01
  0.12113165E+00  0.31360444E+01
  0.12169506E+00  0.31271358E+01
  0.12225846E+00  0.31182314E+01
  0.12282186E+00  0.31093311E+01
  0.12338527E+00  0.31004351E+01
  0.12394867E+00  0.30915436E+01
  0.12451207E+00  0.30826567E+01
  0.12507548E+00  0.30737747E+01
  0.12563888E+00  0.30648981E+01
  0.12620228E+00  0.30560273E+01
  0.12676569E+00  0.30471630E+01
  0.12732909E+00  0.30383059E+01
  0.12789249E+00  0.30294564E+01
  0.12845589E+00  0.30206152E+01
  0.12901930E+00  0.30117823E+01
  0.12958270E+00  0.30029579E+01
  0.13014610E+00  0.29941419E+01
  0.13070951E+00  0.29853341E+01
  0.13127291E+00  0.29765343E+01
  0.13183631E+00  0.29677421E+01
  0.13239972E+00  0.29589567E+01
  0.13296312E+00  0.29501768E+01
  0.13352652E+00  0.29414003E+01
  0.13408992E+00  0.29326238E+01
  0.13465333E+00  0.29238432E+01
  0.13521673E+00  0.29150535E+01
  0.13578013E+00  0.29062498E+01
  0.13634354E+00  0.28974288E+01
  0.13690694E+00  0.28885900E+01
  0.13747034E+00  0.28797355E+01
  0.13803375E+00  0.28708702E+01
  0.13859715E+00  0.28619997E+01
  0.13916055E+00  0.28531296E+01
  0.13972396E+00  0.28442639E+01
  0.14028736E+00  0.28354057E+01
  0.14085076E+00  0.28265562E+01
  0.14141416E+00  0.28177161E+01
  0.14197757E+00  0.28088852E+01
  0.14254097E+00  0.28000629E+01
  0.14310437E+00  0.27912487E+01
  0.14366778E+00  0.27824417E+01
  0.14423118E+00  0.27736413E+01
  0.14479458E+00  0.27648468E+01
  0.14535799E+00  0.27560577E+01
  0.14592139E+00  0.27472735E+01
  0.14648479E+00  0.27384937E+01
  0.14704819E+00  0.27297180E+01
  0.14761160E+00  0.27209460E+01
  0.14817500E+00  0.27121775E+01
  0.14873840E+00  0.27034122E+01
  0.14930181E+00  0.26946500E+01
  0.14986521E+00  0.26858906E+01
  0.15042861E+00  0.26771338E+01
  0.15099202E+00  0.26683796E+01
  0.15155542E+00  0.26596277E+01
  0.15211882E+00  0.26508780E+01
  0.15268223E+00  0.26421305E+01
  0.15324563E+00  0.26333850E+01
  0.15380903E+00  0.26246414E+01
  0.15437243E+00  0.26158997E+01
  0.15493584E+00  0.26071596E+01
  0.15549924E+00  0.25984213E+01
  0.15606264E+00  0.25896845E+01
  0.15662605E+00  0.25809492E+01
  0.15718945E+00  0.25722152E+01
  0.15775285E+00  0.25634826E+01
  0.15831626E+00  0.25547512E+01
  0.15887966E+00  0.25460209E+01
  0.15944306E+00  0.25372917E+01
  0.16000646E+00  0.25285633E+01
  0.16056987E+00  0.25198357E+01
  0.16113327E+00  0.25111088E+01
  0.16169667E+00  0.25023823E+01
  0.16226008E+00  0.24936562E+01
  0.16282348E+00  0.24849303E+01
  0.16338688E+00  0.24762042E+01
  0.16395029E+00  0.24674779E+01
  0.16451369E+00  0.24587511E+01
  0.16507709E+00  0.24500233E+01
  0.16564050E+00  0.24412944E+01
  0.16620390E+00  0.24325640E+01
  0.16676730E+00  0.24238319E+01
  0.16733070E+00  0.24150979E+01
  0.16789411E+00  0.24063623E+01
  0.16845751E+00  0.23976260E+01
  0.16902091E+00  0.23888912E+01
  0.16958432E+00  0.23801611E+01
  0.17014772E+00  0.23714401E+01
  0.17071112E+00  0.23627322E+01
  0.17127453E+00  0.23540396E+01
  0.17183793E+00  0.23453613E+01
  0.17240133E+00  0.23366935E+01
  0.17296473E+00  0.23280313E+01
  0.17352814E+00  0.23193709E+01
  0.17409154E+00  0.23107097E+01
  0.17465494E+00  0.23020468E+01
  0.17521835E+00  0.22933822E+01
  0.17578175E+00  0.22847165E+01
  0.17634515E+00  0.22760506E+01
  0.17690856E+00  0.22673852E+01
  0.17747196E+00  0.22587214E+01
  0.17803536E+00  0.22500598E+01
  0.17859877E+00  0.22414007E+01
  0.17916217E+00  0.22327436E+01
  0.17972557E+00  0.22240865E+01
  0.18028897E+00  0.22154254E+01
  0.18085238E+00  0.22067538E+01
  0.18141578E+00  0.21980647E+01
  0.18197918E+00  0.21893551E+01
  0.18254259E+00  0.21806298E+01
  0.18310599E+00  0.21718993E+01
  0.18366939E+00  0.21631735E+01
  0.18423280E+00  0.21544582E+01
  0.18479620E+00  0.21457548E+01
  0.18535960E+00  0.21370627E+01
  0.18592300E+00  0.21283807E+01
  0.18648641E+00  0.21197078E+01
  0.18704981E+00  0.21110437E+01
  0.18761321E+00  0.21023887E+01
  0.18817662E+00  0.20937435E+01
  0.18874002E+00  0.20851088E+01
  0.18930342E+00  0.20764845E+01
  0.18986683E+00  0.20678680E+01
  0.19043023E+00  0.20592545E+01
  0.19099363E+00  0.20506383E+01
  0.19155704E+00  0.20420160E+01
  0.19212044E+00  0.20333875E+01
  0.19268384E+00  0.20247551E+01
  0.19324724E+00  0.20161214E+01
  0.19381065E+00  0.20074885E+01
  0.19437405E+00  0.19988576E+01
  0.19493745E+00  0.19902294E+01
  0.19550086E+00  0.19816041E+01
  0.19606426E+00  0.19729819E+01
  0.19662766E+00  0.19643631E+01
  0.19719107E+00  0.19557477E+01
  0.19775447E+00  0.19471362E+01
  0.19831787E+00  0.19385287E+01
  0.19888127E+00  0.19299255E+01
  0.19944468E+00  0.19213265E+01
  0.20000808E+00  0.19127321E+01
  0.20057148E+00  0.19041421E+01
  0.20113489E+00  0.18955566E+01
  0.20169829E+00  0.18869757E+01
  0.20226169E+00  0.18783995E+01
  0.20282510E+00  0.18698279E+01
  0.20338850E+00  0.18612613E+01
  0.20395190E+00  0.18527001E+01
  0.20451531E+00  0.18441447E+01
  0.20507871E+00  0.18355959E+01
  0.20564211E+00  0.18270544E+01
  0.20620551E+00  0.18185218E+01
  0.20676892E+00  0.18100013E+01
  0.20733232E+00  0.18014976E+01
  0.20789572E+00  0.17930130E+01
  0.20845913E+00  0.17845436E+01
  0.20902253E+00  0.17760848E+01
  0.20958593E+00  0.17676341E+01
  0.21014934E+00  0.17591909E+01
  0.21071274E+00  0.17507551E+01
  0.21127614E+00  0.17423269E+01
  0.21183954E+00  0.17339064E+01
  0.21240295E+00  0.17254941E+01
  0.21296635E+00  0.17170900E+01
  0.21352975E+00  0.17086945E+01
  0.21409316E+00  0.17003079E+01
  0.21465656E+00  0.16919304E+01
  0.21521996E+00  0.16835623E+01
  0.21578337E+00  0.16752037E+01
  0.21634677E+00  0.16668550E+01
  0.21691017E+00  0.16585163E+01
  0.21747358E+00  0.16501879E+01
  0.21803698E+00  0.16418698E+01
  0.21860038E+00  0.16335622E+01
  0.21916378E+00  0.16252653E+01
  0.21972719E+00  0.16169793E+01
  0.22029059E+00  0.16087042E+01
  0.22085399E+00  0.16004401E+01
  0.22141740E+00  0.15921873E+01
  0.22198080E+00  0.15839457E+01
  0.22254420E+00  0.15757156E+01
  0.22310761E+00  0.15674972E+01
  0.22367101E+00  0.15592906E+01
  0.22423441E+00  0.15510961E+01
  0.22479781E+00  0.15429142E+01
  0.22536122E+00  0.15347452E+01
  0.22592462E+00  0.15265897E+01
  0.22648802E+00  0.15184486E+01
  0.22705143E+00  0.15103224E+01
  0.22761483E+00  0.15022121E+01
  0.22817823E+00  0.14941183E+01
  0.22874164E+00  0.14860418E+01
  0.22930504E+00  0.14779859E+01
  0.22986844E+00  0.14699643E+01
  0.23043185E+00  0.14620178E+01
  0.23099525E+00  0.14542261E+01
  0.23155865E+00  0.14467253E+01
  0.23212205E+00  0.14399263E+01
  0.23268546E+00  0.14345169E+01
  0.23324886E+00  0.14257178E+01
  0.23381226E+00  0.14160988E+01
  0.23437567E+00  0.14077398E+01
  0.23493907E+00  0.13998246E+01
  0.23550247E+00  0.13920903E+01
  0.23606588E+00  0.13844523E+01
  0.23662928E+00  0.13768652E+01
  0.23719268E+00  0.13692841E+01
  0.23775608E+00  0.13616611E+01
  0.23831949E+00  0.13539627E+01
  0.23888289E+00  0.13461905E+01
  0.23944629E+00  0.13383769E+01
  0.24000970E+00  0.13305621E+01
  0.24057310E+00  0.13227754E+01
  0.24113650E+00  0.13150308E+01
  0.24169991E+00  0.13073322E+01
  0.24226331E+00  0.12996781E+01
  0.24282671E+00  0.12920650E+01
  0.24339012E+00  0.12844890E+01
  0.24395352E+00  0.12769467E+01
  0.24451692E+00  0.12694353E+01
  0.24508032E+00  0.12619525E+01
  0.24564373E+00  0.12544966E+01
  0.24620713E+00  0.12470670E+01
  0.24677053E+00  0.12396638E+01
  0.24733394E+00  0.12322891E+01
  0.24789734E+00  0.12249469E+01
  0.24846074E+00  0.12176443E+01
  0.24902415E+00  0.12103917E+01
  0.24958755E+00  0.12032031E+01
  0.25015095E+00  0.11961009E+01
  0.25071435E+00  0.11891561E+01
  0.25127776E+00  0.11830181E+01
  0.25184116E+00  0.11783140E+01
  0.25240456E+00  0.11682995E+01
  0.25296797E+00  0.11610882E+01
  0.25353137E+00  0.11540716E+01
  0.25409477E+00  0.11470843E+01
  0.25465818E+00  0.11400955E+01
  0.25522158E+00  0.11330994E+01
  0.25578498E+00  0.11261005E+01
  0.25634839E+00  0.11191077E+01
  0.25691179E+00  0.11121312E+01
  0.25747519E+00  0.11051796E+01
  0.25803859E+00  0.10982589E+01
  0.25860200E+00  0.10913728E+01
  0.25916540E+00  0.10845231E+01
  0.25972880E+00  0.10777101E+01
  0.26029221E+00  0.10709337E+01
  0.26085561E+00  0.10641933E+01
  0.26141901E+00  0.10574880E+01
  0.26198242E+00  0.10508174E+01
  0.26254582E+00  0.10441807E+01
  0.26310922E+00  0.10375774E+01
  0.26367262E+00  0.10310074E+01
  0.26423603E+00  0.10244703E+01
  0.26479943E+00  0.10179667E+01
  0.26536283E+00  0.10114985E+01
  0.26592624E+00  0.10050779E+01
  0.26648964E+00  0.99877210E+00
  0.26705304E+00  0.99241775E+00
  0.26761645E+00  0.98599407E+00
  0.26817985E+00  0.97965296E+00
  0.26874325E+00  0.97335901E+00
  0.26930666E+00  0.96710139E+00
  0.26987006E+00  0.96087649E+00
  0.27043346E+00  0.95468259E+00
  0.27099686E+00  0.94851854E+00
  0.27156027E+00  0.94238336E+00
  0.27212367E+00  0.93627607E+00
  0.27268707E+00  0.93019573E+00
  0.27325048E+00  0.92414139E+00
  0.27381388E+00  0.91811223E+00
  0.27437728E+00  0.91210767E+00
  0.27494069E+00  0.90612745E+00
  0.27550409E+00  0.90017176E+00
  0.27606749E+00  0.89424124E+00
  0.27663089E+00  0.88833690E+00
  0.27719430E+00  0.88246004E+00
  0.27775770E+00  0.87661201E+00
  0.27832110E+00  0.87079412E+00
  0.27888451E+00  0.86500749E+00
  0.27944791E+00  0.85925297E+00
  0.28001131E+00  0.85353117E+00
  0.28057472E+00  0.84784243E+00
  0.28113812E+00  0.84218689E+00
  0.28170152E+00  0.83656456E+00
  0.28226493E+00  0.83097536E+00
  0.28282833E+00  0.82541920E+00
  0.28339173E+00  0.81989597E+00
  0.28395513E+00  0.81440560E+00
  0.28451854E+00  0.80894807E+00
  0.28508194E+00  0.80352337E+00
  0.28564534E+00  0.79813152E+00
  0.28620875E+00  0.79277254E+00
  0.28677215E+00  0.78744642E+00
  0.28733555E+00  0.78215311E+00
  0.28789896E+00  0.77689251E+00
  0.28846236E+00  0.77166448E+00
  0.28902576E+00  0.76646883E+00
  0.28958917E+00  0.76130535E+00
  0.29015257E+00  0.75617382E+00
  0.29071597E+00  0.75107400E+00
  0.29127937E+00  0.74600565E+00
  0.29184278E+00  0.74096854E+00
  0.29240618E+00  0.73596243E+00
  0.29296958E+00  0.73098711E+00
  0.29353299E+00  0.72604236E+00
  0.29409639E+00  0.72112803E+00
  0.29465979E+00  0.71624399E+00
  0.29522320E+00  0.71139019E+00
  0.29578660E+00  0.70656673E+00
  0.29635000E+00  0.70177383E+00
  0.29691340E+00  0.69701193E+00
  0.29747681E+00  0.69228168E+00
  0.29804021E+00  0.68758385E+00
  0.29860361E+00  0.68291928E+00
  0.29916702E+00  0.67828869E+00
  0.29973042E+00  0.67369255E+00
  0.30029382E+00  0.66913091E+00
  0.30085723E+00  0.66460347E+00
  0.30142063E+00  0.66010958E+00
  0.30198403E+00  0.65564847E+00
  0.30254744E+00  0.65121932E+00
  0.30311084E+00  0.64682150E+00
  0.30367424E+00  0.64245464E+00
  0.30423764E+00  0.63811868E+00
  0.30480105E+00  0.63381397E+00
  0.30536445E+00  0.62954112E+00
  0.30592785E+00  0.62530085E+00
  0.30649126E+00  0.62109369E+00
  0.30705466E+00  0.61691980E+00
  0.30761806E+00  0.61277885E+00
  0.30818147E+00  0.60867015E+00
  0.30874487E+00  0.60459292E+00
  0.30930827E+00  0.60054643E+00
  0.30987167E+00  0.59653017E+00
  0.31043508E+00  0.59254383E+00
  0.31099848E+00  0.58858729E+00
  0.31156188E+00  0.58466062E+00
  0.31212529E+00  0.58076408E+00
  0.31268869E+00  0.57689818E+00
  0.31325209E+00  0.57306381E+00
  0.31381550E+00  0.56926264E+00
  0.31437890E+00  0.56549802E+00
  0.31494230E+00  0.56177735E+00
  0.31550571E+00  0.55811956E+00
  0.31606911E+00  0.55458387E+00
  0.31663251E+00  0.55141145E+00
  0.31719591E+00  0.54939633E+00
  0.31775932E+00  0.54509852E+00
  0.31832272E+00  0.54034896E+00
  0.31888612E+00  0.53646088E+00
  0.31944953E+00  0.53281195E+00
  0.32001293E+00  0.52925705E+00
  0.32057633E+00  0.52575685E+00
  0.32113974E+00  0.52229783E+00
  0.32170314E+00  0.51887465E+00
  0.32226654E+00  0.51548512E+00
  0.32282994E+00  0.51212840E+00
  0.32339335E+00  0.50880413E+00
  0.32395675E+00  0.50551161E+00
  0.32452015E+00  0.50224878E+00
  0.32508356E+00  0.49901127E+00
  0.32564696E+00  0.49579297E+00
  0.32621036E+00  0.49258927E+00
  0.32677377E+00  0.48940064E+00
  0.32733717E+00  0.48623214E+00
  0.32790057E+00  0.48308945E+00
  0.32846398E+00  0.47997621E+00
  0.32902738E+00  0.47689377E+00
  0.32959078E+00  0.47384212E+00
  0.33015418E+00  0.47082062E+00
  0.33071759E+00  0.46782845E+00
  0.33128099E+00  0.46486479E+00
  0.33184439E+00  0.46192887E+00
  0.33240780E+00  0.45901998E+00
  0.33297120E+00  0.45613749E+00
  0.33353460E+00  0.45328080E+00
  0.33409801E+00  0.45044936E+00
  0.33466141E+00  0.44764262E+00
  0.33522481E+00  0.44486007E+00
  0.33578821E+00  0.44210123E+00
  0.33635162E+00  0.43936561E+00
  0.33691502E+00  0.43665277E+00
  0.33747842E+00  0.43396232E+00
  0.33804183E+00  0.43129391E+00
  0.33860523E+00  0.42864733E+00
  0.33916863E+00  0.42602251E+00
  0.33973204E+00  0.42341957E+00
  0.34029544E+00  0.42083889E+00
  0.34085884E+00  0.41828107E+00
  0.34142225E+00  0.41574687E+00
  0.34198565E+00  0.41323715E+00
  0.34254905E+00  0.41075262E+00
  0.34311245E+00  0.40829372E+00
  0.34367586E+00  0.40586046E+00
  0.34423926E+00  0.40345242E+00
  0.34480266E+00  0.40106888E+00
  0.34536607E+00  0.39870905E+00
  0.34592947E+00  0.39637229E+00
  0.34649287E+00  0.39405841E+00
  0.34705628E+00  0.39176772E+00
  0.34761968E+00  0.38950112E+00
  0.34818308E+00  0.38725982E+00
  0.34874648E+00  0.38504505E+00
  0.34930989E+00  0.38285759E+00
  0.34987329E+00  0.38069749E+00
  0.35043669E+00  0.37856404E+00
  0.35100010E+00  0.37645604E+00
  0.35156350E+00  0.37437215E+00
  0.35212690E+00  0.37231117E+00
  0.35269031E+00  0.37027216E+00
  0.35325371E+00  0.36825427E+00
  0.35381711E+00  0.36625670E+00
  0.35438052E+00  0.36427878E+00
  0.35494392E+00  0.36232004E+00
  0.35550732E+00  0.36038024E+00
  0.35607072E+00  0.35845934E+00
  0.35663413E+00  0.35655739E+00
  0.35719753E+00  0.35467447E+00
  0.35776093E+00  0.35281069E+00
  0.35832434E+00  0.35096610E+00
  0.35888774E+00  0.34914077E+00
  0.35945114E+00  0.34733473E+00
  0.36001455E+00  0.34554800E+00
  0.36057795E+00  0.34378056E+00
  0.36114135E+00  0.34203240E+00
  0.36170475E+00  0.34030347E+00
  0.36226816E+00  0.33859371E+00
  0.36283156E+00  0.33690304E+00
  0.36339496E+00  0.33523135E+00
  0.36395837E+00  0.33357852E+00
  0.36452177E+00  0.33194439E+00
  0.36508517E+00  0.33032879E+00
  0.36564858E+00  0.32873150E+00
  0.36621198E+00  0.32715230E+00
  0.36677538E+00  0.32559090E+00
  0.36733879E+00  0.32404703E+00
  0.36790219E+00  0.32252040E+00
  0.36846559E+00  0.32101069E+00
  0.36902899E+00  0.31951762E+00
  0.36959240E+00  0.31804089E+00
  0.37015580E+00  0.31658023E+00
  0.37071920E+00  0.31513541E+00
  0.37128261E+00  0.31370622E+00
  0.37184601E+00  0.31229249E+00
  0.37240941E+00  0.31089404E+00
  0.37297282E+00  0.30951078E+00
  0.37353622E+00  0.30814257E+00
  0.37409962E+00  0.30678935E+00
  0.37466302E+00  0.30545104E+00
  0.37522643E+00  0.30412756E+00
  0.37578983E+00  0.30281886E+00
  0.37635323E+00  0.30152489E+00
  0.37691664E+00  0.30024558E+00
  0.37748004E+00  0.29898090E+00
  0.37804344E+00  0.29773078E+00
  0.37860685E+00  0.29649519E+00
  0.37917025E+00  0.29527407E+00
  0.37973365E+00  0.29406738E+00
  0.38029706E+00  0.29287509E+00
  0.38086046E+00  0.29169716E+00
  0.38142386E+00  0.29053357E+00
  0.38198726E+00  0.28938431E+00
  0.38255067E+00  0.28824938E+00
  0.38311407E+00  0.28712881E+00
  0.38367747E+00  0.28602266E+00
  0.38424088E+00  0.28493100E+00
  0.38480428E+00  0.28385399E+00
  0.38536768E+00  0.28279181E+00
  0.38593109E+00  0.28174474E+00
  0.38649449E+00  0.28071314E+00
  0.38705789E+00  0.27969749E+00
  0.38762129E+00  0.27869836E+00
  0.38818470E+00  0.27771636E+00
  0.38874810E+00  0.27675201E+00
  0.38931150E+00  0.27580542E+00
  0.38987491E+00  0.27487575E+00
  0.39043831E+00  0.27396059E+00
  0.39100171E+00  0.27305575E+00
  0.39156512E+00  0.27215636E+00
  0.39212852E+00  0.27125935E+00
  0.39269192E+00  0.27036556E+00
  0.39325533E+00  0.26947935E+00
  0.39381873E+00  0.26860634E+00
  0.39438213E+00  0.26775129E+00
  0.39494553E+00  0.26691729E+00
  0.39550894E+00  0.26610580E+00
  0.39607234E+00  0.26531680E+00
  0.39663574E+00  0.26454873E+00
  0.39719915E+00  0.26379818E+00
  0.39776255E+00  0.26305972E+00
  0.39832595E+00  0.26232639E+00
  0.39888936E+00  0.26159108E+00
  0.39945276E+00  0.26084866E+00
  0.40001616E+00  0.26009755E+00
  0.40057956E+00  0.25933999E+00
  0.40114297E+00  0.25858066E+00
  0.40170637E+00  0.25782479E+00
  0.40226977E+00  0.25707679E+00
  0.40283318E+00  0.25633972E+00
  0.40339658E+00  0.25561529E+00
  0.40395998E+00  0.25490426E+00
  0.40452339E+00  0.25420674E+00
  0.40508679E+00  0.25352253E+00
  0.40565019E+00  0.25285125E+00
  0.40621360E+00  0.25219247E+00
  0.40677700E+00  0.25154580E+00
  0.40734040E+00  0.25091084E+00
  0.40790380E+00  0.25028726E+00
  0.40846721E+00  0.24967475E+00
  0.40903061E+00  0.24907304E+00
  0.40959401E+00  0.24848189E+00
  0.41015742E+00  0.24790107E+00
  0.41072082E+00  0.24733037E+00
  0.41128422E+00  0.24676960E+00
  0.41184763E+00  0.24621857E+00
  0.41241103E+00  0.24567712E+00
  0.41297443E+00  0.24514507E+00
  0.41353783E+00  0.24462226E+00
  0.41410124E+00  0.24410854E+00
  0.41466464E+00  0.24360375E+00
  0.41522804E+00  0.24310775E+00
  0.41579145E+00  0.24262040E+00
  0.41635485E+00  0.24214156E+00
  0.41691825E+00  0.24167110E+00
  0.41748166E+00  0.24120890E+00
  0.41804506E+00  0.24075485E+00
  0.41860846E+00  0.24030883E+00
  0.41917187E+00  0.23987074E+00
  0.41973527E+00  0.23944050E+00
  0.42029867E+00  0.23901800E+00
  0.42086207E+00  0.23860319E+00
  0.42142548E+00  0.23819598E+00
  0.42198888E+00  0.23779631E+00
  0.42255228E+00  0.23740412E+00
  0.42311569E+00  0.23701935E+00
  0.42367909E+00  0.23664195E+00
  0.42424249E+00  0.23627188E+00
  0.42480590E+00  0.23590907E+00
  0.42536930E+00  0.23555348E+00
  0.42593270E+00  0.23520505E+00
  0.42649610E+00  0.23486374E+00
  0.42705951E+00  0.23452948E+00
  0.42762291E+00  0.23420222E+00
  0.42818631E+00  0.23388188E+00
  0.42874972E+00  0.23356841E+00
  0.42931312E+00  0.23326175E+00
  0.42987652E+00  0.23296180E+00
  0.43043993E+00  0.23266852E+00
  0.43100333E+00  0.23238182E+00
  0.43156673E+00  0.23210164E+00
  0.43213014E+00  0.23182789E+00
  0.43269354E+00  0.23156052E+00
  0.43325694E+00  0.23129944E+00
  0.43382034E+00  0.23104458E+00
  0.43438375E+00  0.23079589E+00
  0.43494715E+00  0.23055328E+00
  0.43551055E+00  0.23031670E+00
  0.43607396E+00  0.23008607E+00
  0.43663736E+00  0.22986134E+00
  0.43720076E+00  0.22964244E+00
  0.43776417E+00  0.22942931E+00
  0.43832757E+00  0.22922190E+00
  0.43889097E+00  0.22902014E+00
  0.43945437E+00  0.22882398E+00
  0.44001778E+00  0.22863337E+00
  0.44058118E+00  0.22844825E+00
  0.44114458E+00  0.22826857E+00
  0.44170799E+00  0.22809428E+00
  0.44227139E+00  0.22792533E+00
  0.44283479E+00  0.22776167E+00
  0.44339820E+00  0.22760325E+00
  0.44396160E+00  0.22745002E+00
  0.44452500E+00  0.22730194E+00
  0.44508841E+00  0.22715896E+00
  0.44565181E+00  0.43341305E+00
  0.44621521E+00  0.43356113E+00
  0.44677861E+00  0.43371533E+00
  0.44734202E+00  0.43387558E+00
  0.44790542E+00  0.43404182E+00
  0.44846882E+00  0.43421400E+00
  0.44903223E+00  0.43439213E+00
  0.44959563E+00  0.43457632E+00
  0.45015903E+00  0.43476688E+00
  0.45072244E+00  0.43496427E+00
  0.45128584E+00  0.43516875E+00
  0.45184924E+00  0.43537982E+00
  0.45241264E+00  0.43559650E+00
  0.45297605E+00  0.43581814E+00
  0.45353945E+00  0.43604463E+00
  0.45410285E+00  0.43627611E+00
  0.45466626E+00  0.43651271E+00
  0.45522966E+00  0.43675451E+00
  0.45579306E+00  0.43700152E+00
  0.45635647E+00  0.43725375E+00
  0.45691987E+00  0.43751115E+00
  0.45748327E+00  0.43777369E+00
  0.45804668E+00  0.43804131E+00
  0.45861008E+00  0.43831396E+00
  0.45917348E+00  0.43859158E+00
  0.45973688E+00  0.43887412E+00
  0.46030029E+00  0.43916152E+00
  0.46086369E+00  0.43945374E+00
  0.46142709E+00  0.43975071E+00
  0.46199050E+00  0.44005239E+00
  0.46255390E+00  0.44035872E+00
  0.46311730E+00  0.44066964E+00
  0.46368071E+00  0.44098510E+00
  0.46424411E+00  0.44130501E+00
  0.46480751E+00  0.44162929E+00
  0.46537091E+00  0.44195784E+00
  0.46593432E+00  0.44229054E+00
  0.46649772E+00  0.44262725E+00
  0.46706112E+00  0.44296785E+00
  0.46762453E+00  0.44331218E+00
  0.46818793E+00  0.44366010E+00
  0.46875133E+00  0.44401149E+00
  0.46931474E+00  0.44436622E+00
  0.46987814E+00  0.44472421E+00
  0.47044154E+00  0.44508535E+00
  0.47100495E+00  0.44544955E+00
  0.47156835E+00  0.44581676E+00
  0.47213175E+00  0.44618688E+00
  0.47269515E+00  0.44655984E+00
  0.47325856E+00  0.44693558E+00
  0.47382196E+00  0.44731400E+00
  0.47438536E+00  0.44769505E+00
  0.47494877E+00  0.44807864E+00
  0.47551217E+00  0.44846470E+00
  0.47607557E+00  0.44885317E+00
  0.47663898E+00  0.44924402E+00
  0.47720238E+00  0.44963724E+00
  0.47776578E+00  0.45003290E+00
  0.47832918E+00  0.45043126E+00
  0.47889259E+00  0.45083308E+00
  0.47945599E+00  0.45124080E+00
  0.48001939E+00  0.45166439E+00
  0.48058280E+00  0.45217326E+00
  0.48114620E+00  0.45354553E+00
  0.48170960E+00  0.45304193E+00
  0.48227301E+00  0.45331037E+00
  0.48283641E+00  0.45368803E+00
  0.48339981E+00  0.45408571E+00
  0.48396322E+00  0.45449019E+00
  0.48452662E+00  0.45489803E+00
  0.48509002E+00  0.45530814E+00
  0.48565342E+00  0.45572019E+00
  0.48621683E+00  0.45613424E+00
  0.48678023E+00  0.45655058E+00
  0.48734363E+00  0.45696966E+00
  0.48790704E+00  0.45739206E+00
  0.48847044E+00  0.45781840E+00
  0.48903384E+00  0.45824937E+00
  0.48959725E+00  0.45868558E+00
  0.49016065E+00  0.45912755E+00
  0.49072405E+00  0.45957568E+00
  0.49128746E+00  0.46003013E+00
  0.49185086E+00  0.46049089E+00
  0.49241426E+00  0.46095773E+00
  0.49297766E+00  0.46143028E+00
  0.49354107E+00  0.46190800E+00
  0.49410447E+00  0.46239029E+00
  0.49466787E+00  0.46287653E+00
  0.49523128E+00  0.46336607E+00
  0.49579468E+00  0.46385834E+00
  0.49635808E+00  0.46435279E+00
  0.49692149E+00  0.46484897E+00
  0.49748489E+00  0.46534648E+00
  0.49804829E+00  0.46584500E+00
  0.49861169E+00  0.46634427E+00
  0.49917510E+00  0.46684409E+00
  0.49973850E+00  0.46734429E+00
  0.50030190E+00  0.46784476E+00
  0.50086531E+00  0.46834540E+00
  0.50142871E+00  0.46884615E+00
  0.50199211E+00  0.46934695E+00
  0.50255552E+00  0.46984778E+00
  0.50311892E+00  0.47034861E+00
  0.50368232E+00  0.47084941E+00
  0.50424573E+00  0.47135018E+00
  0.50480913E+00  0.47185089E+00
  0.50537253E+00  0.47235155E+00
  0.50593593E+00  0.47285213E+00
  0.50649934E+00  0.47335264E+00
  0.50706274E+00  0.47385308E+00
  0.50762614E+00  0.47435347E+00
  0.50818955E+00  0.47485386E+00
  0.50875295E+00  0.47535434E+00
  0.50931635E+00  0.47585517E+00
  0.50987976E+00  0.47635684E+00
  0.51044316E+00  0.47686056E+00
  0.51100656E+00  0.47736925E+00
  0.51156996E+00  0.47789026E+00
  0.51213337E+00  0.47843808E+00
  0.51269677E+00  0.47900190E+00
  0.51326017E+00  0.47949817E+00
  0.51382358E+00  0.47995174E+00
  0.51438698E+00  0.48041600E+00
  0.51495038E+00  0.48089314E+00
  0.51551379E+00  0.48137774E+00
  0.51607719E+00  0.48186645E+00
  0.51664059E+00  0.48235757E+00
  0.51720400E+00  0.48285022E+00
  0.51776740E+00  0.48334389E+00
  0.51833080E+00  0.48383831E+00
  0.51889420E+00  0.48433326E+00
  0.51945761E+00  0.48482855E+00
  0.52002101E+00  0.48532401E+00
  0.52058441E+00  0.48581943E+00
  0.52114782E+00  0.48631462E+00
  0.52171122E+00  0.48680939E+00
  0.52227462E+00  0.48730355E+00
  0.52283803E+00  0.48779692E+00
  0.52340143E+00  0.48828935E+00
  0.52396483E+00  0.48878073E+00
  0.52452823E+00  0.48927093E+00
  0.52509164E+00  0.48975987E+00
  0.52565504E+00  0.49024748E+00
  0.52621844E+00  0.49073372E+00
  0.52678185E+00  0.49121853E+00
  0.52734525E+00  0.49170188E+00
  0.52790865E+00  0.49218374E+00
  0.52847206E+00  0.49266411E+00
  0.52903546E+00  0.49314295E+00
  0.52959886E+00  0.49362028E+00
  0.53016227E+00  0.49409609E+00
  0.53072567E+00  0.49457039E+00
  0.53128907E+00  0.49504322E+00
  0.53185247E+00  0.49551461E+00
  0.53241588E+00  0.49598464E+00
  0.53297928E+00  0.49645339E+00
  0.53354268E+00  0.49692099E+00
  0.53410609E+00  0.49738760E+00
  0.53466949E+00  0.49785338E+00
  0.53523289E+00  0.49831856E+00
  0.53579630E+00  0.49878332E+00
  0.53635970E+00  0.49924787E+00
  0.53692310E+00  0.49971235E+00
  0.53748650E+00  0.50017682E+00
  0.53804991E+00  0.50064125E+00
  0.53861331E+00  0.50110551E+00
  0.53917671E+00  0.50156936E+00
  0.53974012E+00  0.50203248E+00
  0.54030352E+00  0.50249453E+00
  0.54086692E+00  0.50295512E+00
  0.54143033E+00  0.50341391E+00
  0.54199373E+00  0.50387060E+00
  0.54255713E+00  0.50432496E+00
  0.54312054E+00  0.50477680E+00
  0.54368394E+00  0.50522602E+00
  0.54424734E+00  0.50567253E+00
  0.54481074E+00  0.50611631E+00
  0.54537415E+00  0.50655737E+00
  0.54593755E+00  0.50699573E+00
  0.54650095E+00  0.50743143E+00
  0.54706436E+00  0.50786450E+00
  0.54762776E+00  0.50829501E+00
  0.54819116E+00  0.50872298E+00
  0.54875457E+00  0.50914847E+00
  0.54931797E+00  0.50957152E+00
  0.54988137E+00  0.50999216E+00
  0.55044477E+00  0.51041042E+00
  0.55100818E+00  0.51082633E+00
  0.55157158E+00  0.51123990E+00
  0.55213498E+00  0.51165114E+00
  0.55269839E+00  0.51206008E+00
  0.55326179E+00  0.51246671E+00
  0.55382519E+00  0.51287105E+00
  0.55438860E+00  0.51327308E+00
  0.55495200E+00  0.51367282E+00
  0.55551540E+00  0.51407025E+00
  0.55607881E+00  0.51446536E+00
  0.55664221E+00  0.51485815E+00
  0.55720561E+00  0.51524860E+00
  0.55776901E+00  0.51563670E+00
  0.55833242E+00  0.51602242E+00
  0.55889582E+00  0.51640575E+00
  0.55945922E+00  0.51678668E+00
  0.56002263E+00  0.51716520E+00
  0.56058603E+00  0.51754135E+00
  0.56114943E+00  0.51791521E+00
  0.56171284E+00  0.51828693E+00
  0.56227624E+00  0.51865673E+00
  0.56283964E+00  0.51902469E+00
  0.56340339E+00  0.51939058E+00
  0.56396713E+00  0.52001108E+00
  0.56453088E+00  0.52061142E+00
  0.56509462E+00  0.52119164E+00
  0.56565837E+00  0.52175174E+00
  0.56622211E+00  0.52229168E+00
  0.56678586E+00  0.52281143E+00
  0.56734960E+00  0.52331096E+00
  0.56791335E+00  0.52379025E+00
  0.56847709E+00  0.52424931E+00
  0.56904084E+00  0.52468811E+00
  0.56960458E+00  0.52510667E+00
  0.57016833E+00  0.52550500E+00
  0.57073207E+00  0.52588310E+00
  0.57129582E+00  0.52624098E+00
  0.57185956E+00  0.52657864E+00
  0.57242331E+00  0.52689609E+00
  0.57298705E+00  0.52719334E+00
  0.57355080E+00  0.52747039E+00
  0.57411454E+00  0.52772725E+00
  0.57467829E+00  0.52796391E+00
  0.57524203E+00  0.52818038E+00
  0.57580578E+00  0.52837666E+00
  0.57636952E+00  0.52855277E+00
  0.57693327E+00  0.52870871E+00
  0.57749701E+00  0.52884450E+00
  0.57806076E+00  0.52896017E+00
  0.57862450E+00  0.52905574E+00
  0.57918825E+00  0.52913125E+00
  0.57975199E+00  0.52918674E+00
  0.58031574E+00  0.52922226E+00
  0.58087948E+00  0.52923786E+00
  0.58144323E+00  0.52923360E+00
  0.58200697E+00  0.52920954E+00
  0.58257072E+00  0.52916572E+00
  0.58313446E+00  0.52910222E+00
  0.58369821E+00  0.52901909E+00
  0.58426195E+00  0.52891638E+00
  0.58482570E+00  0.52879414E+00
  0.58538944E+00  0.52865243E+00
  0.58595319E+00  0.52849128E+00
  0.58651693E+00  0.52831074E+00
  0.58708068E+00  0.52811085E+00
  0.58764442E+00  0.52789165E+00
  0.58820817E+00  0.52765318E+00
  0.58877191E+00  0.52739546E+00
  0.58933566E+00  0.52711854E+00
  0.58989940E+00  0.52682246E+00
  0.59046315E+00  0.52650724E+00
  0.59102689E+00  0.52617293E+00
  0.59159064E+00  0.52581956E+00
  0.59215438E+00  0.52544717E+00
  0.59271813E+00  0.52505579E+00
  0.59328187E+00  0.52464547E+00
  0.59384562E+00  0.52421625E+00
  0.59440936E+00  0.52376817E+00
  0.59497311E+00  0.52330127E+00
  0.59553685E+00  0.52281559E+00
  0.59610060E+00  0.52231118E+00
  0.59666434E+00  0.52178809E+00
  0.59722809E+00  0.52124637E+00
  0.59779183E+00  0.52068606E+00
  0.59835558E+00  0.52010721E+00
  0.59891932E+00  0.51950989E+00
  0.59948307E+00  0.51889413E+00
  0.60004681E+00  0.51826000E+00
  0.60061056E+00  0.51760755E+00
  0.60117430E+00  0.51693684E+00
  0.60173805E+00  0.51624792E+00
  0.60230179E+00  0.51554087E+00
  0.60286554E+00  0.51481573E+00
  0.60342928E+00  0.51407258E+00
  0.60399303E+00  0.51331147E+00
  0.60455677E+00  0.51253248E+00
  0.60512052E+00  0.51173566E+00
  0.60568426E+00  0.51092109E+00
  0.60624801E+00  0.51008884E+00
  0.60681175E+00  0.50923898E+00
  0.60737550E+00  0.50837159E+00
  0.60793924E+00  0.50748677E+00
  0.60850299E+00  0.50658460E+00
  0.60906673E+00  0.50566520E+00
  0.60963048E+00  0.50472873E+00
  0.61019422E+00  0.50377537E+00
  0.61075797E+00  0.50280543E+00
  0.61132171E+00  0.50181934E+00
  0.61188546E+00  0.50081779E+00
  0.61244920E+00  0.49980193E+00
  0.61301295E+00  0.49877373E+00
  0.61357669E+00  0.49773647E+00
  0.61414044E+00  0.49669562E+00
  0.61470418E+00  0.49565921E+00
  0.61526793E+00  0.49463580E+00
  0.61583167E+00  0.49362521E+00
  0.61639542E+00  0.49260454E+00
  0.61695916E+00  0.49153497E+00
  0.61752291E+00  0.49039784E+00
  0.61808665E+00  0.48920637E+00
  0.61865040E+00  0.48798211E+00
  0.61921414E+00  0.48673915E+00
  0.61977789E+00  0.48548367E+00
  0.62034163E+00  0.48421759E+00
  0.62090538E+00  0.48294106E+00
  0.62146912E+00  0.48165364E+00
  0.62203287E+00  0.48035480E+00
  0.62259661E+00  0.47904404E+00
  0.62316036E+00  0.47772098E+00
  0.62372410E+00  0.47638534E+00
  0.62428785E+00  0.47503690E+00
  0.62485159E+00  0.47367553E+00
  0.62541534E+00  0.47230114E+00
  0.62597908E+00  0.47091367E+00
  0.62654283E+00  0.46951312E+00
  0.62710657E+00  0.46809948E+00
  0.62767032E+00  0.46667280E+00
  0.62823406E+00  0.46523310E+00
  0.62879781E+00  0.46378045E+00
  0.62936155E+00  0.46231492E+00
  0.62992530E+00  0.46083656E+00
  0.63048904E+00  0.45934548E+00
  0.63105279E+00  0.45784175E+00
  0.63161653E+00  0.45632547E+00
  0.63218028E+00  0.45479675E+00
  0.63274402E+00  0.45325571E+00
  0.63330777E+00  0.45170247E+00
  0.63387151E+00  0.45013719E+00
  0.63443526E+00  0.44856002E+00
  0.63499900E+00  0.44697117E+00
  0.63556275E+00  0.44537085E+00
  0.63612649E+00  0.44375933E+00
  0.63669024E+00  0.44213691E+00
  0.63725398E+00  0.44050394E+00
  0.63781773E+00  0.43886082E+00
  0.63838147E+00  0.43720797E+00
  0.63894522E+00  0.43554585E+00
  0.63950896E+00  0.43387494E+00
  0.64007271E+00  0.43219567E+00
  0.64063645E+00  0.43050842E+00
  0.64120020E+00  0.42881351E+00
  0.64176394E+00  0.42711113E+00
  0.64232769E+00  0.42540136E+00
  0.64289143E+00  0.42368416E+00
  0.64345518E+00  0.42195943E+00
  0.64401892E+00  0.42022698E+00
  0.64458266E+00  0.41848660E+00
  0.64514641E+00  0.41673809E+00
  0.64571015E+00  0.41498129E+00
  0.64627390E+00  0.41321608E+00
  0.64683764E+00  0.41144238E+00
  0.64740139E+00  0.40966020E+00
  0.64796513E+00  0.40786956E+00
  0.64852888E+00  0.40607055E+00
  0.64909262E+00  0.40426329E+00
  0.64965637E+00  0.40244792E+00
  0.65022011E+00  0.40062460E+00
  0.65078386E+00  0.39879351E+00
  0.65134760E+00  0.39695484E+00
  0.65191135E+00  0.39510876E+00
  0.65247509E+00  0.39325547E+00
  0.65303884E+00  0.39139516E+00
  0.65360258E+00  0.38952800E+00
  0.65416633E+00  0.38765419E+00
  0.65473007E+00  0.38577391E+00
  0.65529382E+00  0.38388732E+00
  0.65585756E+00  0.38199459E+00
  0.65642131E+00  0.38009589E+00
  0.65698505E+00  0.37819138E+00
  0.65754880E+00  0.37628121E+00
  0.65811254E+00  0.37436553E+00
  0.65867629E+00  0.37244448E+00
  0.65924003E+00  0.37051818E+00
  0.65980378E+00  0.36858678E+00
  0.66036752E+00  0.36665040E+00
  0.66093127E+00  0.36470914E+00
  0.66149501E+00  0.36276311E+00
  0.66205876E+00  0.36081242E+00
  0.66262250E+00  0.35885717E+00
  0.66318625E+00  0.35689743E+00
  0.66374999E+00  0.35493329E+00
  0.66431374E+00  0.35296481E+00
  0.66487748E+00  0.35099207E+00
  0.66544123E+00  0.34901512E+00
  0.66600497E+00  0.34703401E+00
  0.66656872E+00  0.34504879E+00
  0.66713246E+00  0.34305949E+00
  0.66769621E+00  0.34106616E+00
  0.66825995E+00  0.33906883E+00
  0.66882370E+00  0.33706752E+00
  0.66938744E+00  0.33506226E+00
  0.66995119E+00  0.33305307E+00
  0.67051493E+00  0.33103999E+00
  0.67107868E+00  0.32902303E+00
  0.67164242E+00  0.32700223E+00
  0.67220617E+00  0.32497762E+00
  0.67276991E+00  0.32294924E+00
  0.67333366E+00  0.32091713E+00
  0.67389740E+00  0.31888133E+00
  0.67446115E+00  0.31684190E+00
  0.67502489E+00  0.31479890E+00
  0.67558864E+00  0.31275240E+00
  0.67615238E+00  0.31070247E+00
  0.67671613E+00  0.30864921E+00
  0.67727987E+00  0.30659270E+00
  0.67784362E+00  0.30453304E+00
  0.67840736E+00  0.30247034E+00
  0.67897111E+00  0.30040471E+00
  0.67953485E+00  0.29833628E+00
  0.68009860E+00  0.29626517E+00
  0.68066234E+00  0.29419152E+00
  0.68122609E+00  0.29211546E+00
  0.68178983E+00  0.29003713E+00
  0.68235358E+00  0.28795669E+00
  0.68291732E+00  0.28587428E+00
  0.68348107E+00  0.28379005E+00
  0.68404481E+00  0.28170416E+00
  0.68460856E+00  0.27961676E+00
  0.68517230E+00  0.27752801E+00
  0.68573605E+00  0.27543808E+00
  0.68629979E+00  0.27334710E+00
  0.68686354E+00  0.27125526E+00
  0.68742728E+00  0.26916270E+00
  0.68799103E+00  0.26706958E+00
  0.68855477E+00  0.26497606E+00
  0.68911852E+00  0.26288229E+00
  0.68968226E+00  0.26078843E+00
  0.69024601E+00  0.25869464E+00
  0.69080975E+00  0.25660106E+00
  0.69137350E+00  0.25450785E+00
  0.69193724E+00  0.25241516E+00
  0.69250099E+00  0.25032313E+00
  0.69306473E+00  0.24823192E+00
  0.69362848E+00  0.24614167E+00
  0.69419222E+00  0.24405252E+00
  0.69475597E+00  0.24196462E+00
  0.69531971E+00  0.23987811E+00
  0.69588346E+00  0.23779314E+00
  0.69644720E+00  0.23570983E+00
  0.69701095E+00  0.23362833E+00
  0.69757469E+00  0.23154879E+00
  0.69813844E+00  0.22947133E+00
  0.69870218E+00  0.22739609E+00
  0.69926593E+00  0.22532322E+00
  0.69982967E+00  0.22325283E+00
  0.70039342E+00  0.22118508E+00
  0.70095716E+00  0.21912010E+00
  0.70152091E+00  0.21705801E+00
  0.70208465E+00  0.21499896E+00
  0.70264840E+00  0.21294308E+00
  0.70321214E+00  0.21089051E+00
  0.70377589E+00  0.20884138E+00
  0.70433963E+00  0.20679582E+00
  0.70490338E+00  0.20475398E+00
  0.70546712E+00  0.20271598E+00
  0.70603087E+00  0.20068198E+00
  0.70659461E+00  0.19865211E+00
  0.70715836E+00  0.19662650E+00
  0.70772210E+00  0.19460530E+00
  0.70828585E+00  0.19258865E+00
  0.70884959E+00  0.19057670E+00
  0.70941334E+00  0.18856958E+00
  0.70997708E+00  0.18656744E+00
  0.71054083E+00  0.18457043E+00
  0.71110457E+00  0.18257869E+00
  0.71166832E+00  0.18059237E+00
  0.71223206E+00  0.17861159E+00
  0.71279581E+00  0.17663650E+00
  0.71335955E+00  0.17466721E+00
  0.71392330E+00  0.17270383E+00
  0.71448704E+00  0.17074644E+00
  0.71505079E+00  0.16879507E+00
  0.71561453E+00  0.16684973E+00
  0.71617828E+00  0.16491034E+00
  0.71674202E+00  0.16297674E+00
  0.71730577E+00  0.16104866E+00
  0.71786951E+00  0.15912576E+00
  0.71843326E+00  0.15720757E+00
  0.71899700E+00  0.15529360E+00
  0.71956075E+00  0.15338339E+00
  0.72012449E+00  0.15147658E+00
  0.72068824E+00  0.14957314E+00
  0.72125198E+00  0.14767349E+00
  0.72181573E+00  0.14577860E+00
  0.72237947E+00  0.14388970E+00
  0.72294322E+00  0.14200774E+00
  0.72350696E+00  0.14013317E+00
  0.72407071E+00  0.13826618E+00
  0.72463445E+00  0.13640687E+00
  0.72519820E+00  0.13455538E+00
  0.72576194E+00  0.13271192E+00
  0.72632569E+00  0.13087665E+00
  0.72688943E+00  0.12904979E+00
  0.72745318E+00  0.12723143E+00
  0.72801692E+00  0.12542132E+00
  0.72858067E+00  0.12361825E+00
  0.72914441E+00  0.12182056E+00
  0.72970816E+00  0.12002865E+00
  0.73027190E+00  0.11824469E+00
  0.73083565E+00  0.11646977E+00
  0.73139939E+00  0.11470384E+00
  0.73196314E+00  0.11294660E+00
  0.73252688E+00  0.11119781E+00
  0.73309063E+00  0.10945734E+00
  0.73365437E+00  0.10772507E+00
  0.73421812E+00  0.10600095E+00
  0.73478186E+00  0.10428490E+00
  0.73534561E+00  0.10257686E+00
  0.73590935E+00  0.10087674E+00
  0.73647310E+00  0.99184434E-01
  0.73703684E+00  0.97499791E-01
  0.73760059E+00  0.95822625E-01
  0.73816433E+00  0.94152693E-01
  0.73872808E+00  0.92489685E-01
  0.73929182E+00  0.90833210E-01
  0.73985557E+00  0.89182794E-01
  0.74041931E+00  0.87537887E-01
  0.74098306E+00  0.85897942E-01
  0.74154680E+00  0.84262662E-01
  0.74211055E+00  0.82632750E-01
  0.74267429E+00  0.81012222E-01
  0.74323804E+00  0.79415887E-01
  0.74380178E+00  0.77895890E-01
  0.74436553E+00  0.76642237E-01
  0.74492927E+00  0.76276189E-01
  0.74549302E+00  0.77064525E-01
  0.74605676E+00  0.75894910E-01
  0.74662051E+00  0.73442587E-01
  0.74718425E+00  0.71227010E-01
  0.74774800E+00  0.69294843E-01
  0.74831174E+00  0.67534336E-01
  0.74887549E+00  0.65877047E-01
  0.74943923E+00  0.64286305E-01
  0.75000298E+00  0.62741890E-01
  0.75056672E+00  0.61232055E-01
  0.75113047E+00  0.59749620E-01
  0.75169421E+00  0.58289996E-01
  0.75225796E+00  0.56850133E-01
  0.75282170E+00  0.55427945E-01
  0.75338545E+00  0.54021958E-01
  0.75394919E+00  0.52631116E-01
  0.75451294E+00  0.51254640E-01
  0.75507668E+00  0.49891954E-01
  0.75564043E+00  0.48542622E-01
  0.75620417E+00  0.47206314E-01
  0.75676792E+00  0.45882776E-01
  0.75733166E+00  0.44571814E-01
  0.75789541E+00  0.43273279E-01
  0.75845915E+00  0.41987057E-01
  0.75902290E+00  0.40713058E-01
  0.75958664E+00  0.39451217E-01
  0.76015039E+00  0.38201482E-01
  0.76071413E+00  0.36963815E-01
  0.76127788E+00  0.35738185E-01
  0.76184162E+00  0.34524572E-01
  0.76240537E+00  0.33322956E-01
  0.76296911E+00  0.32133323E-01
  0.76353286E+00  0.30955659E-01
  0.76409660E+00  0.29789951E-01
  0.76466035E+00  0.28636185E-01
  0.76522409E+00  0.27494344E-01
  0.76578784E+00  0.26364409E-01
  0.76635158E+00  0.25246356E-01
  0.76691533E+00  0.24140161E-01
  0.76747907E+00  0.23045794E-01
  0.76804282E+00  0.21963222E-01
  0.76860656E+00  0.20892412E-01
  0.76917031E+00  0.19833333E-01
  0.76973405E+00  0.18785959E-01
  0.77029780E+00  0.17750275E-01
  0.77086154E+00  0.16726288E-01
  0.77142529E+00  0.15714037E-01
  0.77198903E+00  0.14713612E-01
  0.77255278E+00  0.13725173E-01
  0.77311652E+00  0.12748979E-01
  0.77368027E+00  0.11785415E-01
  0.77424401E+00  0.10835023E-01
  0.77480776E+00  0.98985210E-02
  0.77537150E+00  0.89768071E-02
  0.77593525E+00  0.80709301E-02
  0.77649899E+00  0.71820175E-02
  0.77706274E+00  0.63111559E-02
  0.77762648E+00  0.54592382E-02
  0.77819023E+00  0.46268099E-02
  0.77875397E+00  0.38139614E-02
  0.77931772E+00  0.30203064E-02
  0.77988146E+00  0.22450605E-02
  0.78044521E+00  0.14871977E-02
  0.78100895E+00  0.74563522E-03
  0.78157270E+00  0.19397433E-04
  0.78213644E+00 -0.69227689E-03
  0.78270019E+00 -0.13898911E-02
  0.78326393E+00 -0.20737014E-02
  0.78382768E+00 -0.27437643E-02
  0.78439142E+00 -0.34000004E-02
  0.78495517E+00 -0.40422640E-02
  0.78551891E+00 -0.46704079E-02
  0.78608266E+00 -0.52843396E-02
  0.78664640E+00 -0.58840659E-02
  0.78721015E+00 -0.64697243E-02
  0.78777389E+00 -0.70415995E-02
  0.78833764E+00 -0.76001242E-02
  0.78890138E+00 -0.81458637E-02
  0.78946513E+00 -0.86794844E-02
  0.79002887E+00 -0.92017089E-02
  0.79059262E+00 -0.97132589E-02
  0.79115636E+00 -0.10214793E-01
  0.79172011E+00 -0.10706846E-01
  0.79228385E+00 -0.11189781E-01
  0.79284760E+00 -0.11663767E-01
  0.79341134E+00 -0.12128778E-01
  0.79397509E+00 -0.12584636E-01
  0.79453883E+00 -0.13031058E-01
  0.79510258E+00 -0.13467714E-01
  0.79566632E+00 -0.13894285E-01
  0.79623007E+00 -0.14310487E-01
  0.79679381E+00 -0.14716093E-01
  0.79735756E+00 -0.15110930E-01
  0.79792130E+00 -0.15494871E-01
  0.79848505E+00 -0.15867828E-01
  0.79904879E+00 -0.16229737E-01
  0.79961254E+00 -0.16580549E-01
  0.80017628E+00 -0.16920226E-01
  0.80074003E+00 -0.17248737E-01
  0.80130377E+00 -0.17566053E-01
  0.80186752E+00 -0.17872150E-01
  0.80243126E+00 -0.18167006E-01
  0.80299501E+00 -0.18450605E-01
  0.80355875E+00 -0.18722934E-01
  0.80412250E+00 -0.18983987E-01
  0.80468624E+00 -0.19233765E-01
  0.80524999E+00 -0.19472276E-01
  0.80581373E+00 -0.19699534E-01
  0.80637748E+00 -0.19915558E-01
  0.80694122E+00 -0.20120372E-01
  0.80750497E+00 -0.20313997E-01
  0.80806871E+00 -0.20496451E-01
  0.80863246E+00 -0.20667732E-01
  0.80919620E+00 -0.20827812E-01
  0.80975995E+00 -0.20976620E-01
  0.81032369E+00 -0.21114021E-01
  0.81088744E+00 -0.21239807E-01
  0.81145118E+00 -0.21353687E-01
  0.81201493E+00 -0.21455303E-01
  0.81257867E+00 -0.21544280E-01
  0.81314242E+00 -0.21620292E-01
  0.81370616E+00 -0.21683160E-01
  0.81426991E+00 -0.21732917E-01
  0.81483365E+00 -0.21769827E-01
  0.81539740E+00 -0.21794340E-01
  0.81596114E+00 -0.21806996E-01
  0.81652489E+00 -0.21808336E-01
  0.81708863E+00 -0.21798823E-01
  0.81765238E+00 -0.21778815E-01
  0.81821612E+00 -0.21748565E-01
  0.81877987E+00 -0.21708239E-01
  0.81934361E+00 -0.21657945E-01
  0.81990736E+00 -0.21597753E-01
  0.82047110E+00 -0.21527722E-01
  0.82103485E+00 -0.21447908E-01
  0.82159859E+00 -0.21358379E-01
  0.82216234E+00 -0.21259223E-01
  0.82272608E+00 -0.21150553E-01
  0.82328983E+00 -0.21032511E-01
  0.82385357E+00 -0.20905272E-01
  0.82441732E+00 -0.20769051E-01
  0.82498106E+00 -0.20624101E-01
  0.82554481E+00 -0.20470717E-01
  0.82610855E+00 -0.20309237E-01
  0.82667230E+00 -0.20140041E-01
  0.82723604E+00 -0.19963545E-01
  0.82779979E+00 -0.19780197E-01
  0.82836353E+00 -0.19590462E-01
  0.82892728E+00 -0.19394812E-01
  0.82949102E+00 -0.19193702E-01
  0.83005477E+00 -0.18987552E-01
  0.83061851E+00 -0.18776716E-01
  0.83118226E+00 -0.18561467E-01
  0.83174600E+00 -0.18341966E-01
  0.83230975E+00 -0.18118259E-01
  0.83287349E+00 -0.17890275E-01
  0.83343724E+00 -0.17657837E-01
  0.83400098E+00 -0.17420702E-01
  0.83456473E+00 -0.17178595E-01
  0.83512847E+00 -0.16931256E-01
  0.83569222E+00 -0.16678472E-01
  0.83625596E+00 -0.16420090E-01
  0.83681971E+00 -0.16156024E-01
  0.83738345E+00 -0.15886238E-01
  0.83794720E+00 -0.15610729E-01
  0.83851094E+00 -0.15329514E-01
  0.83907469E+00 -0.15042616E-01
  0.83963843E+00 -0.14750063E-01
  0.84020218E+00 -0.14451884E-01
  0.84076592E+00 -0.14148114E-01
  0.84132967E+00 -0.13838790E-01
  0.84189341E+00 -0.13523959E-01
  0.84245716E+00 -0.13203677E-01
  0.84302090E+00 -0.12878010E-01
  0.84358465E+00 -0.12547032E-01
  0.84414839E+00 -0.12210829E-01
  0.84471214E+00 -0.11869497E-01
  0.84527588E+00 -0.11523140E-01
  0.84583963E+00 -0.11171875E-01
  0.84640337E+00 -0.10815831E-01
  0.84696712E+00 -0.10455149E-01
  0.84753086E+00 -0.10089993E-01
  0.84809461E+00 -0.97205469E-02
  0.84865835E+00 -0.93470223E-02
  0.84922210E+00 -0.89696676E-02
  0.84978584E+00 -0.85887725E-02
  0.85034959E+00 -0.82046754E-02
  0.85091333E+00 -0.78177666E-02
  0.85147708E+00 -0.74284878E-02
  0.85204082E+00 -0.70373240E-02
  0.85260457E+00 -0.66447866E-02
  0.85316831E+00 -0.62513872E-02
  0.85373206E+00 -0.58576046E-02
  0.85429580E+00 -0.54638503E-02
  0.85485955E+00 -0.50704390E-02
  0.85542329E+00 -0.46775731E-02
  0.85598704E+00 -0.42853431E-02
  0.85655078E+00 -0.38937446E-02
  0.85711453E+00 -0.35027073E-02
  0.85767827E+00 -0.31121279E-02
  0.85824202E+00 -0.27219006E-02
  0.85880576E+00 -0.23319406E-02
  0.85936951E+00 -0.19421973E-02
  0.85993325E+00 -0.15526606E-02
  0.86049700E+00 -0.11633593E-02
  0.86106074E+00 -0.77435508E-03
  0.86162449E+00 -0.38573511E-03
  0.86218823E+00  0.23971108E-05
  0.86275198E+00  0.38993019E-03
  0.86331572E+00  0.77675267E-03
  0.86387947E+00  0.11627596E-02
  0.86444321E+00  0.15478579E-02
  0.86500696E+00  0.19319692E-02
  0.86557070E+00  0.23150314E-02
  0.86613445E+00  0.26969962E-02
  0.86669819E+00  0.30778233E-02
  0.86726194E+00  0.34574705E-02
  0.86782568E+00  0.38358788E-02
  0.86838943E+00  0.42129550E-02
  0.86895317E+00  0.45885525E-02
  0.86951692E+00  0.49624548E-02
  0.87008066E+00  0.53343665E-02
  0.87064441E+00  0.57039131E-02
  0.87120815E+00  0.60706551E-02
  0.87177190E+00  0.64341107E-02
  0.87233564E+00  0.67937861E-02
  0.87289939E+00  0.71492052E-02
  0.87346313E+00  0.74999336E-02
  0.87402688E+00  0.78455943E-02
  0.87459062E+00  0.81858715E-02
  0.87515437E+00  0.85205073E-02
  0.87571811E+00  0.88492916E-02
  0.87628186E+00  0.91720482E-02
  0.87684560E+00  0.94886209E-02
  0.87740935E+00  0.97988587E-02
  0.87797309E+00  0.10102602E-01
  0.87853684E+00  0.10399672E-01
  0.87910058E+00  0.10689857E-01
  0.87966433E+00  0.10972901E-01
  0.88022807E+00  0.11248498E-01
  0.88079182E+00  0.11516288E-01
  0.88135556E+00  0.11775860E-01
  0.88191930E+00  0.12026772E-01
  0.88248305E+00  0.12268586E-01
  0.88304679E+00  0.12500921E-01
  0.88361054E+00  0.12723509E-01
  0.88417428E+00  0.12936247E-01
  0.88473803E+00  0.13139215E-01
  0.88530177E+00  0.13332645E-01
  0.88586552E+00  0.13516867E-01
  0.88642926E+00  0.13692220E-01
  0.88699301E+00  0.13858988E-01
  0.88755675E+00  0.14017330E-01
  0.88812050E+00  0.14167280E-01
  0.88868376E+00  0.14308895E-01
  0.88924701E+00  0.14035211E-01
  0.88981027E+00  0.13752246E-01
  0.89037353E+00  0.13460576E-01
  0.89093678E+00  0.13160634E-01
  0.89150004E+00  0.12852582E-01
  0.89206330E+00  0.12536435E-01
  0.89262656E+00  0.12212134E-01
  0.89318981E+00  0.11879563E-01
  0.89375307E+00  0.11538550E-01
  0.89431633E+00  0.11188858E-01
  0.89487958E+00  0.10830186E-01
  0.89544284E+00  0.10462188E-01
  0.89600610E+00  0.10084495E-01
  0.89656935E+00  0.96967550E-02
  0.89713261E+00  0.92986762E-02
  0.89769587E+00  0.88900613E-02
  0.89825912E+00  0.84708274E-02
  0.89882238E+00  0.80410030E-02
  0.89938564E+00  0.76007043E-02
  0.89994890E+00  0.71500985E-02
  0.90051215E+00  0.66893632E-02
  0.90107541E+00  0.62186523E-02
  0.90163867E+00  0.57380720E-02
  0.90220192E+00  0.52476688E-02
  0.90276518E+00  0.47474275E-02
  0.90332844E+00  0.42372756E-02
  0.90389169E+00  0.37170914E-02
  0.90445495E+00  0.31867138E-02
  0.90501821E+00  0.26459526E-02
  0.90558146E+00  0.20945970E-02
  0.90614472E+00  0.15324248E-02
  0.90670798E+00  0.95920977E-03
  0.90727124E+00  0.37472786E-03
  0.90783449E+00 -0.22123678E-03
  0.90839775E+00 -0.82888755E-03
  0.90896101E+00 -0.14484121E-02
  0.90952426E+00 -0.20799801E-02
  0.91008752E+00 -0.27237426E-02
  0.91065078E+00 -0.33798320E-02
  0.91121403E+00 -0.40483636E-02
  0.91177729E+00 -0.47294368E-02
  0.91234055E+00 -0.54231378E-02
  0.91290380E+00 -0.61295419E-02
  0.91346706E+00 -0.68487159E-02
  0.91403032E+00 -0.75807202E-02
  0.91459358E+00 -0.83256111E-02
  0.91515683E+00 -0.90834420E-02
  0.91572009E+00 -0.98542650E-02
  0.91628335E+00 -0.10638132E-01
  0.91684660E+00 -0.11435094E-01
  0.91740986E+00 -0.12245204E-01
  0.91797312E+00 -0.13068516E-01
  0.91853637E+00 -0.13905085E-01
  0.91909963E+00 -0.14754966E-01
  0.91966289E+00 -0.15618215E-01
  0.92022614E+00 -0.16494890E-01
  0.92078940E+00 -0.17385049E-01
  0.92135266E+00 -0.18288749E-01
  0.92191592E+00 -0.19206046E-01
  0.92247917E+00 -0.20136997E-01
  0.92304243E+00 -0.21081655E-01
  0.92360569E+00 -0.22040070E-01
  0.92416894E+00 -0.23012289E-01
  0.92473220E+00 -0.23998356E-01
  0.92529546E+00 -0.24998306E-01
  0.92585871E+00 -0.26012170E-01
  0.92642197E+00 -0.27039973E-01
  0.92698523E+00 -0.28081735E-01
  0.92754848E+00 -0.29137473E-01
  0.92811174E+00 -0.30207199E-01
  0.92867500E+00 -0.31290933E-01
  0.92923825E+00 -0.32388697E-01
  0.92980151E+00 -0.33500529E-01
  0.93036477E+00 -0.34626480E-01
  0.93092803E+00 -0.35766629E-01
  0.93149128E+00 -0.36921082E-01
  0.93205454E+00 -0.38089984E-01
  0.93261780E+00 -0.39273534E-01
  0.93318105E+00 -0.40472002E-01
  0.93374431E+00 -0.41685772E-01
  0.93430757E+00 -0.42915411E-01
  0.93487082E+00 -0.44161790E-01
  0.93543408E+00 -0.45426319E-01
  0.93599734E+00 -0.46711349E-01
  0.93656059E+00 -0.48020828E-01
  0.93712385E+00 -0.49360986E-01
  0.93768711E+00 -0.50739286E-01
  0.93825037E+00 -0.52155655E-01
  0.93881362E+00 -0.53583204E-01
  0.93937688E+00 -0.54976680E-01
  0.93994014E+00 -0.56330300E-01
  0.94050339E+00 -0.57677120E-01
  0.94106665E+00 -0.59041826E-01
  0.94162991E+00 -0.60431937E-01
  0.94219316E+00 -0.61847478E-01
  0.94275642E+00 -0.63286912E-01
  0.94331968E+00 -0.64749199E-01
  0.94388293E+00 -0.66234722E-01
  0.94444619E+00 -0.67746799E-01
  0.94500945E+00 -0.69295390E-01
  0.94557271E+00 -0.70896674E-01
  0.94613596E+00 -0.72498511E-01
  0.94669922E+00 -0.73999552E-01
  0.94726248E+00 -0.75507759E-01
  0.94782573E+00 -0.77059827E-01
  0.94838899E+00 -0.78641845E-01
  0.94895225E+00 -0.80244855E-01
  0.94951550E+00 -0.81864879E-01
  0.95007876E+00 -0.83500174E-01
  0.95064202E+00 -0.85150008E-01
  0.95120527E+00 -0.86814140E-01
  0.95176853E+00 -0.88492583E-01
  0.95233179E+00 -0.90185477E-01
  0.95289505E+00 -0.91893016E-01
  0.95345830E+00 -0.93615397E-01
  0.95402156E+00 -0.95352796E-01
  0.95458482E+00 -0.97105342E-01
  0.95514807E+00 -0.98873105E-01
  0.95571133E+00 -0.10065608E+00
  0.95627459E+00 -0.10245417E+00
  0.95683784E+00 -0.10426718E+00
  0.95740110E+00 -0.10609480E+00
  0.95796436E+00 -0.10793659E+00
  0.95852761E+00 -0.10979201E+00
  0.95909087E+00 -0.11166045E+00
  0.95965413E+00 -0.11354133E+00
  0.96021739E+00 -0.11543425E+00
  0.96078064E+00 -0.11733909E+00
  0.96134390E+00 -0.11925620E+00
  0.96190716E+00 -0.12118638E+00
  0.96247041E+00 -0.12313074E+00
  0.96303367E+00 -0.12509045E+00
  0.96359693E+00 -0.12706655E+00
  0.96416018E+00 -0.12905973E+00
  0.96472344E+00 -0.13107033E+00
  0.96528670E+00 -0.13309838E+00
  0.96584995E+00 -0.13514369E+00
  0.96641321E+00 -0.13720595E+00
  0.96697647E+00 -0.13928481E+00
  0.96753973E+00 -0.14137993E+00
  0.96810298E+00 -0.14349102E+00
  0.96866624E+00 -0.14561781E+00
  0.96922950E+00 -0.14776011E+00
  0.96979275E+00 -0.14991778E+00
  0.97035601E+00 -0.15209076E+00
  0.97091927E+00 -0.15427901E+00
  0.97148252E+00 -0.15648257E+00
  0.97204578E+00 -0.15870149E+00
  0.97260904E+00 -0.16093587E+00
  0.97317229E+00 -0.16318582E+00
  0.97373555E+00 -0.16545142E+00
  0.97429881E+00 -0.16773276E+00
  0.97486207E+00 -0.17002986E+00
  0.97542532E+00 -0.17234272E+00
  0.97598858E+00 -0.17467130E+00
  0.97655184E+00 -0.17701553E+00
  0.97711509E+00 -0.17937530E+00
  0.97767835E+00 -0.18175050E+00
  0.97824161E+00 -0.18414102E+00
  0.97880486E+00 -0.18654676E+00
  0.97936812E+00 -0.18896762E+00
  0.97993138E+00 -0.19140353E+00
  0.98049463E+00 -0.19385442E+00
  0.98105789E+00 -0.19632025E+00
  0.98162115E+00 -0.19880098E+00
  0.98218441E+00 -0.20129657E+00
  0.98274766E+00 -0.20380701E+00
  0.98331092E+00 -0.20633228E+00
  0.98387418E+00 -0.20887236E+00
  0.98443743E+00 -0.21142722E+00
  0.98500069E+00 -0.21399684E+00
  0.98556395E+00 -0.21658121E+00
  0.98612720E+00 -0.21918027E+00
  0.98669046E+00 -0.22179401E+00
  0.98725372E+00 -0.22442238E+00
  0.98781697E+00 -0.22706534E+00
  0.98838023E+00 -0.22972285E+00
  0.98894349E+00 -0.23239489E+00
  0.98950675E+00 -0.23508141E+00
  0.99007000E+00 -0.23778239E+00
  0.99063326E+00 -0.24049781E+00
  0.99119652E+00 -0.24322764E+00
  0.99175977E+00 -0.24597186E+00
  0.99232303E+00 -0.24873046E+00
  0.99288629E+00 -0.25150342E+00
  0.99344954E+00 -0.25429070E+00
  0.99401280E+00 -0.25709228E+00
  0.99457606E+00 -0.25990812E+00
  0.99513931E+00 -0.26273818E+00
  0.99570257E+00 -0.26558242E+00
  0.99626583E+00 -0.26844077E+00
  0.99682909E+00 -0.27131317E+00
  0.99739234E+00 -0.27419953E+00
  0.99795560E+00 -0.27709977E+00
  0.99851886E+00 -0.28001380E+00
  0.99908211E+00 -0.28294151E+00
  0.99964537E+00 -0.28588279E+00
  0.10002086E+01 -0.28883752E+00
  0.10007719E+01 -0.29180558E+00
  0.10013351E+01 -0.29478685E+00
  0.10018984E+01 -0.29778121E+00
  0.10024617E+01 -0.30078855E+00
  0.10030249E+01 -0.30380878E+00
  0.10035882E+01 -0.30684185E+00
  0.10041514E+01 -0.30988771E+00
  0.10047147E+01 -0.31294638E+00
  0.10052779E+01 -0.31601789E+00
  0.10058412E+01 -0.31910236E+00
  0.10064045E+01 -0.32219990E+00
  0.10069677E+01 -0.32531070E+00
  0.10075310E+01 -0.32843495E+00
  0.10080942E+01 -0.33157285E+00
  0.10086575E+01 -0.33472461E+00
  0.10092207E+01 -0.33789040E+00
  0.10097840E+01 -0.34107035E+00
  0.10103473E+01 -0.34426456E+00
  0.10109105E+01 -0.34747305E+00
  0.10114738E+01 -0.35069580E+00
  0.10120370E+01 -0.35393273E+00
  0.10126003E+01 -0.35718372E+00
  0.10131635E+01 -0.36044860E+00
  0.10137268E+01 -0.36372713E+00
  0.10142900E+01 -0.36701907E+00
  0.10148533E+01 -0.37032408E+00
  0.10154166E+01 -0.37364182E+00
  0.10159798E+01 -0.37697188E+00
  0.10165431E+01 -0.38031381E+00
  0.10171063E+01 -0.38366709E+00
  0.10176696E+01 -0.38703121E+00
  0.10182328E+01 -0.39040558E+00
  0.10187961E+01 -0.39378959E+00
  0.10193594E+01 -0.39718261E+00
  0.10199226E+01 -0.40058400E+00
  0.10204859E+01 -0.40399335E+00
  0.10210491E+01 -0.40741098E+00
  0.10216124E+01 -0.41083884E+00
  0.10221756E+01 -0.41428140E+00
  0.10227389E+01 -0.41774478E+00
  0.10233022E+01 -0.42123263E+00
  0.10238654E+01 -0.42474217E+00
  0.10244287E+01 -0.42826573E+00
  0.10249919E+01 -0.43179538E+00
  0.10255552E+01 -0.43532466E+00
  0.10261184E+01 -0.43884640E+00
  0.10266817E+01 -0.44234781E+00
  0.10272450E+01 -0.44580043E+00
  0.10278082E+01 -0.44914657E+00
  0.10283715E+01 -0.45241474E+00
  0.10289347E+01 -0.45620142E+00
  0.10294980E+01 -0.46027336E+00
  0.10300612E+01 -0.46411179E+00
  0.10306245E+01 -0.46783098E+00
  0.10311878E+01 -0.47151277E+00
  0.10317510E+01 -0.47518586E+00
  0.10323143E+01 -0.47886064E+00
  0.10328775E+01 -0.48254128E+00
  0.10334408E+01 -0.48622957E+00
  0.10340040E+01 -0.48992632E+00
  0.10345673E+01 -0.49363190E+00
  0.10351306E+01 -0.49734645E+00
  0.10356938E+01 -0.50106997E+00
  0.10362571E+01 -0.50480236E+00
  0.10368203E+01 -0.50854341E+00
  0.10373836E+01 -0.51229277E+00
  0.10379468E+01 -0.51604990E+00
  0.10385101E+01 -0.51981399E+00
  0.10390734E+01 -0.52358376E+00
  0.10396366E+01 -0.52735708E+00
  0.10401999E+01 -0.53113076E+00
  0.10407631E+01 -0.53490384E+00
  0.10413264E+01 -0.53868885E+00
  0.10418896E+01 -0.54249886E+00
  0.10424529E+01 -0.54631691E+00
  0.10430162E+01 -0.55012652E+00
  0.10435794E+01 -0.55393141E+00
  0.10441427E+01 -0.55776854E+00
  0.10447059E+01 -0.56165535E+00
  0.10452692E+01 -0.56554993E+00
  0.10458324E+01 -0.56943517E+00
  0.10463957E+01 -0.57331536E+00
  0.10469590E+01 -0.57719538E+00
  0.10475222E+01 -0.58107788E+00
  0.10480855E+01 -0.58496419E+00
  0.10486487E+01 -0.58885493E+00
  0.10492120E+01 -0.59275037E+00
  0.10497752E+01 -0.59665061E+00
  0.10503385E+01 -0.60055565E+00
  0.10509017E+01 -0.60446540E+00
  0.10514650E+01 -0.60837976E+00
  0.10520283E+01 -0.61229859E+00
  0.10525915E+01 -0.61622175E+00
  0.10531548E+01 -0.62014905E+00
  0.10537180E+01 -0.62408033E+00
  0.10542813E+01 -0.62801539E+00
  0.10548445E+01 -0.63195406E+00
  0.10554078E+01 -0.63589611E+00
  0.10559711E+01 -0.63984137E+00
  0.10565343E+01 -0.64378961E+00
  0.10570976E+01 -0.64774063E+00
  0.10576608E+01 -0.65169422E+00
  0.10582241E+01 -0.65565016E+00
  0.10587873E+01 -0.65960824E+00
  0.10593506E+01 -0.66356823E+00
  0.10599139E+01 -0.66752993E+00
  0.10604771E+01 -0.67149311E+00
  0.10610404E+01 -0.67545755E+00
  0.10616036E+01 -0.67942304E+00
  0.10621669E+01 -0.68338936E+00
  0.10627301E+01 -0.68735631E+00
  0.10632934E+01 -0.69132367E+00
  0.10638567E+01 -0.69529126E+00
  0.10644199E+01 -0.69925888E+00
  0.10649832E+01 -0.70322634E+00
  0.10655464E+01 -0.70719350E+00
  0.10661097E+01 -0.71116016E+00
  0.10666729E+01 -0.71512615E+00
  0.10672362E+01 -0.71909118E+00
  0.10677995E+01 -0.72305468E+00
  0.10683627E+01 -0.72701541E+00
  0.10689260E+01 -0.73097058E+00
  0.10694892E+01 -0.73491467E+00
  0.10700525E+01 -0.73884016E+00
  0.10706157E+01 -0.74274543E+00
  0.10711790E+01 -0.74664334E+00
  0.10717423E+01 -0.75054941E+00
  0.10723055E+01 -0.75446638E+00
  0.10728688E+01 -0.75838892E+00
  0.10734320E+01 -0.76231180E+00
  0.10739953E+01 -0.76623185E+00
  0.10745585E+01 -0.77014740E+00
  0.10751218E+01 -0.77405752E+00
  0.10756851E+01 -0.77796163E+00
  0.10762483E+01 -0.78185931E+00
  0.10768116E+01 -0.78575019E+00
  0.10773748E+01 -0.78963392E+00
  0.10779381E+01 -0.79351018E+00
  0.10785013E+01 -0.79737863E+00
  0.10790646E+01 -0.80123896E+00
  0.10796279E+01 -0.80509085E+00
  0.10801911E+01 -0.80893399E+00
  0.10807544E+01 -0.81276808E+00
  0.10813176E+01 -0.81659280E+00
  0.10818809E+01 -0.82040785E+00
  0.10824441E+01 -0.82421291E+00
  0.10830074E+01 -0.82800767E+00
  0.10835707E+01 -0.83179183E+00
  0.10841339E+01 -0.83556505E+00
  0.10846972E+01 -0.83932702E+00
  0.10852604E+01 -0.84307741E+00
  0.10858237E+01 -0.84681590E+00
  0.10863869E+01 -0.85054215E+00
  0.10869502E+01 -0.85425584E+00
  0.10875134E+01 -0.85795662E+00
  0.10880767E+01 -0.86164415E+00
  0.10886400E+01 -0.86531809E+00
  0.10892032E+01 -0.86897810E+00
  0.10897665E+01 -0.87262382E+00
  0.10903297E+01 -0.87625491E+00
  0.10908930E+01 -0.87987100E+00
  0.10914562E+01 -0.88347175E+00
  0.10920195E+01 -0.88705679E+00
  0.10925828E+01 -0.89062575E+00
  0.10931460E+01 -0.89417828E+00
  0.10937093E+01 -0.89771400E+00
  0.10942725E+01 -0.90123254E+00
  0.10948358E+01 -0.90473353E+00
  0.10953990E+01 -0.90821658E+00
  0.10959623E+01 -0.91168130E+00
  0.10965256E+01 -0.91512730E+00
  0.10970888E+01 -0.91855417E+00
  0.10976521E+01 -0.92196147E+00
  0.10982153E+01 -0.92534874E+00
  0.10987786E+01 -0.92871547E+00
  0.10993418E+01 -0.93206107E+00
  0.10999051E+01 -0.93538481E+00
  0.11004684E+01 -0.93868577E+00
  0.11010316E+01 -0.94196264E+00
  0.11015949E+01 -0.94521338E+00
  0.11021581E+01 -0.94843457E+00
  0.11027214E+01 -0.95161960E+00
  0.11032846E+01 -0.95475384E+00
  0.11038479E+01 -0.95779754E+00
  0.11044112E+01 -0.96060749E+00
  0.11049744E+01 -0.96262322E+00
  0.11055377E+01 -0.96664018E+00
  0.11061009E+01 -0.97064359E+00
  0.11066642E+01 -0.97381267E+00
  0.11072274E+01 -0.97685179E+00
  0.11077907E+01 -0.97984499E+00
  0.11083540E+01 -0.98280646E+00
  0.11089172E+01 -0.98573936E+00
  0.11094805E+01 -0.98864450E+00
  0.11100437E+01 -0.99152207E+00
  0.11106070E+01 -0.99437194E+00
  0.11111702E+01 -0.99719381E+00
  0.11117335E+01 -0.99998722E+00
  0.11122968E+01 -0.10027516E+01
  0.11128600E+01 -0.10054864E+01
  0.11134233E+01 -0.10081909E+01
  0.11139865E+01 -0.10108645E+01
  0.11145498E+01 -0.10135068E+01
  0.11151130E+01 -0.10161170E+01
  0.11156763E+01 -0.10186949E+01
  0.11162396E+01 -0.10212399E+01
  0.11168028E+01 -0.10237517E+01
  0.11173661E+01 -0.10262297E+01
  0.11179293E+01 -0.10286737E+01
  0.11184926E+01 -0.10310833E+01
  0.11190558E+01 -0.10334580E+01
  0.11196191E+01 -0.10357974E+01
  0.11201824E+01 -0.10381012E+01
  0.11207456E+01 -0.10403690E+01
  0.11213089E+01 -0.10426003E+01
  0.11218721E+01 -0.10447946E+01
  0.11224354E+01 -0.10469517E+01
  0.11229986E+01 -0.10490710E+01
  0.11235619E+01 -0.10511520E+01
  0.11241251E+01 -0.10531944E+01
  0.11246884E+01 -0.10551977E+01
  0.11252517E+01 -0.12949344E+01
  0.11258149E+01 -0.12966193E+01
  0.11263782E+01 -0.12982637E+01
  0.11269414E+01 -0.12998672E+01
  0.11275047E+01 -0.13014292E+01
  0.11280679E+01 -0.13029494E+01
  0.11286312E+01 -0.13044273E+01
  0.11291945E+01 -0.13058625E+01
  0.11297577E+01 -0.13072546E+01
  0.11303210E+01 -0.13086030E+01
  0.11308842E+01 -0.13099075E+01
  0.11314475E+01 -0.13111674E+01
  0.11320107E+01 -0.13123825E+01
  0.11325740E+01 -0.13135523E+01
  0.11331373E+01 -0.13146763E+01
  0.11337005E+01 -0.13157542E+01
  0.11342638E+01 -0.13167855E+01
  0.11348270E+01 -0.13177698E+01
  0.11353903E+01 -0.13187066E+01
  0.11359535E+01 -0.13195955E+01
  0.11365168E+01 -0.13204362E+01
  0.11370801E+01 -0.13212282E+01
  0.11376433E+01 -0.13219711E+01
  0.11382066E+01 -0.13226645E+01
  0.11387698E+01 -0.13233079E+01
  0.11393331E+01 -0.13239010E+01
  0.11398963E+01 -0.13244433E+01
  0.11404596E+01 -0.13249345E+01
  0.11410229E+01 -0.13253741E+01
  0.11415861E+01 -0.13257618E+01
  0.11421494E+01 -0.13260971E+01
  0.11427126E+01 -0.13263796E+01
  0.11432759E+01 -0.13266090E+01
  0.11438391E+01 -0.13267849E+01
  0.11444024E+01 -0.13269068E+01
  0.11449657E+01 -0.13269744E+01
  0.11455289E+01 -0.13269873E+01
  0.11460922E+01 -0.13269451E+01
  0.11466554E+01 -0.13268475E+01
  0.11472187E+01 -0.13266939E+01
  0.11477819E+01 -0.13264842E+01
  0.11483452E+01 -0.13262178E+01
  0.11489085E+01 -0.13258945E+01
  0.11494717E+01 -0.13255138E+01
  0.11500350E+01 -0.13250754E+01
  0.11505982E+01 -0.13245788E+01
  0.11511615E+01 -0.13240238E+01
  0.11517247E+01 -0.13234099E+01
  0.11522880E+01 -0.13227368E+01
  0.11528513E+01 -0.13220042E+01
  0.11534145E+01 -0.13212115E+01
  0.11539778E+01 -0.13203586E+01
  0.11545410E+01 -0.13194450E+01
  0.11551043E+01 -0.13184703E+01
  0.11556675E+01 -0.13174342E+01
  0.11562308E+01 -0.13163364E+01
  0.11567941E+01 -0.13151764E+01
  0.11573573E+01 -0.13139540E+01
  0.11579206E+01 -0.13126688E+01
  0.11584838E+01 -0.13113204E+01
  0.11590471E+01 -0.13099087E+01
  0.11596103E+01 -0.13084331E+01
  0.11601736E+01 -0.13068936E+01
  0.11607368E+01 -0.13052897E+01
  0.11613001E+01 -0.13036212E+01
  0.11618634E+01 -0.13018879E+01
  0.11624266E+01 -0.13000896E+01
  0.11629899E+01 -0.12982263E+01
  0.11635531E+01 -0.12962980E+01
  0.11641164E+01 -0.12943056E+01
  0.11646796E+01 -0.12922512E+01
  0.11652429E+01 -0.12901420E+01
  0.11658062E+01 -0.12880010E+01
  0.11663694E+01 -0.12858977E+01
  0.11669327E+01 -0.12838387E+01
  0.11674959E+01 -0.12814237E+01
  0.11680592E+01 -0.12788205E+01
  0.11686224E+01 -0.12762073E+01
  0.11691857E+01 -0.12735677E+01
  0.11697490E+01 -0.12708821E+01
  0.11703122E+01 -0.12681413E+01
  0.11708755E+01 -0.12653408E+01
  0.11714387E+01 -0.12624784E+01
  0.11720020E+01 -0.12595531E+01
  0.11725652E+01 -0.12565646E+01
  0.11731285E+01 -0.12535127E+01
  0.11736918E+01 -0.12503972E+01
  0.11742550E+01 -0.12472178E+01
  0.11748183E+01 -0.12439731E+01
  0.11753815E+01 -0.12406607E+01
  0.11759448E+01 -0.12372759E+01
  0.11765080E+01 -0.12338121E+01
  0.11770713E+01 -0.12302618E+01
  0.11776346E+01 -0.12266189E+01
  0.11781978E+01 -0.12228818E+01
  0.11787611E+01 -0.12190539E+01
  0.11793243E+01 -0.12151416E+01
  0.11798876E+01 -0.12111517E+01
  0.11804508E+01 -0.12070894E+01
  0.11810141E+01 -0.12029579E+01
  0.11815774E+01 -0.11987588E+01
  0.11821406E+01 -0.11944928E+01
  0.11827039E+01 -0.11901597E+01
  0.11832671E+01 -0.11857594E+01
  0.11838304E+01 -0.11812915E+01
  0.11843936E+01 -0.11767555E+01
  0.11849569E+01 -0.11721509E+01
  0.11855202E+01 -0.11674771E+01
  0.11860834E+01 -0.11627335E+01
  0.11866467E+01 -0.11579196E+01
  0.11872099E+01 -0.11530345E+01
  0.11877732E+01 -0.11480772E+01
  0.11883364E+01 -0.11430460E+01
  0.11888997E+01 -0.11379387E+01
  0.11894630E+01 -0.11327520E+01
  0.11900262E+01 -0.11274834E+01
  0.11905895E+01 -0.11221319E+01
  0.11911527E+01 -0.11166993E+01
  0.11917160E+01 -0.11111883E+01
  0.11922792E+01 -0.11056020E+01
  0.11928425E+01 -0.10999428E+01
  0.11934058E+01 -0.10942120E+01
  0.11939690E+01 -0.10884105E+01
  0.11945323E+01 -0.10825385E+01
  0.11950955E+01 -0.10765959E+01
  0.11956588E+01 -0.10705827E+01
  0.11962220E+01 -0.10644984E+01
  0.11967853E+01 -0.10583430E+01
  0.11973485E+01 -0.10521162E+01
  0.11979118E+01 -0.10458177E+01
  0.11984751E+01 -0.10394473E+01
  0.11990383E+01 -0.10330048E+01
  0.11996016E+01 -0.10264901E+01
  0.12001648E+01 -0.10199031E+01
  0.12007281E+01 -0.10132436E+01
  0.12012913E+01 -0.10065117E+01
  0.12018546E+01 -0.99970717E+00
  0.12024179E+01 -0.99283016E+00
  0.12029811E+01 -0.98588065E+00
  0.12035444E+01 -0.97885866E+00
  0.12041076E+01 -0.97176423E+00
  0.12046709E+01 -0.96459739E+00
  0.12052341E+01 -0.95735816E+00
  0.12057974E+01 -0.95004651E+00
  0.12063607E+01 -0.94266237E+00
  0.12069239E+01 -0.93520561E+00
  0.12074872E+01 -0.92767628E+00
  0.12080504E+01 -0.92007621E+00
  0.12086137E+01 -0.91241398E+00
  0.12091769E+01 -0.90469630E+00
  0.12097402E+01 -0.89690182E+00
  0.12103035E+01 -0.88902510E+00
  0.12108667E+01 -0.88107380E+00
  0.12114300E+01 -0.87305136E+00
  0.12119932E+01 -0.86495887E+00
  0.12125565E+01 -0.85679675E+00
  0.12131197E+01 -0.84856527E+00
  0.12136830E+01 -0.84026469E+00
  0.12142463E+01 -0.83189530E+00
  0.12148095E+01 -0.82345741E+00
  0.12153728E+01 -0.81495133E+00
  0.12159360E+01 -0.80637740E+00
  0.12164993E+01 -0.79773594E+00
  0.12170625E+01 -0.78902728E+00
  0.12176258E+01 -0.78025174E+00
  0.12181891E+01 -0.77140961E+00
  0.12187523E+01 -0.76250121E+00
  0.12193156E+01 -0.75352687E+00
  0.12198788E+01 -0.74448694E+00
  0.12204421E+01 -0.73538179E+00
  0.12210053E+01 -0.72621180E+00
  0.12215686E+01 -0.71697740E+00
  0.12221319E+01 -0.70767900E+00
  0.12226951E+01 -0.69831704E+00
  0.12232584E+01 -0.68889196E+00
  0.12238216E+01 -0.67940423E+00
  0.12243849E+01 -0.66985431E+00
  0.12249481E+01 -0.66024272E+00
  0.12255114E+01 -0.65057001E+00
  0.12260747E+01 -0.64083672E+00
  0.12266379E+01 -0.63104316E+00
  0.12272012E+01 -0.62118908E+00
  0.12277644E+01 -0.61127325E+00
  0.12283277E+01 -0.60129348E+00
  0.12288909E+01 -0.59124748E+00
  0.12294542E+01 -0.58113440E+00
  0.12300174E+01 -0.57095552E+00
  0.12305807E+01 -0.56071344E+00
  0.12311440E+01 -0.55041075E+00
  0.12317072E+01 -0.54004927E+00
  0.12322705E+01 -0.52963003E+00
  0.12328337E+01 -0.51915349E+00
  0.12333970E+01 -0.50861987E+00
  0.12339602E+01 -0.49802927E+00
  0.12345235E+01 -0.48738178E+00
  0.12350868E+01 -0.47667757E+00
  0.12356500E+01 -0.46591682E+00
  0.12362133E+01 -0.45509981E+00
  0.12367765E+01 -0.44422686E+00
  0.12373398E+01 -0.43329833E+00
  0.12379030E+01 -0.42231460E+00
  0.12384663E+01 -0.41127601E+00
  0.12390296E+01 -0.40018277E+00
  0.12395928E+01 -0.38903488E+00
  0.12401561E+01 -0.37783182E+00
  0.12407193E+01 -0.36657203E+00
  0.12412826E+01 -0.35525159E+00
  0.12418458E+01 -0.34386069E+00
  0.12424091E+01 -0.33237152E+00
  0.12429724E+01 -0.32068278E+00
  0.12435356E+01 -0.30832927E+00
  0.12440989E+01 -0.29785373E+00
  0.12446621E+01 -0.28691937E+00
  0.12452254E+01 -0.27531620E+00
  0.12457886E+01 -0.26364112E+00
  0.12463519E+01 -0.25192844E+00
  0.12469152E+01 -0.24017939E+00
  0.12474784E+01 -0.22839285E+00
  0.12480417E+01 -0.21656790E+00
  0.12486049E+01 -0.20470403E+00
  0.12491682E+01 -0.19280103E+00
  0.12497314E+01 -0.18085883E+00
  0.12502947E+01 -0.16887753E+00
  0.12508580E+01 -0.15685730E+00
  0.12514212E+01 -0.14479839E+00
  0.12519845E+01 -0.13270108E+00
  0.12525477E+01 -0.12056570E+00
  0.12531110E+01 -0.10839257E+00
  0.12536742E+01 -0.96182029E-01
  0.12542375E+01 -0.83934410E-01
  0.12548008E+01 -0.71650011E-01
  0.12553640E+01 -0.59329106E-01
  0.12559273E+01 -0.46971972E-01
  0.12564905E+01 -0.34579023E-01
  0.12570538E+01 -0.22151195E-01
  0.12576170E+01 -0.96908694E-02
  0.12581803E+01  0.27965409E-02
  0.12587436E+01  0.15302830E-01
  0.12593068E+01  0.27826334E-01
  0.12598701E+01  0.40378948E-01
  0.12604333E+01  0.52969828E-01
  0.12609966E+01  0.65597778E-01
  0.12615598E+01  0.78258705E-01
  0.12621231E+01  0.90949414E-01
  0.12626864E+01  0.10366767E+00
  0.12632496E+01  0.11641167E+00
  0.12638129E+01  0.12917968E+00
  0.12643761E+01  0.14196979E+00
  0.12649394E+01  0.15478001E+00
  0.12655026E+01  0.16760875E+00
  0.12660659E+01  0.18045679E+00
  0.12666291E+01  0.19333050E+00
  0.12671924E+01  0.20624205E+00
  0.12677557E+01  0.21919910E+00
  0.12683189E+01  0.23219468E+00
  0.12688822E+01  0.24521543E+00
  0.12694454E+01  0.25825312E+00
  0.12700087E+01  0.27130560E+00
  0.12705719E+01  0.28437361E+00
  0.12711352E+01  0.29745861E+00
  0.12716985E+01  0.31056201E+00
  0.12722617E+01  0.32368486E+00
  0.12728250E+01  0.33682766E+00
  0.12733882E+01  0.34999016E+00
  0.12739515E+01  0.36317142E+00
  0.12745147E+01  0.37636985E+00
  0.12750780E+01  0.38958362E+00
  0.12756413E+01  0.40281095E+00
  0.12762045E+01  0.41605033E+00
  0.12767678E+01  0.42930063E+00
  0.12773310E+01  0.44256101E+00
  0.12778943E+01  0.45583087E+00
  0.12784575E+01  0.46910973E+00
  0.12790208E+01  0.48239716E+00
  0.12795841E+01  0.49569272E+00
  0.12801473E+01  0.50899598E+00
  0.12807106E+01  0.52230643E+00
  0.12812738E+01  0.53562356E+00
  0.12818371E+01  0.54894681E+00
  0.12824003E+01  0.56227562E+00
  0.12829636E+01  0.57560940E+00
  0.12835269E+01  0.58894757E+00
  0.12840901E+01  0.60228958E+00
  0.12846534E+01  0.61563492E+00
  0.12852166E+01  0.62898315E+00
  0.12857799E+01  0.64233397E+00
  0.12863431E+01  0.65568733E+00
  0.12869064E+01  0.66904373E+00
  0.12874697E+01  0.68240488E+00
  0.12880329E+01  0.69577583E+00
  0.12885962E+01  0.70917092E+00
  0.12891594E+01  0.72261165E+00
  0.12897227E+01  0.73596572E+00
  0.12902859E+01  0.74919663E+00
  0.12908492E+01  0.76248445E+00
  0.12914125E+01  0.77580228E+00
  0.12919757E+01  0.78912806E+00
  0.12925390E+01  0.80245427E+00
  0.12931022E+01  0.81577797E+00
  0.12936655E+01  0.82909765E+00
  0.12942287E+01  0.84241240E+00
  0.12947920E+01  0.85572148E+00
  0.12953553E+01  0.86902428E+00
  0.12959185E+01  0.88232025E+00
  0.12964818E+01  0.89560882E+00
  0.12970450E+01  0.90888949E+00
  0.12976083E+01  0.92216172E+00
  0.12981715E+01  0.93542499E+00
  0.12987348E+01  0.94867875E+00
  0.12992981E+01  0.96192246E+00
  0.12998613E+01  0.97515551E+00
  0.13004246E+01  0.98837727E+00
  0.13009878E+01  0.10015871E+01
  0.13015511E+01  0.10147841E+01
  0.13021143E+01  0.10279676E+01
  0.13026776E+01  0.10411365E+01
  0.13032408E+01  0.10542897E+01
  0.13038041E+01  0.10674259E+01
  0.13043674E+01  0.10805433E+01
  0.13049306E+01  0.10936397E+01
  0.13054939E+01  0.11067120E+01
  0.13060571E+01  0.11197558E+01
  0.13066204E+01  0.11327649E+01
  0.13071836E+01  0.11457298E+01
  0.13077469E+01  0.11586383E+01
  0.13083102E+01  0.11714769E+01
  0.13088734E+01  0.11842440E+01
  0.13094367E+01  0.11969823E+01
  0.13099999E+01  0.12098042E+01
  0.13105632E+01  0.12228111E+01
  0.13111264E+01  0.12359622E+01
  0.13116897E+01  0.12491358E+01
  0.13122530E+01  0.12622574E+01
  0.13128162E+01  0.12753102E+01
  0.13133795E+01  0.12883014E+01
  0.13139427E+01  0.13012424E+01
  0.13145060E+01  0.13141424E+01
  0.13150692E+01  0.13270082E+01
  0.13156325E+01  0.13398447E+01
  0.13161958E+01  0.13526552E+01
  0.13167590E+01  0.13654426E+01
  0.13173223E+01  0.13782093E+01
  0.13178855E+01  0.13909577E+01
  0.13184488E+01  0.14036894E+01
  0.13190120E+01  0.14164030E+01
  0.13195753E+01  0.14290898E+01
  0.13201386E+01  0.14417382E+01
  0.13207018E+01  0.14543501E+01
  0.13212651E+01  0.14669379E+01
  0.13218283E+01  0.14795095E+01
  0.13223916E+01  0.14920664E+01
  0.13229548E+01  0.15046071E+01
  0.13235181E+01  0.15171300E+01
  0.13240814E+01  0.15296336E+01
  0.13246446E+01  0.15421161E+01
  0.13252079E+01  0.15545761E+01
  0.13257711E+01  0.15670119E+01
  0.13263344E+01  0.15794219E+01
  0.13268976E+01  0.15918047E+01
  0.13274609E+01  0.16041591E+01
  0.13280242E+01  0.16164840E+01
  0.13285874E+01  0.16287786E+01
  0.13291507E+01  0.16410423E+01
  0.13297139E+01  0.16532748E+01
  0.13302772E+01  0.16654759E+01
  0.13308404E+01  0.16776457E+01
  0.13314037E+01  0.16897842E+01
  0.13319670E+01  0.17018917E+01
  0.13325302E+01  0.17139686E+01
  0.13330935E+01  0.17260151E+01
  0.13336567E+01  0.17380315E+01
  0.13342200E+01  0.17500182E+01
  0.13347832E+01  0.17619749E+01
  0.13353465E+01  0.17739017E+01
  0.13359098E+01  0.17857988E+01
  0.13364730E+01  0.17976679E+01
  0.13370363E+01  0.18095120E+01
  0.13375995E+01  0.18213330E+01
  0.13381628E+01  0.18331308E+01
  0.13387260E+01  0.18449040E+01
  0.13392893E+01  0.18566511E+01
  0.13398525E+01  0.18683709E+01
  0.13404158E+01  0.18800622E+01
  0.13409791E+01  0.18917244E+01
  0.13415423E+01  0.19033566E+01
  0.13421056E+01  0.19149582E+01
  0.13426688E+01  0.19265286E+01
  0.13432321E+01  0.19380674E+01
  0.13437953E+01  0.19495743E+01
  0.13443586E+01  0.19610490E+01
  0.13449219E+01  0.19724913E+01
  0.13454851E+01  0.19839011E+01
  0.13460484E+01  0.19952784E+01
  0.13466116E+01  0.20066230E+01
  0.13471749E+01  0.20179350E+01
  0.13477381E+01  0.20292144E+01
  0.13483014E+01  0.20404610E+01
  0.13488647E+01  0.20516752E+01
  0.13494279E+01  0.20628568E+01
  0.13499912E+01  0.20740063E+01
  0.13505544E+01  0.20851237E+01
  0.13511177E+01  0.20962092E+01
  0.13516809E+01  0.21072630E+01
  0.13522442E+01  0.21182854E+01
  0.13528075E+01  0.21292765E+01
  0.13533707E+01  0.21402363E+01
  0.13539340E+01  0.21511652E+01
  0.13544972E+01  0.21620632E+01
  0.13550605E+01  0.21729305E+01
  0.13556237E+01  0.21837675E+01
  0.13561870E+01  0.21945743E+01
  0.13567503E+01  0.22053518E+01
  0.13573135E+01  0.22161005E+01
  0.13578768E+01  0.22268217E+01
  0.13584400E+01  0.22375168E+01
  0.13590033E+01  0.22481875E+01
  0.13595665E+01  0.22588343E+01
  0.13601298E+01  0.22694552E+01
  0.13606931E+01  0.22800449E+01
  0.13612563E+01  0.22905980E+01
  0.13618196E+01  0.23011127E+01
  0.13623828E+01  0.23115919E+01
  0.13629461E+01  0.23220402E+01
  0.13635093E+01  0.23324610E+01
  0.13640726E+01  0.23428560E+01
  0.13646359E+01  0.23532256E+01
  0.13651991E+01  0.23635695E+01
  0.13657624E+01  0.23738870E+01
  0.13663256E+01  0.23841771E+01
  0.13668889E+01  0.23944393E+01
  0.13674521E+01  0.24046730E+01
  0.13680154E+01  0.24148779E+01
  0.13685787E+01  0.24250542E+01
  0.13691419E+01  0.24352019E+01
  0.13697052E+01  0.24453215E+01
  0.13702684E+01  0.24554133E+01
  0.13708317E+01  0.24654777E+01
  0.13713949E+01  0.24755149E+01
  0.13719582E+01  0.24855253E+01
  0.13725215E+01  0.24955092E+01
  0.13730847E+01  0.25054668E+01
  0.13736480E+01  0.25153982E+01
  0.13742112E+01  0.25253038E+01
  0.13747745E+01  0.25351836E+01
  0.13753377E+01  0.25450381E+01
  0.13759010E+01  0.25548673E+01
  0.13764642E+01  0.25646714E+01
  0.13770275E+01  0.25744508E+01
  0.13775908E+01  0.25842056E+01
  0.13781540E+01  0.25939360E+01
  0.13787173E+01  0.26036422E+01
  0.13792805E+01  0.26133246E+01
  0.13798438E+01  0.26229832E+01
  0.13804070E+01  0.26326184E+01
  0.13809703E+01  0.26422304E+01
  0.13815336E+01  0.26518194E+01
  0.13820968E+01  0.26613856E+01
  0.13826601E+01  0.26709294E+01
  0.13832233E+01  0.26804509E+01
  0.13837866E+01  0.26899503E+01
  0.13843498E+01  0.26994281E+01
  0.13849131E+01  0.27088842E+01
  0.13854764E+01  0.27183191E+01
  0.13860396E+01  0.27277330E+01
  0.13866029E+01  0.27371261E+01
  0.13871661E+01  0.27464986E+01
  0.13877294E+01  0.27558508E+01
  0.13882926E+01  0.27651830E+01
  0.13888559E+01  0.27744954E+01
  0.13894192E+01  0.27837881E+01
  0.13899824E+01  0.27930616E+01
  0.13905457E+01  0.28023161E+01
  0.13911089E+01  0.28115517E+01
  0.13916722E+01  0.28207689E+01
  0.13922354E+01  0.28299678E+01
  0.13927987E+01  0.28391488E+01
  0.13933620E+01  0.28483122E+01
  0.13939252E+01  0.28574582E+01
  0.13944885E+01  0.28665873E+01
  0.13950517E+01  0.28756997E+01
  0.13956150E+01  0.28847957E+01
  0.13961782E+01  0.28938757E+01
  0.13967415E+01  0.29029400E+01
  0.13973048E+01  0.29119889E+01
  0.13978680E+01  0.29210226E+01
  0.13984313E+01  0.29300415E+01
  0.13989945E+01  0.29390459E+01
  0.13995578E+01  0.29480359E+01
  0.14001210E+01  0.29570117E+01
  0.14006843E+01  0.29659735E+01
  0.14012476E+01  0.29749214E+01
  0.14018108E+01  0.29838555E+01
  0.14023741E+01  0.29927755E+01
  0.14029373E+01  0.30016814E+01
  0.14035006E+01  0.30105730E+01
  0.14040638E+01  0.30194500E+01
  0.14046271E+01  0.30283119E+01
  0.14051904E+01  0.30371587E+01
  0.14057536E+01  0.30459900E+01
  0.14063169E+01  0.30548059E+01
  0.14068801E+01  0.30636064E+01
  0.14074434E+01  0.30723921E+01
  0.14080066E+01  0.30811636E+01
  0.14085699E+01  0.30899221E+01
  0.14091332E+01  0.30986689E+01
  0.14096964E+01  0.31074057E+01
  0.14102597E+01  0.31161341E+01
  0.14108229E+01  0.31248556E+01
  0.14113862E+01  0.31335712E+01
  0.14119494E+01  0.31422815E+01
  0.14125127E+01  0.31509862E+01
  0.14130759E+01  0.31596847E+01
  0.14136392E+01  0.31683761E+01
  0.14142025E+01  0.31770598E+01
  0.14147657E+01  0.31857352E+01
  0.14153290E+01  0.31944020E+01
  0.14158922E+01  0.32030602E+01
  0.14164555E+01  0.32117097E+01
  0.14170187E+01  0.32203507E+01
  0.14175820E+01  0.32289834E+01
  0.14181453E+01  0.32376082E+01
  0.14187085E+01  0.32462252E+01
  0.14192718E+01  0.32548348E+01
  0.14198350E+01  0.32634374E+01
  0.14203983E+01  0.32720334E+01
  0.14209615E+01  0.32806233E+01
  0.14215248E+01  0.32892078E+01
  0.14220881E+01  0.32977877E+01
  0.14226513E+01  0.33063641E+01
  0.14232146E+01  0.33149381E+01
  0.14237778E+01  0.33235102E+01
  0.14243411E+01  0.33320782E+01
  0.14249043E+01  0.33406347E+01
  0.14254676E+01  0.33491685E+01
  0.14260309E+01  0.33576758E+01
  0.14265941E+01  0.33661655E+01
  0.14271574E+01  0.33746487E+01
  0.14277206E+01  0.33831305E+01
  0.14282839E+01  0.33916114E+01
  0.14288471E+01  0.34000905E+01
  0.14294104E+01  0.34085664E+01
  0.14299737E+01  0.34170382E+01
  0.14305369E+01  0.34255052E+01
  0.14311002E+01  0.34339669E+01
  0.14316634E+01  0.34424231E+01
  0.14322267E+01  0.34508736E+01
  0.14327899E+01  0.34593182E+01
  0.14333532E+01  0.34677569E+01
  0.14339165E+01  0.34761898E+01
  0.14344797E+01  0.34846171E+01
  0.14350430E+01  0.34930388E+01
  0.14356062E+01  0.35014554E+01
  0.14361695E+01  0.35098673E+01
  0.14367327E+01  0.35182747E+01
  0.14372960E+01  0.35266783E+01
  0.14378593E+01  0.35350786E+01
  0.14384225E+01  0.35434759E+01
  0.14389858E+01  0.35518708E+01
  0.14395490E+01  0.35602635E+01
  0.14401123E+01  0.35686541E+01
  0.14406755E+01  0.35770426E+01
  0.14412388E+01  0.35854289E+01
  0.14418021E+01  0.35938124E+01
  0.14423653E+01  0.36021927E+01
  0.14429286E+01  0.36105693E+01
  0.14434918E+01  0.36189415E+01
  0.14440551E+01  0.36273086E+01
  0.14446183E+01  0.36356700E+01
  0.14451816E+01  0.36440252E+01
  0.14457448E+01  0.36523736E+01
  0.14463081E+01  0.36607149E+01
  0.14468714E+01  0.36690486E+01
  0.14474346E+01  0.36773744E+01
  0.14479979E+01  0.36856922E+01
  0.14485611E+01  0.36940016E+01
  0.14491244E+01  0.37023026E+01
  0.14496876E+01  0.37105953E+01
  0.14502509E+01  0.37188796E+01
  0.14508142E+01  0.37271559E+01
  0.14513774E+01  0.37354245E+01
  0.14519407E+01  0.37436862E+01
  0.14525039E+01  0.37519418E+01
  0.14530672E+01  0.37601919E+01
  0.14536304E+01  0.37684354E+01
  0.14541937E+01  0.37766658E+01
  0.14547570E+01  0.37848693E+01
  0.14553202E+01  0.37930333E+01
  0.14558835E+01  0.38011641E+01
  0.14564467E+01  0.38092794E+01
  0.14570100E+01  0.38173900E+01
  0.14575732E+01  0.38254969E+01
  0.14581365E+01  0.38335979E+01
  0.14586998E+01  0.38416903E+01
  0.14592630E+01  0.38497720E+01
  0.14598263E+01  0.38578415E+01
  0.14603895E+01  0.38658976E+01
  0.14609528E+01  0.38739394E+01
  0.14615160E+01  0.38819661E+01
  0.14620793E+01  0.38899768E+01
  0.14626426E+01  0.38979707E+01
  0.14632058E+01  0.39059469E+01
  0.14637691E+01  0.39139045E+01
  0.14643323E+01  0.39218422E+01
  0.14648956E+01  0.39297584E+01
  0.14654588E+01  0.39376507E+01
  0.14660221E+01  0.39455148E+01
  0.14665854E+01  0.39533424E+01
  0.14671486E+01  0.39611153E+01
  0.14677119E+01  0.39687894E+01
  0.14682751E+01  0.39762635E+01
  0.14688384E+01  0.39835120E+01
  0.14694016E+01  0.39912467E+01
  0.14699649E+01  0.39994367E+01
  0.14705282E+01  0.40074491E+01
  0.14710914E+01  0.40152907E+01
  0.14716547E+01  0.40230358E+01
  0.14722179E+01  0.40307202E+01
  0.14727812E+01  0.40383597E+01
  0.14733444E+01  0.40459616E+01
  0.14739077E+01  0.40535290E+01
  0.14744710E+01  0.40610637E+01
  0.14750342E+01  0.40685663E+01
  0.14755975E+01  0.40760367E+01
  0.14761607E+01  0.40834750E+01
  0.14767240E+01  0.40908808E+01
  0.14772872E+01  0.40982535E+01
  0.14778505E+01  0.41055927E+01
  0.14784138E+01  0.41128978E+01
  0.14789770E+01  0.41201682E+01
  0.14795403E+01  0.41274032E+01
  0.14801035E+01  0.41346023E+01
  0.14806668E+01  0.41417647E+01
  0.14812300E+01  0.41488899E+01
  0.14817933E+01  0.41559770E+01
  0.14823565E+01  0.41630255E+01
  0.14829198E+01  0.41700346E+01
  0.14834831E+01  0.41770037E+01
  0.14840463E+01  0.41839320E+01
  0.14846096E+01  0.41908189E+01
  0.14851728E+01  0.41976635E+01
  0.14857361E+01  0.42044652E+01
  0.14862993E+01  0.42112232E+01
  0.14868626E+01  0.42179369E+01
  0.14874259E+01  0.42246054E+01
  0.14879891E+01  0.42312280E+01
  0.14885524E+01  0.42378039E+01
  0.14891156E+01  0.42443324E+01
  0.14896789E+01  0.42508127E+01
  0.14902421E+01  0.42572440E+01
  0.14908054E+01  0.42636256E+01
  0.14913687E+01  0.42699567E+01
  0.14919319E+01  0.42762365E+01
  0.14924952E+01  0.42824642E+01
  0.14930584E+01  0.42886390E+01
  0.14936217E+01  0.42947603E+01
  0.14941849E+01  0.43008271E+01
  0.14947482E+01  0.43068387E+01
  0.14953115E+01  0.43127943E+01
  0.14958747E+01  0.43186932E+01
  0.14964380E+01  0.43245346E+01
  0.14970012E+01  0.43303176E+01
  0.14975645E+01  0.43360416E+01
  0.14981277E+01  0.43417057E+01
  0.14986910E+01  0.43473092E+01
  0.14992543E+01  0.43528514E+01
  0.14998175E+01  0.43583314E+01
  0.15003808E+01  0.43637485E+01
  0.15009440E+01  0.43691019E+01
  0.15015073E+01  0.43743909E+01
  0.15020705E+01  0.43796148E+01
  0.15026338E+01  0.43847727E+01
  0.15031971E+01  0.43898639E+01
  0.15037603E+01  0.43948877E+01
  0.15043236E+01  0.43998434E+01
  0.15048868E+01  0.44047301E+01
  0.15054501E+01  0.44095471E+01
  0.15060133E+01  0.44142936E+01
  0.15065766E+01  0.44189690E+01
  0.15071399E+01  0.44235725E+01
  0.15077031E+01  0.44281032E+01
  0.15082664E+01  0.44325604E+01
  0.15088296E+01  0.44369434E+01
  0.15093929E+01  0.44412515E+01
  0.15099561E+01  0.44454838E+01
  0.15105194E+01  0.44496396E+01
  0.15110827E+01  0.44537184E+01
  0.15116459E+01  0.44577194E+01
  0.15122092E+01  0.44616422E+01
  0.15127724E+01  0.44654861E+01
  0.15133357E+01  0.44692509E+01
  0.15138989E+01  0.44729361E+01
  0.15144622E+01  0.44765414E+01
  0.15150255E+01  0.44800662E+01
  0.15155887E+01  0.44835103E+01
  0.15161520E+01  0.44868729E+01
  0.15167152E+01  0.44901535E+01
  0.15172785E+01  0.44933515E+01
  0.15178417E+01  0.44964661E+01
  0.15184050E+01  0.44994967E+01
  0.15189682E+01  0.45024427E+01
  0.15195315E+01  0.45053032E+01
  0.15200948E+01  0.45080777E+01
  0.15206580E+01  0.45107657E+01
  0.15212213E+01  0.45133664E+01
  0.15217845E+01  0.45158794E+01
  0.15223478E+01  0.45183042E+01
  0.15229110E+01  0.45206404E+01
  0.15234743E+01  0.45228879E+01
  0.15240376E+01  0.45250467E+01
  0.15246008E+01  0.45271170E+01
  0.15251641E+01  0.45290991E+01
  0.15257273E+01  0.45309926E+01
  0.15262906E+01  0.45327966E+01
  0.15268538E+01  0.45345100E+01
  0.15274171E+01  0.45361316E+01
  0.15279804E+01  0.45376606E+01
  0.15285436E+01  0.45390964E+01
  0.15291069E+01  0.45404389E+01
  0.15296701E+01  0.45416877E+01
  0.15302334E+01  0.45428428E+01
  0.15307966E+01  0.45439040E+01
  0.15313599E+01  0.45448709E+01
  0.15319232E+01  0.45457436E+01
  0.15324864E+01  0.45465217E+01
  0.15330497E+01  0.45472050E+01
  0.15336129E+01  0.45477936E+01
  0.15341762E+01  0.45482872E+01
  0.15347394E+01  0.45486856E+01
  0.15353027E+01  0.45489890E+01
  0.15358660E+01  0.45491972E+01
  0.15364292E+01  0.45493103E+01
  0.15369925E+01  0.45493283E+01
  0.15375557E+01  0.45492514E+01
  0.15381190E+01  0.45490796E+01
  0.15386822E+01  0.45488130E+01
  0.15392456E+01  0.45484517E+01
  
