  0.00000000E+00  0.45555206E+01
  0.56340304E-03  0.45556603E+01
  0.11268061E-02  0.45557043E+01
  0.16902091E-02  0.45556523E+01
  0.22536122E-02  0.45555042E+01
  0.28170152E-02  0.45552601E+01
  0.33804183E-02  0.45549197E+01
  0.39438213E-02  0.45544832E+01
  0.45072244E-02  0.45539503E+01
  0.50706274E-02  0.45533211E+01
  0.56340304E-02  0.45525956E+01
  0.61974335E-02  0.45517737E+01
  0.67608365E-02  0.45508555E+01
  0.73242396E-02  0.45498409E+01
  0.78876426E-02  0.45487300E+01
  0.84510457E-02  0.45475228E+01
  0.90144487E-02  0.45462195E+01
  0.95778518E-02  0.45448202E+01
  0.10141255E-01  0.45433251E+01
  0.10704658E-01  0.45417344E+01
  0.11268061E-01  0.45400486E+01
  0.11831464E-01  0.45382681E+01
  0.12394867E-01  0.45363933E+01
  0.12958270E-01  0.45344248E+01
  0.13521673E-01  0.45323630E+01
  0.14085076E-01  0.45302083E+01
  0.14648479E-01  0.45279609E+01
  0.15211882E-01  0.45256209E+01
  0.15775285E-01  0.45231884E+01
  0.16338688E-01  0.45206634E+01
  0.16902091E-01  0.45180461E+01
  0.17465494E-01  0.45153364E+01
  0.18028897E-01  0.45125346E+01
  0.18592300E-01  0.45096410E+01
  0.19155704E-01  0.45066558E+01
  0.19719107E-01  0.45035794E+01
  0.20282510E-01  0.45004121E+01
  0.20845913E-01  0.44971544E+01
  0.21409316E-01  0.44938066E+01
  0.21972719E-01  0.44903693E+01
  0.22536122E-01  0.44868429E+01
  0.23099525E-01  0.44832278E+01
  0.23662928E-01  0.44795245E+01
  0.24226331E-01  0.44757336E+01
  0.24789734E-01  0.44718556E+01
  0.25353137E-01  0.44678909E+01
  0.25916540E-01  0.44638401E+01
  0.26479943E-01  0.44597038E+01
  0.27043346E-01  0.44554825E+01
  0.27606749E-01  0.44511767E+01
  0.28170152E-01  0.44467870E+01
  0.28733555E-01  0.44423140E+01
  0.29296958E-01  0.44377584E+01
  0.29860361E-01  0.44331206E+01
  0.30423764E-01  0.44284014E+01
  0.30987167E-01  0.44236013E+01
  0.31550571E-01  0.44187210E+01
  0.32113974E-01  0.44137611E+01
  0.32677377E-01  0.44087222E+01
  0.33240780E-01  0.44036051E+01
  0.33804183E-01  0.43984104E+01
  0.34367586E-01  0.43931387E+01
  0.34930989E-01  0.43877907E+01
  0.35494392E-01  0.43823672E+01
  0.36057795E-01  0.43768688E+01
  0.36621198E-01  0.43712963E+01
  0.37184601E-01  0.43656503E+01
  0.37748004E-01  0.43599315E+01
  0.38311407E-01  0.43541407E+01
  0.38874810E-01  0.43482786E+01
  0.39438213E-01  0.43423459E+01
  0.40001616E-01  0.43363434E+01
  0.40565019E-01  0.43302718E+01
  0.41128422E-01  0.43241318E+01
  0.41691825E-01  0.43179243E+01
  0.42255228E-01  0.43116500E+01
  0.42818631E-01  0.43053096E+01
  0.43382034E-01  0.42989039E+01
  0.43945437E-01  0.42924336E+01
  0.44508841E-01  0.42858997E+01
  0.45072244E-01  0.42793028E+01
  0.45635647E-01  0.42726438E+01
  0.46199050E-01  0.42659233E+01
  0.46762453E-01  0.42591423E+01
  0.47325856E-01  0.42523016E+01
  0.47889259E-01  0.42454019E+01
  0.48452662E-01  0.42384440E+01
  0.49016065E-01  0.42314287E+01
  0.49579468E-01  0.42243569E+01
  0.50142871E-01  0.42172294E+01
  0.50706274E-01  0.42100470E+01
  0.51269677E-01  0.42028104E+01
  0.51833080E-01  0.41955206E+01
  0.52396483E-01  0.41881783E+01
  0.52959886E-01  0.41807844E+01
  0.53523289E-01  0.41733396E+01
  0.54086692E-01  0.41658448E+01
  0.54650095E-01  0.41583008E+01
  0.55213498E-01  0.41507084E+01
  0.55776901E-01  0.41430685E+01
  0.56340304E-01  0.41353818E+01
  0.56903708E-01  0.41276491E+01
  0.57467111E-01  0.41198714E+01
  0.58030514E-01  0.41120493E+01
  0.58593917E-01  0.41041837E+01
  0.59157320E-01  0.40962755E+01
  0.59720723E-01  0.40883255E+01
  0.60284126E-01  0.40803344E+01
  0.60847529E-01  0.40723031E+01
  0.61410932E-01  0.40642324E+01
  0.61974335E-01  0.40561233E+01
  0.62537738E-01  0.40479765E+01
  0.63101141E-01  0.40397930E+01
  0.63664544E-01  0.40315737E+01
  0.64227947E-01  0.40233198E+01
  0.64791350E-01  0.40150322E+01
  0.65354753E-01  0.40067126E+01
  0.65918156E-01  0.39983626E+01
  0.66481559E-01  0.39899851E+01
  0.67044962E-01  0.39815844E+01
  0.67608365E-01  0.39731688E+01
  0.68171768E-01  0.39647566E+01
  0.68735171E-01  0.39563919E+01
  0.69298575E-01  0.39481712E+01
  0.69861978E-01  0.39399957E+01
  0.70425381E-01  0.39311053E+01
  0.70988784E-01  0.39220716E+01
  0.71552187E-01  0.39132305E+01
  0.72115590E-01  0.39044677E+01
  0.72678993E-01  0.38957225E+01
  0.73242396E-01  0.38869723E+01
  0.73805799E-01  0.38782083E+01
  0.74369202E-01  0.38694270E+01
  0.74932605E-01  0.38606269E+01
  0.75496008E-01  0.38518075E+01
  0.76059411E-01  0.38429686E+01
  0.76622814E-01  0.38341104E+01
  0.77186217E-01  0.38252332E+01
  0.77749620E-01  0.38163371E+01
  0.78313023E-01  0.38074221E+01
  0.78876426E-01  0.37984884E+01
  0.79439829E-01  0.37895355E+01
  0.80003232E-01  0.37805629E+01
  0.80566635E-01  0.37715702E+01
  0.81130038E-01  0.37625591E+01
  0.81693441E-01  0.37535371E+01
  0.82256845E-01  0.37445176E+01
  0.82820248E-01  0.37355060E+01
  0.83383651E-01  0.37264920E+01
  0.83947054E-01  0.37174640E+01
  0.84510457E-01  0.37084186E+01
  0.85073860E-01  0.36993571E+01
  0.85637263E-01  0.36902815E+01
  0.86200666E-01  0.36811938E+01
  0.86764069E-01  0.36720953E+01
  0.87327472E-01  0.36629871E+01
  0.87890875E-01  0.36538702E+01
  0.88454278E-01  0.36447453E+01
  0.89017681E-01  0.36356131E+01
  0.89581084E-01  0.36264741E+01
  0.90144487E-01  0.36173290E+01
  0.90707890E-01  0.36081783E+01
  0.91271293E-01  0.35990225E+01
  0.91834696E-01  0.35898621E+01
  0.92398099E-01  0.35806976E+01
  0.92961502E-01  0.35715295E+01
  0.93524905E-01  0.35623582E+01
  0.94088308E-01  0.35531841E+01
  0.94651712E-01  0.35440077E+01
  0.95215115E-01  0.35348293E+01
  0.95778518E-01  0.35256492E+01
  0.96341921E-01  0.35164680E+01
  0.96905324E-01  0.35072857E+01
  0.97468727E-01  0.34981028E+01
  0.98032130E-01  0.34889196E+01
  0.98595533E-01  0.34797361E+01
  0.99158936E-01  0.34705527E+01
  0.99722339E-01  0.34613695E+01
  0.10028574E+00  0.34521867E+01
  0.10084915E+00  0.34430043E+01
  0.10141255E+00  0.34338225E+01
  0.10197595E+00  0.34246413E+01
  0.10253935E+00  0.34154607E+01
  0.10310276E+00  0.34062809E+01
  0.10366616E+00  0.33971017E+01
  0.10422956E+00  0.33879233E+01
  0.10479297E+00  0.33787456E+01
  0.10535637E+00  0.33695687E+01
  0.10591977E+00  0.33603927E+01
  0.10648318E+00  0.33512175E+01
  0.10704658E+00  0.33420433E+01
  0.10760998E+00  0.33328703E+01
  0.10817338E+00  0.33236985E+01
  0.10873679E+00  0.33145283E+01
  0.10930019E+00  0.33053600E+01
  0.10986359E+00  0.32961941E+01
  0.11042700E+00  0.32870314E+01
  0.11099040E+00  0.32778728E+01
  0.11155380E+00  0.32687203E+01
  0.11211721E+00  0.32595768E+01
  0.11268061E+00  0.32504474E+01
  0.11324401E+00  0.32413393E+01
  0.11380742E+00  0.32322560E+01
  0.11437082E+00  0.32231719E+01
  0.11493422E+00  0.32140243E+01
  0.11549762E+00  0.32048106E+01
  0.11606103E+00  0.31955911E+01
  0.11662443E+00  0.31863931E+01
  0.11718783E+00  0.31772153E+01
  0.11775124E+00  0.31680519E+01
  0.11831464E+00  0.31588982E+01
  0.11887804E+00  0.31497514E+01
  0.11944145E+00  0.31406097E+01
  0.12000485E+00  0.31314721E+01
  0.12056825E+00  0.31223377E+01
  0.12113165E+00  0.31132057E+01
  0.12169506E+00  0.31040758E+01
  0.12225846E+00  0.30949473E+01
  0.12282186E+00  0.30858197E+01
  0.12338527E+00  0.30766925E+01
  0.12394867E+00  0.30675652E+01
  0.12451207E+00  0.30584371E+01
  0.12507548E+00  0.30493078E+01
  0.12563888E+00  0.30401767E+01
  0.12620228E+00  0.30310433E+01
  0.12676569E+00  0.30219073E+01
  0.12732909E+00  0.30127685E+01
  0.12789249E+00  0.30036272E+01
  0.12845589E+00  0.29944840E+01
  0.12901930E+00  0.29853400E+01
  0.12958270E+00  0.29761970E+01
  0.13014610E+00  0.29670575E+01
  0.13070951E+00  0.29579245E+01
  0.13127291E+00  0.29488019E+01
  0.13183631E+00  0.29396938E+01
  0.13239972E+00  0.29306049E+01
  0.13296312E+00  0.29215396E+01
  0.13352652E+00  0.29125018E+01
  0.13408992E+00  0.29034946E+01
  0.13465333E+00  0.28945197E+01
  0.13521673E+00  0.28855774E+01
  0.13578013E+00  0.28766665E+01
  0.13634354E+00  0.28677844E+01
  0.13690694E+00  0.28589274E+01
  0.13747034E+00  0.28500913E+01
  0.13803375E+00  0.28412715E+01
  0.13859715E+00  0.28324637E+01
  0.13916055E+00  0.28236639E+01
  0.13972396E+00  0.28148686E+01
  0.14028736E+00  0.28060750E+01
  0.14085076E+00  0.27972811E+01
  0.14141416E+00  0.27884852E+01
  0.14197757E+00  0.27796862E+01
  0.14254097E+00  0.27708835E+01
  0.14310437E+00  0.27620766E+01
  0.14366778E+00  0.27532656E+01
  0.14423118E+00  0.27444504E+01
  0.14479458E+00  0.27356312E+01
  0.14535799E+00  0.27268085E+01
  0.14592139E+00  0.27179824E+01
  0.14648479E+00  0.27091534E+01
  0.14704819E+00  0.27003218E+01
  0.14761160E+00  0.26914882E+01
  0.14817500E+00  0.26826527E+01
  0.14873840E+00  0.26738158E+01
  0.14930181E+00  0.26649779E+01
  0.14986521E+00  0.26561392E+01
  0.15042861E+00  0.26473000E+01
  0.15099202E+00  0.26384607E+01
  0.15155542E+00  0.26296214E+01
  0.15211882E+00  0.26207824E+01
  0.15268223E+00  0.26119438E+01
  0.15324563E+00  0.26031059E+01
  0.15380903E+00  0.25942689E+01
  0.15437243E+00  0.25854327E+01
  0.15493584E+00  0.25765976E+01
  0.15549924E+00  0.25677636E+01
  0.15606264E+00  0.25589309E+01
  0.15662605E+00  0.25500994E+01
  0.15718945E+00  0.25412692E+01
  0.15775285E+00  0.25324404E+01
  0.15831626E+00  0.25236129E+01
  0.15887966E+00  0.25147869E+01
  0.15944306E+00  0.25059623E+01
  0.16000646E+00  0.24971392E+01
  0.16056987E+00  0.24883175E+01
  0.16113327E+00  0.24794973E+01
  0.16169667E+00  0.24706786E+01
  0.16226008E+00  0.24618614E+01
  0.16282348E+00  0.24530457E+01
  0.16338688E+00  0.24442315E+01
  0.16395029E+00  0.24354189E+01
  0.16451369E+00  0.24266079E+01
  0.16507709E+00  0.24177984E+01
  0.16564050E+00  0.24089906E+01
  0.16620390E+00  0.24001843E+01
  0.16676730E+00  0.23913798E+01
  0.16733070E+00  0.23825770E+01
  0.16789411E+00  0.23737761E+01
  0.16845751E+00  0.23649773E+01
  0.16902091E+00  0.23561807E+01
  0.16958432E+00  0.23473867E+01
  0.17014772E+00  0.23385956E+01
  0.17071112E+00  0.23298075E+01
  0.17127453E+00  0.23210226E+01
  0.17183793E+00  0.23122411E+01
  0.17240133E+00  0.23034629E+01
  0.17296473E+00  0.22946879E+01
  0.17352814E+00  0.22859159E+01
  0.17409154E+00  0.22771469E+01
  0.17465494E+00  0.22683812E+01
  0.17521835E+00  0.22596190E+01
  0.17578175E+00  0.22508615E+01
  0.17634515E+00  0.22421103E+01
  0.17690856E+00  0.22333686E+01
  0.17747196E+00  0.22246433E+01
  0.17803536E+00  0.22159504E+01
  0.17859877E+00  0.22073367E+01
  0.17916217E+00  0.21989949E+01
  0.17972557E+00  0.21924043E+01
  0.18028897E+00  0.21857993E+01
  0.18085238E+00  0.21725729E+01
  0.18141578E+00  0.21633264E+01
  0.18197918E+00  0.21544617E+01
  0.18254259E+00  0.21456750E+01
  0.18310599E+00  0.21369134E+01
  0.18366939E+00  0.21281629E+01
  0.18423280E+00  0.21194186E+01
  0.18479620E+00  0.21106784E+01
  0.18535960E+00  0.21019415E+01
  0.18592300E+00  0.20932075E+01
  0.18648641E+00  0.20844761E+01
  0.18704981E+00  0.20757470E+01
  0.18761321E+00  0.20670200E+01
  0.18817662E+00  0.20582948E+01
  0.18874002E+00  0.20495711E+01
  0.18930342E+00  0.20408481E+01
  0.18986683E+00  0.20321250E+01
  0.19043023E+00  0.20234004E+01
  0.19099363E+00  0.20146725E+01
  0.19155704E+00  0.20059390E+01
  0.19212044E+00  0.19971980E+01
  0.19268384E+00  0.19884502E+01
  0.19324724E+00  0.19797033E+01
  0.19381065E+00  0.19709751E+01
  0.19437405E+00  0.19622840E+01
  0.19493745E+00  0.19536323E+01
  0.19550086E+00  0.19450053E+01
  0.19606426E+00  0.19363867E+01
  0.19662766E+00  0.19277680E+01
  0.19719107E+00  0.19191466E+01
  0.19775447E+00  0.19105230E+01
  0.19831787E+00  0.19018985E+01
  0.19888127E+00  0.18932744E+01
  0.19944468E+00  0.18846517E+01
  0.20000808E+00  0.18760311E+01
  0.20057148E+00  0.18674130E+01
  0.20113489E+00  0.18587976E+01
  0.20169829E+00  0.18501848E+01
  0.20226169E+00  0.18415744E+01
  0.20282510E+00  0.18329659E+01
  0.20338850E+00  0.18243588E+01
  0.20395190E+00  0.18157524E+01
  0.20451531E+00  0.18071467E+01
  0.20507871E+00  0.17985429E+01
  0.20564211E+00  0.17899447E+01
  0.20620551E+00  0.17813589E+01
  0.20676892E+00  0.17727946E+01
  0.20733232E+00  0.17642583E+01
  0.20789572E+00  0.17557507E+01
  0.20845913E+00  0.17472662E+01
  0.20902253E+00  0.17387970E+01
  0.20958593E+00  0.17303374E+01
  0.21014934E+00  0.17218840E+01
  0.21071274E+00  0.17134356E+01
  0.21127614E+00  0.17049924E+01
  0.21183954E+00  0.16965550E+01
  0.21240295E+00  0.16881242E+01
  0.21296635E+00  0.16797007E+01
  0.21352975E+00  0.16712853E+01
  0.21409316E+00  0.16628787E+01
  0.21465656E+00  0.16544816E+01
  0.21521996E+00  0.16460944E+01
  0.21578337E+00  0.16377177E+01
  0.21634677E+00  0.16293521E+01
  0.21691017E+00  0.16209978E+01
  0.21747358E+00  0.16126550E+01
  0.21803698E+00  0.16043234E+01
  0.21860038E+00  0.15960022E+01
  0.21916378E+00  0.15876910E+01
  0.21972719E+00  0.15793907E+01
  0.22029059E+00  0.15711023E+01
  0.22085399E+00  0.15628267E+01
  0.22141740E+00  0.15545641E+01
  0.22198080E+00  0.15463145E+01
  0.22254420E+00  0.15380777E+01
  0.22310761E+00  0.15298536E+01
  0.22367101E+00  0.15216418E+01
  0.22423441E+00  0.15134416E+01
  0.22479781E+00  0.15052522E+01
  0.22536122E+00  0.14970723E+01
  0.22592462E+00  0.14888998E+01
  0.22648802E+00  0.14807314E+01
  0.22705143E+00  0.14725620E+01
  0.22761483E+00  0.14643836E+01
  0.22817823E+00  0.14561834E+01
  0.22874164E+00  0.14479433E+01
  0.22930504E+00  0.14396459E+01
  0.22986844E+00  0.14313074E+01
  0.23043185E+00  0.14230449E+01
  0.23099525E+00  0.14150333E+01
  0.23155865E+00  0.14072541E+01
  0.23212205E+00  0.13995271E+01
  0.23268546E+00  0.13917488E+01
  0.23324886E+00  0.13839042E+01
  0.23381226E+00  0.13760015E+01
  0.23437567E+00  0.13680446E+01
  0.23493907E+00  0.13600272E+01
  0.23550247E+00  0.13519379E+01
  0.23606588E+00  0.13437837E+01
  0.23662928E+00  0.13356523E+01
  0.23719268E+00  0.13277441E+01
  0.23775608E+00  0.13201639E+01
  0.23831949E+00  0.13127551E+01
  0.23888289E+00  0.13053391E+01
  0.23944629E+00  0.12978613E+01
  0.24000970E+00  0.12903322E+01
  0.24057310E+00  0.12827736E+01
  0.24113650E+00  0.12752029E+01
  0.24169991E+00  0.12676318E+01
  0.24226331E+00  0.12600677E+01
  0.24282671E+00  0.12525153E+01
  0.24339012E+00  0.12449779E+01
  0.24395352E+00  0.12374573E+01
  0.24451692E+00  0.12299548E+01
  0.24508032E+00  0.12224711E+01
  0.24564373E+00  0.12150066E+01
  0.24620713E+00  0.12075616E+01
  0.24677053E+00  0.12001362E+01
  0.24733394E+00  0.11927303E+01
  0.24789734E+00  0.11853443E+01
  0.24846074E+00  0.11779781E+01
  0.24902415E+00  0.11706316E+01
  0.24958755E+00  0.11633031E+01
  0.25015095E+00  0.11559890E+01
  0.25071435E+00  0.11486829E+01
  0.25127776E+00  0.11413777E+01
  0.25184116E+00  0.11340697E+01
  0.25240456E+00  0.11267623E+01
  0.25296797E+00  0.11194658E+01
  0.25353137E+00  0.11121918E+01
  0.25409477E+00  0.11049495E+01
  0.25465818E+00  0.10977438E+01
  0.25522158E+00  0.10905761E+01
  0.25578498E+00  0.10834458E+01
  0.25634839E+00  0.10763514E+01
  0.25691179E+00  0.10692908E+01
  0.25747519E+00  0.10622625E+01
  0.25803859E+00  0.10552650E+01
  0.25860200E+00  0.10482973E+01
  0.25916540E+00  0.10413588E+01
  0.25972880E+00  0.10344488E+01
  0.26029221E+00  0.10275671E+01
  0.26085561E+00  0.10207134E+01
  0.26141901E+00  0.10138873E+01
  0.26198242E+00  0.10070885E+01
  0.26254582E+00  0.10003162E+01
  0.26310922E+00  0.99356916E+00
  0.26367262E+00  0.98684492E+00
  0.26423603E+00  0.98013860E+00
  0.26479943E+00  0.97344044E+00
  0.26536283E+00  0.96673461E+00
  0.26592624E+00  0.96003055E+00
  0.26648964E+00  0.95346134E+00
  0.26705304E+00  0.94705779E+00
  0.26761645E+00  0.94066009E+00
  0.26817985E+00  0.93424374E+00
  0.26874325E+00  0.92783088E+00
  0.26930666E+00  0.92143529E+00
  0.26987006E+00  0.91506345E+00
  0.27043346E+00  0.90871856E+00
  0.27099686E+00  0.90240231E+00
  0.27156027E+00  0.89611575E+00
  0.27212367E+00  0.88985958E+00
  0.27268707E+00  0.88363436E+00
  0.27325048E+00  0.87744052E+00
  0.27381388E+00  0.87127841E+00
  0.27437728E+00  0.86514828E+00
  0.27494069E+00  0.85905029E+00
  0.27550409E+00  0.85298448E+00
  0.27606749E+00  0.84695072E+00
  0.27663089E+00  0.84094878E+00
  0.27719430E+00  0.83497831E+00
  0.27775770E+00  0.82903886E+00
  0.27832110E+00  0.82312997E+00
  0.27888451E+00  0.81725122E+00
  0.27944791E+00  0.81140228E+00
  0.28001131E+00  0.80558295E+00
  0.28057472E+00  0.79979323E+00
  0.28113812E+00  0.79403325E+00
  0.28170152E+00  0.78830327E+00
  0.28226493E+00  0.78260359E+00
  0.28282833E+00  0.77693447E+00
  0.28339173E+00  0.77129611E+00
  0.28395513E+00  0.76568860E+00
  0.28451854E+00  0.76011194E+00
  0.28508194E+00  0.75456605E+00
  0.28564534E+00  0.74905083E+00
  0.28620875E+00  0.74356619E+00
  0.28677215E+00  0.73811205E+00
  0.28733555E+00  0.73268839E+00
  0.28789896E+00  0.72729523E+00
  0.28846236E+00  0.72193265E+00
  0.28902576E+00  0.71660076E+00
  0.28958917E+00  0.71129970E+00
  0.29015257E+00  0.70602961E+00
  0.29071597E+00  0.70079064E+00
  0.29127937E+00  0.69558292E+00
  0.29184278E+00  0.69040658E+00
  0.29240618E+00  0.68526174E+00
  0.29296958E+00  0.68014850E+00
  0.29353299E+00  0.67506696E+00
  0.29409639E+00  0.67001720E+00
  0.29465979E+00  0.66499929E+00
  0.29522320E+00  0.66001325E+00
  0.29578660E+00  0.65505907E+00
  0.29635000E+00  0.65013667E+00
  0.29691340E+00  0.64524590E+00
  0.29747681E+00  0.64038648E+00
  0.29804021E+00  0.63555807E+00
  0.29860361E+00  0.63076029E+00
  0.29916702E+00  0.62599282E+00
  0.29973042E+00  0.62125549E+00
  0.30029382E+00  0.61654831E+00
  0.30085723E+00  0.61187146E+00
  0.30142063E+00  0.60722522E+00
  0.30198403E+00  0.60260985E+00
  0.30254744E+00  0.59802561E+00
  0.30311084E+00  0.59347267E+00
  0.30367424E+00  0.58895113E+00
  0.30423764E+00  0.58446104E+00
  0.30480105E+00  0.58000241E+00
  0.30536445E+00  0.57557520E+00
  0.30592785E+00  0.57117926E+00
  0.30649126E+00  0.56681432E+00
  0.30705466E+00  0.56247998E+00
  0.30761806E+00  0.55817599E+00
  0.30818147E+00  0.55390240E+00
  0.30874487E+00  0.54965944E+00
  0.30930827E+00  0.54544722E+00
  0.30987167E+00  0.54126568E+00
  0.31043508E+00  0.53711470E+00
  0.31099848E+00  0.53299412E+00
  0.31156188E+00  0.52890376E+00
  0.31212529E+00  0.52484348E+00
  0.31268869E+00  0.52081313E+00
  0.31325209E+00  0.51681257E+00
  0.31381550E+00  0.51284167E+00
  0.31437890E+00  0.50890032E+00
  0.31494230E+00  0.50498844E+00
  0.31550571E+00  0.50110599E+00
  0.31606911E+00  0.49725294E+00
  0.31663251E+00  0.49342933E+00
  0.31719591E+00  0.48963527E+00
  0.31775932E+00  0.48587092E+00
  0.31832272E+00  0.48213653E+00
  0.31888612E+00  0.47843244E+00
  0.31944953E+00  0.47475907E+00
  0.32001293E+00  0.47111691E+00
  0.32057633E+00  0.46750654E+00
  0.32113974E+00  0.46392853E+00
  0.32170314E+00  0.46038337E+00
  0.32226654E+00  0.45687135E+00
  0.32282994E+00  0.45339228E+00
  0.32339335E+00  0.44994519E+00
  0.32395675E+00  0.44652797E+00
  0.32452015E+00  0.44313717E+00
  0.32508356E+00  0.43976822E+00
  0.32564696E+00  0.43641636E+00
  0.32621036E+00  0.43307810E+00
  0.32677377E+00  0.42975254E+00
  0.32733717E+00  0.42644162E+00
  0.32790057E+00  0.42314913E+00
  0.32846398E+00  0.41987927E+00
  0.32902738E+00  0.41663546E+00
  0.32959078E+00  0.41341992E+00
  0.33015418E+00  0.41023374E+00
  0.33071759E+00  0.40707718E+00
  0.33128099E+00  0.40394999E+00
  0.33184439E+00  0.40085167E+00
  0.33240780E+00  0.39778160E+00
  0.33297120E+00  0.39473913E+00
  0.33353460E+00  0.39172365E+00
  0.33409801E+00  0.38873460E+00
  0.33466141E+00  0.38577144E+00
  0.33522481E+00  0.38283372E+00
  0.33578821E+00  0.37992103E+00
  0.33635162E+00  0.37703306E+00
  0.33691502E+00  0.37416958E+00
  0.33747842E+00  0.37133050E+00
  0.33804183E+00  0.36851588E+00
  0.33860523E+00  0.36572604E+00
  0.33916863E+00  0.36296153E+00
  0.33973204E+00  0.36022318E+00
  0.34029544E+00  0.35751200E+00
  0.34085884E+00  0.35482905E+00
  0.34142225E+00  0.35217523E+00
  0.34198565E+00  0.34955103E+00
  0.34254905E+00  0.34695641E+00
  0.34311245E+00  0.34439076E+00
  0.34367586E+00  0.34185308E+00
  0.34423926E+00  0.33934221E+00
  0.34480266E+00  0.33685703E+00
  0.34536607E+00  0.33439663E+00
  0.34592947E+00  0.33196038E+00
  0.34649287E+00  0.32954791E+00
  0.34705628E+00  0.32715901E+00
  0.34761968E+00  0.32479362E+00
  0.34818308E+00  0.32245168E+00
  0.34874648E+00  0.32013312E+00
  0.34930989E+00  0.31783777E+00
  0.34987329E+00  0.31556537E+00
  0.35043669E+00  0.31331559E+00
  0.35100010E+00  0.31108802E+00
  0.35156350E+00  0.30888237E+00
  0.35212690E+00  0.30669862E+00
  0.35269031E+00  0.30453715E+00
  0.35325371E+00  0.30239863E+00
  0.35381711E+00  0.30028321E+00
  0.35438052E+00  0.29819012E+00
  0.35494392E+00  0.29611803E+00
  0.35550732E+00  0.29406587E+00
  0.35607072E+00  0.29203305E+00
  0.35663413E+00  0.29001932E+00
  0.35719753E+00  0.28802461E+00
  0.35776093E+00  0.28604890E+00
  0.35832434E+00  0.28409218E+00
  0.35888774E+00  0.28215444E+00
  0.35945114E+00  0.28023564E+00
  0.36001455E+00  0.27833572E+00
  0.36057795E+00  0.27645461E+00
  0.36114135E+00  0.27459221E+00
  0.36170475E+00  0.27274837E+00
  0.36226816E+00  0.27092289E+00
  0.36283156E+00  0.26911548E+00
  0.36339496E+00  0.26732571E+00
  0.36395837E+00  0.26555295E+00
  0.36452177E+00  0.26379634E+00
  0.36508517E+00  0.26205469E+00
  0.36564858E+00  0.26032655E+00
  0.36621198E+00  0.25861038E+00
  0.36677538E+00  0.25690491E+00
  0.36733879E+00  0.25520974E+00
  0.36790219E+00  0.25352576E+00
  0.36846559E+00  0.25185528E+00
  0.36902899E+00  0.25020131E+00
  0.36959240E+00  0.24856672E+00
  0.37015580E+00  0.24695339E+00
  0.37071920E+00  0.24536213E+00
  0.37128261E+00  0.24379278E+00
  0.37184601E+00  0.24224471E+00
  0.37240941E+00  0.24071704E+00
  0.37297282E+00  0.23920893E+00
  0.37353622E+00  0.23771961E+00
  0.37409962E+00  0.23624845E+00
  0.37466302E+00  0.23479492E+00
  0.37522643E+00  0.23335861E+00
  0.37578983E+00  0.23193918E+00
  0.37635323E+00  0.23053635E+00
  0.37691664E+00  0.22914989E+00
  0.37748004E+00  0.22777960E+00
  0.37804344E+00  0.22642529E+00
  0.37860685E+00  0.22508682E+00
  0.37917025E+00  0.22376403E+00
  0.37973365E+00  0.22245681E+00
  0.38029706E+00  0.22116501E+00
  0.38086046E+00  0.21988853E+00
  0.38142386E+00  0.21862726E+00
  0.38198726E+00  0.21738108E+00
  0.38255067E+00  0.21614989E+00
  0.38311407E+00  0.21493362E+00
  0.38367747E+00  0.21373215E+00
  0.38424088E+00  0.21254542E+00
  0.38480428E+00  0.21137334E+00
  0.38536768E+00  0.21021584E+00
  0.38593109E+00  0.20907287E+00
  0.38649449E+00  0.20794437E+00
  0.38705789E+00  0.20683029E+00
  0.38762129E+00  0.20573059E+00
  0.38818470E+00  0.20464526E+00
  0.38874810E+00  0.20357428E+00
  0.38931150E+00  0.20251766E+00
  0.38987491E+00  0.20147542E+00
  0.39043831E+00  0.20044762E+00
  0.39100171E+00  0.19943433E+00
  0.39156512E+00  0.19843565E+00
  0.39212852E+00  0.19745172E+00
  0.39269192E+00  0.19648268E+00
  0.39325533E+00  0.19552863E+00
  0.39381873E+00  0.19458962E+00
  0.39438213E+00  0.19366549E+00
  0.39494553E+00  0.19275584E+00
  0.39550894E+00  0.19185989E+00
  0.39607234E+00  0.19097651E+00
  0.39663574E+00  0.19010435E+00
  0.39719915E+00  0.18924214E+00
  0.39776255E+00  0.18838903E+00
  0.39832595E+00  0.18754481E+00
  0.39888936E+00  0.18670966E+00
  0.39945276E+00  0.18588383E+00
  0.40001616E+00  0.18506712E+00
  0.40057956E+00  0.18425847E+00
  0.40114297E+00  0.18345582E+00
  0.40170637E+00  0.18265606E+00
  0.40226977E+00  0.18185530E+00
  0.40283318E+00  0.18104963E+00
  0.40339658E+00  0.18023671E+00
  0.40395998E+00  0.17941771E+00
  0.40452339E+00  0.17859813E+00
  0.40508679E+00  0.17778620E+00
  0.40565019E+00  0.17698959E+00
  0.40621360E+00  0.17621310E+00
  0.40677700E+00  0.17545832E+00
  0.40734040E+00  0.17472469E+00
  0.40790380E+00  0.17401068E+00
  0.40846721E+00  0.17331453E+00
  0.40903061E+00  0.17263467E+00
  0.40959401E+00  0.17196980E+00
  0.41015742E+00  0.17131890E+00
  0.41072082E+00  0.17068118E+00
  0.41128422E+00  0.17005605E+00
  0.41184763E+00  0.16944304E+00
  0.41241103E+00  0.16884178E+00
  0.41297443E+00  0.16825198E+00
  0.41353783E+00  0.16767340E+00
  0.41410124E+00  0.16710587E+00
  0.41466464E+00  0.16654920E+00
  0.41522804E+00  0.16600327E+00
  0.41579145E+00  0.16546796E+00
  0.41635485E+00  0.16494317E+00
  0.41691825E+00  0.16442880E+00
  0.41748166E+00  0.16392478E+00
  0.41804506E+00  0.16343103E+00
  0.41860846E+00  0.16294748E+00
  0.41917187E+00  0.16247407E+00
  0.41973527E+00  0.16201075E+00
  0.42029867E+00  0.16155746E+00
  0.42086207E+00  0.16111416E+00
  0.42142548E+00  0.16068079E+00
  0.42198888E+00  0.16025732E+00
  0.42255228E+00  0.15984370E+00
  0.42311569E+00  0.15943989E+00
  0.42367909E+00  0.15904586E+00
  0.42424249E+00  0.15866156E+00
  0.42480590E+00  0.34553500E+00
  0.42536930E+00  0.34552926E+00
  0.42593270E+00  0.34553307E+00
  0.42649610E+00  0.34554641E+00
  0.42705951E+00  0.34556926E+00
  0.42762291E+00  0.34560159E+00
  0.42818631E+00  0.34564339E+00
  0.42874972E+00  0.34569464E+00
  0.42931312E+00  0.34575532E+00
  0.42987652E+00  0.34582541E+00
  0.43043993E+00  0.34590488E+00
  0.43100333E+00  0.34599372E+00
  0.43156673E+00  0.34609191E+00
  0.43213014E+00  0.34619942E+00
  0.43269354E+00  0.34631623E+00
  0.43325694E+00  0.34644233E+00
  0.43382034E+00  0.34657769E+00
  0.43438375E+00  0.34672228E+00
  0.43494715E+00  0.34687610E+00
  0.43551055E+00  0.34703910E+00
  0.43607396E+00  0.34721128E+00
  0.43663736E+00  0.34739260E+00
  0.43720076E+00  0.34758304E+00
  0.43776417E+00  0.34778259E+00
  0.43832757E+00  0.34799121E+00
  0.43889097E+00  0.34820888E+00
  0.43945437E+00  0.34843558E+00
  0.44001778E+00  0.34867127E+00
  0.44058118E+00  0.34891594E+00
  0.44114458E+00  0.34916955E+00
  0.44170799E+00  0.34943208E+00
  0.44227139E+00  0.34970349E+00
  0.44283479E+00  0.34998376E+00
  0.44339820E+00  0.35027285E+00
  0.44396160E+00  0.35057074E+00
  0.44452500E+00  0.35087739E+00
  0.44508841E+00  0.35119276E+00
  0.44565181E+00  0.35151684E+00
  0.44621521E+00  0.35184960E+00
  0.44677861E+00  0.35219104E+00
  0.44734202E+00  0.35254113E+00
  0.44790542E+00  0.35289992E+00
  0.44846882E+00  0.35326744E+00
  0.44903223E+00  0.35364373E+00
  0.44959563E+00  0.35402886E+00
  0.45015903E+00  0.35442286E+00
  0.45072244E+00  0.35482575E+00
  0.45128584E+00  0.35523747E+00
  0.45184924E+00  0.35565791E+00
  0.45241264E+00  0.35608693E+00
  0.45297605E+00  0.35652438E+00
  0.45353945E+00  0.35697012E+00
  0.45410285E+00  0.35742403E+00
  0.45466626E+00  0.35788600E+00
  0.45522966E+00  0.35835597E+00
  0.45579306E+00  0.35883387E+00
  0.45635647E+00  0.35931966E+00
  0.45691987E+00  0.35981328E+00
  0.45748327E+00  0.36031469E+00
  0.45804668E+00  0.36082383E+00
  0.45861008E+00  0.36134067E+00
  0.45917348E+00  0.36186515E+00
  0.45973688E+00  0.36239720E+00
  0.46030029E+00  0.36293678E+00
  0.46086369E+00  0.36348382E+00
  0.46142709E+00  0.36403825E+00
  0.46199050E+00  0.36460001E+00
  0.46255390E+00  0.36516902E+00
  0.46311730E+00  0.36574521E+00
  0.46368071E+00  0.36632850E+00
  0.46424411E+00  0.36691880E+00
  0.46480751E+00  0.36751602E+00
  0.46537091E+00  0.36812006E+00
  0.46593432E+00  0.36873083E+00
  0.46649772E+00  0.36934821E+00
  0.46706112E+00  0.36997209E+00
  0.46762453E+00  0.37060235E+00
  0.46818793E+00  0.37123888E+00
  0.46875133E+00  0.37188156E+00
  0.46931474E+00  0.37253030E+00
  0.46987814E+00  0.37318502E+00
  0.47044154E+00  0.37384566E+00
  0.47100495E+00  0.37451221E+00
  0.47156835E+00  0.37518465E+00
  0.47213175E+00  0.37586302E+00
  0.47269515E+00  0.37654735E+00
  0.47325856E+00  0.37723770E+00
  0.47382196E+00  0.37793413E+00
  0.47438536E+00  0.37863672E+00
  0.47494877E+00  0.37934557E+00
  0.47551217E+00  0.38006080E+00
  0.47607557E+00  0.38078258E+00
  0.47663898E+00  0.38151119E+00
  0.47720238E+00  0.38224708E+00
  0.47776578E+00  0.38299115E+00
  0.47832918E+00  0.38374535E+00
  0.47889259E+00  0.38451455E+00
  0.47945599E+00  0.38531326E+00
  0.48001939E+00  0.38618905E+00
  0.48058280E+00  0.38716610E+00
  0.48114620E+00  0.38781521E+00
  0.48170960E+00  0.38844758E+00
  0.48227301E+00  0.38917936E+00
  0.48283641E+00  0.38995085E+00
  0.48339981E+00  0.39074109E+00
  0.48396322E+00  0.39154312E+00
  0.48452662E+00  0.39235419E+00
  0.48509002E+00  0.39317299E+00
  0.48565342E+00  0.39399875E+00
  0.48621683E+00  0.39483089E+00
  0.48678023E+00  0.39566886E+00
  0.48734363E+00  0.39651203E+00
  0.48790704E+00  0.39735972E+00
  0.48847044E+00  0.39821112E+00
  0.48903384E+00  0.39906536E+00
  0.48959725E+00  0.39992152E+00
  0.49016065E+00  0.40077874E+00
  0.49072405E+00  0.40163626E+00
  0.49128746E+00  0.40249351E+00
  0.49185086E+00  0.40335016E+00
  0.49241426E+00  0.40420612E+00
  0.49297766E+00  0.40506154E+00
  0.49354107E+00  0.40591677E+00
  0.49410447E+00  0.40677227E+00
  0.49466787E+00  0.40762857E+00
  0.49523128E+00  0.40848620E+00
  0.49579468E+00  0.40934565E+00
  0.49635808E+00  0.41020734E+00
  0.49692149E+00  0.41107162E+00
  0.49748489E+00  0.41193873E+00
  0.49804829E+00  0.41280888E+00
  0.49861169E+00  0.41368218E+00
  0.49917510E+00  0.41455869E+00
  0.49973850E+00  0.41543844E+00
  0.50030190E+00  0.41632143E+00
  0.50086531E+00  0.41720760E+00
  0.50142871E+00  0.41809691E+00
  0.50199211E+00  0.41898929E+00
  0.50255552E+00  0.41988464E+00
  0.50311892E+00  0.42078288E+00
  0.50368232E+00  0.42168391E+00
  0.50424573E+00  0.42258761E+00
  0.50480913E+00  0.42349386E+00
  0.50537253E+00  0.42440255E+00
  0.50593593E+00  0.42531355E+00
  0.50649934E+00  0.42622672E+00
  0.50706274E+00  0.42714193E+00
  0.50762614E+00  0.42805905E+00
  0.50818955E+00  0.42897795E+00
  0.50875295E+00  0.42989848E+00
  0.50931635E+00  0.43082051E+00
  0.50987976E+00  0.43174392E+00
  0.51044316E+00  0.43266858E+00
  0.51100656E+00  0.43359434E+00
  0.51156996E+00  0.43452108E+00
  0.51213337E+00  0.43544865E+00
  0.51269677E+00  0.43637691E+00
  0.51326017E+00  0.43730572E+00
  0.51382358E+00  0.43823490E+00
  0.51438698E+00  0.43916430E+00
  0.51495038E+00  0.44009375E+00
  0.51551379E+00  0.44102309E+00
  0.51607719E+00  0.44195218E+00
  0.51664059E+00  0.44288087E+00
  0.51720400E+00  0.44380906E+00
  0.51776740E+00  0.44473667E+00
  0.51833080E+00  0.44566364E+00
  0.51889420E+00  0.44658995E+00
  0.51945761E+00  0.44751557E+00
  0.52002101E+00  0.44844052E+00
  0.52058441E+00  0.44936478E+00
  0.52114782E+00  0.45028837E+00
  0.52171122E+00  0.45121128E+00
  0.52227462E+00  0.45213349E+00
  0.52283803E+00  0.45305499E+00
  0.52340143E+00  0.45397576E+00
  0.52396483E+00  0.45489575E+00
  0.52452823E+00  0.45581492E+00
  0.52509164E+00  0.45673324E+00
  0.52565504E+00  0.45765065E+00
  0.52621844E+00  0.45856711E+00
  0.52678185E+00  0.45948257E+00
  0.52734525E+00  0.46039697E+00
  0.52790865E+00  0.46131027E+00
  0.52847206E+00  0.46222240E+00
  0.52903546E+00  0.46313331E+00
  0.52959886E+00  0.46404295E+00
  0.53016227E+00  0.46495126E+00
  0.53072567E+00  0.46585817E+00
  0.53128907E+00  0.46676361E+00
  0.53185247E+00  0.46766751E+00
  0.53241588E+00  0.46856979E+00
  0.53297928E+00  0.46947039E+00
  0.53354268E+00  0.47036924E+00
  0.53410609E+00  0.47126629E+00
  0.53466949E+00  0.47216154E+00
  0.53523289E+00  0.47305500E+00
  0.53579630E+00  0.47394678E+00
  0.53635970E+00  0.47483705E+00
  0.53692310E+00  0.47572603E+00
  0.53748650E+00  0.47661396E+00
  0.53804991E+00  0.47750102E+00
  0.53861331E+00  0.47838730E+00
  0.53917671E+00  0.47927272E+00
  0.53974012E+00  0.48015708E+00
  0.54030352E+00  0.48104006E+00
  0.54086692E+00  0.48192134E+00
  0.54143033E+00  0.48280061E+00
  0.54199373E+00  0.48367764E+00
  0.54255713E+00  0.48455223E+00
  0.54312054E+00  0.48542427E+00
  0.54368394E+00  0.48629366E+00
  0.54424734E+00  0.48716038E+00
  0.54481074E+00  0.48802438E+00
  0.54537415E+00  0.48888565E+00
  0.54593755E+00  0.48974420E+00
  0.54650095E+00  0.49060002E+00
  0.54706436E+00  0.49145311E+00
  0.54762776E+00  0.49230348E+00
  0.54819116E+00  0.49315112E+00
  0.54875457E+00  0.49399605E+00
  0.54931797E+00  0.49483825E+00
  0.54988137E+00  0.49567773E+00
  0.55044477E+00  0.49651449E+00
  0.55100818E+00  0.49734853E+00
  0.55157158E+00  0.49817987E+00
  0.55213498E+00  0.49900850E+00
  0.55269839E+00  0.49983443E+00
  0.55326179E+00  0.50065768E+00
  0.55382519E+00  0.50147825E+00
  0.55438860E+00  0.50229617E+00
  0.55495200E+00  0.50311146E+00
  0.55551540E+00  0.50392415E+00
  0.55607881E+00  0.50473426E+00
  0.55664221E+00  0.50554184E+00
  0.55720561E+00  0.50634693E+00
  0.55776901E+00  0.50714955E+00
  0.55833242E+00  0.50794977E+00
  0.55889582E+00  0.50874761E+00
  0.55945922E+00  0.50954311E+00
  0.56002263E+00  0.51033629E+00
  0.56058603E+00  0.51112712E+00
  0.56114943E+00  0.51191558E+00
  0.56171284E+00  0.51270158E+00
  0.56227624E+00  0.51348502E+00
  0.56283964E+00  0.51426582E+00
  0.56340339E+00  0.51504399E+00
  0.56396713E+00  0.51568943E+00
  0.56453088E+00  0.51631473E+00
  0.56509462E+00  0.51691983E+00
  0.56565837E+00  0.51750470E+00
  0.56622211E+00  0.51806933E+00
  0.56678586E+00  0.51861371E+00
  0.56734960E+00  0.51913786E+00
  0.56791335E+00  0.51964179E+00
  0.56847709E+00  0.52012553E+00
  0.56904084E+00  0.52058908E+00
  0.56960458E+00  0.52103247E+00
  0.57016833E+00  0.52145571E+00
  0.57073207E+00  0.52185883E+00
  0.57129582E+00  0.52224182E+00
  0.57185956E+00  0.52260471E+00
  0.57242331E+00  0.52294750E+00
  0.57298705E+00  0.52327020E+00
  0.57355080E+00  0.52357283E+00
  0.57411454E+00  0.52385538E+00
  0.57467829E+00  0.52411788E+00
  0.57524203E+00  0.52436033E+00
  0.57580578E+00  0.52458274E+00
  0.57636952E+00  0.52478513E+00
  0.57693327E+00  0.52496750E+00
  0.57749701E+00  0.52512988E+00
  0.57806076E+00  0.52527228E+00
  0.57862450E+00  0.52539471E+00
  0.57918825E+00  0.52549720E+00
  0.57975199E+00  0.52557977E+00
  0.58031574E+00  0.52564244E+00
  0.58087948E+00  0.52568522E+00
  0.58144323E+00  0.52570815E+00
  0.58200697E+00  0.52571126E+00
  0.58257072E+00  0.52569456E+00
  0.58313446E+00  0.52565809E+00
  0.58369821E+00  0.52560188E+00
  0.58426195E+00  0.52552597E+00
  0.58482570E+00  0.52543038E+00
  0.58538944E+00  0.52531515E+00
  0.58595319E+00  0.52518032E+00
  0.58651693E+00  0.52502593E+00
  0.58708068E+00  0.52485202E+00
  0.58764442E+00  0.52465863E+00
  0.58820817E+00  0.52444581E+00
  0.58877191E+00  0.52421359E+00
  0.58933566E+00  0.52396203E+00
  0.58989940E+00  0.52369118E+00
  0.59046315E+00  0.52340108E+00
  0.59102689E+00  0.52309180E+00
  0.59159064E+00  0.52276337E+00
  0.59215438E+00  0.52241587E+00
  0.59271813E+00  0.52204934E+00
  0.59328187E+00  0.52166384E+00
  0.59384562E+00  0.52125945E+00
  0.59440936E+00  0.52083621E+00
  0.59497311E+00  0.52039419E+00
  0.59553685E+00  0.51993347E+00
  0.59610060E+00  0.51945411E+00
  0.59666434E+00  0.51895617E+00
  0.59722809E+00  0.51843974E+00
  0.59779183E+00  0.51790488E+00
  0.59835558E+00  0.51735167E+00
  0.59891932E+00  0.51678019E+00
  0.59948307E+00  0.51619053E+00
  0.60004681E+00  0.51558275E+00
  0.60061056E+00  0.51495696E+00
  0.60117430E+00  0.51431323E+00
  0.60173805E+00  0.51365166E+00
  0.60230179E+00  0.51297233E+00
  0.60286554E+00  0.51227536E+00
  0.60342928E+00  0.51156084E+00
  0.60399303E+00  0.51082887E+00
  0.60455677E+00  0.51007957E+00
  0.60512052E+00  0.50931306E+00
  0.60568426E+00  0.50852946E+00
  0.60624801E+00  0.50772892E+00
  0.60681175E+00  0.50691158E+00
  0.60737550E+00  0.50607761E+00
  0.60793924E+00  0.50522719E+00
  0.60850299E+00  0.50436055E+00
  0.60906673E+00  0.50347793E+00
  0.60963048E+00  0.50257963E+00
  0.61019422E+00  0.50166602E+00
  0.61075797E+00  0.50073753E+00
  0.61132171E+00  0.49979472E+00
  0.61188546E+00  0.49883830E+00
  0.61244920E+00  0.49786915E+00
  0.61301295E+00  0.49688839E+00
  0.61357669E+00  0.49589739E+00
  0.61414044E+00  0.49489773E+00
  0.61470418E+00  0.49389094E+00
  0.61526793E+00  0.49287786E+00
  0.61583167E+00  0.49185732E+00
  0.61639542E+00  0.49082423E+00
  0.61695916E+00  0.48976831E+00
  0.61752291E+00  0.48867627E+00
  0.61808665E+00  0.48753863E+00
  0.61865040E+00  0.48635606E+00
  0.61921414E+00  0.48513831E+00
  0.61977789E+00  0.48389737E+00
  0.62034163E+00  0.48264213E+00
  0.62090538E+00  0.48137724E+00
  0.62146912E+00  0.48010431E+00
  0.62203287E+00  0.47882333E+00
  0.62259661E+00  0.47753364E+00
  0.62316036E+00  0.47623440E+00
  0.62372410E+00  0.47492486E+00
  0.62428785E+00  0.47360437E+00
  0.62485159E+00  0.47227245E+00
  0.62541534E+00  0.47092873E+00
  0.62597908E+00  0.46957293E+00
  0.62654283E+00  0.46820487E+00
  0.62710657E+00  0.46682445E+00
  0.62767032E+00  0.46543160E+00
  0.62823406E+00  0.46402630E+00
  0.62879781E+00  0.46260858E+00
  0.62936155E+00  0.46117847E+00
  0.62992530E+00  0.45973607E+00
  0.63048904E+00  0.45828147E+00
  0.63105279E+00  0.45681480E+00
  0.63161653E+00  0.45533620E+00
  0.63218028E+00  0.45384586E+00
  0.63274402E+00  0.45234398E+00
  0.63330777E+00  0.45083079E+00
  0.63387151E+00  0.44930657E+00
  0.63443526E+00  0.44777162E+00
  0.63499900E+00  0.44622632E+00
  0.63556275E+00  0.44467105E+00
  0.63612649E+00  0.44310628E+00
  0.63669024E+00  0.44153250E+00
  0.63725398E+00  0.43995021E+00
  0.63781773E+00  0.43835986E+00
  0.63838147E+00  0.43676172E+00
  0.63894522E+00  0.43515564E+00
  0.63950896E+00  0.43354070E+00
  0.64007271E+00  0.43191478E+00
  0.64063645E+00  0.43027414E+00
  0.64120020E+00  0.42861361E+00
  0.64176394E+00  0.42692769E+00
  0.64232769E+00  0.42521276E+00
  0.64289143E+00  0.42346917E+00
  0.64345518E+00  0.42170143E+00
  0.64401892E+00  0.41991627E+00
  0.64458266E+00  0.41812005E+00
  0.64514641E+00  0.41631717E+00
  0.64571015E+00  0.41450995E+00
  0.64627390E+00  0.41269910E+00
  0.64683764E+00  0.41088446E+00
  0.64740139E+00  0.40906546E+00
  0.64796513E+00  0.40724144E+00
  0.64852888E+00  0.40541176E+00
  0.64909262E+00  0.40357592E+00
  0.64965637E+00  0.40173351E+00
  0.65022011E+00  0.39988422E+00
  0.65078386E+00  0.39802786E+00
  0.65134760E+00  0.39616428E+00
  0.65191135E+00  0.39429341E+00
  0.65247509E+00  0.39241523E+00
  0.65303884E+00  0.39052975E+00
  0.65360258E+00  0.38863701E+00
  0.65416633E+00  0.38673708E+00
  0.65473007E+00  0.38483004E+00
  0.65529382E+00  0.38291599E+00
  0.65585756E+00  0.38099505E+00
  0.65642131E+00  0.37906733E+00
  0.65698505E+00  0.37713298E+00
  0.65754880E+00  0.37519211E+00
  0.65811254E+00  0.37324489E+00
  0.65867629E+00  0.37129145E+00
  0.65924003E+00  0.36933195E+00
  0.65980378E+00  0.36736654E+00
  0.66036752E+00  0.36539538E+00
  0.66093127E+00  0.36341861E+00
  0.66149501E+00  0.36143641E+00
  0.66205876E+00  0.35944892E+00
  0.66262250E+00  0.35745631E+00
  0.66318625E+00  0.35545872E+00
  0.66374999E+00  0.35345633E+00
  0.66431374E+00  0.35144927E+00
  0.66487748E+00  0.34943771E+00
  0.66544123E+00  0.34742178E+00
  0.66600497E+00  0.34540165E+00
  0.66656872E+00  0.34337746E+00
  0.66713246E+00  0.34134934E+00
  0.66769621E+00  0.33931744E+00
  0.66825995E+00  0.33728189E+00
  0.66882370E+00  0.33524282E+00
  0.66938744E+00  0.33320037E+00
  0.66995119E+00  0.33115466E+00
  0.67051493E+00  0.32910581E+00
  0.67107868E+00  0.32705395E+00
  0.67164242E+00  0.32499919E+00
  0.67220617E+00  0.32294164E+00
  0.67276991E+00  0.32088142E+00
  0.67333366E+00  0.31881865E+00
  0.67389740E+00  0.31675342E+00
  0.67446115E+00  0.31468584E+00
  0.67502489E+00  0.31261603E+00
  0.67558864E+00  0.31054408E+00
  0.67615238E+00  0.30847010E+00
  0.67671613E+00  0.30639420E+00
  0.67727987E+00  0.30431646E+00
  0.67784362E+00  0.30223700E+00
  0.67840736E+00  0.30015592E+00
  0.67897111E+00  0.29807332E+00
  0.67953485E+00  0.29598930E+00
  0.68009860E+00  0.29390397E+00
  0.68066234E+00  0.29181742E+00
  0.68122609E+00  0.28972976E+00
  0.68178983E+00  0.28764109E+00
  0.68235358E+00  0.28555152E+00
  0.68291732E+00  0.28346114E+00
  0.68348107E+00  0.28137007E+00
  0.68404481E+00  0.27927840E+00
  0.68460856E+00  0.27718625E+00
  0.68517230E+00  0.27509371E+00
  0.68573605E+00  0.27300089E+00
  0.68629979E+00  0.27090790E+00
  0.68686354E+00  0.26881484E+00
  0.68742728E+00  0.26672182E+00
  0.68799103E+00  0.26462894E+00
  0.68855477E+00  0.26253631E+00
  0.68911852E+00  0.26044403E+00
  0.68968226E+00  0.25835221E+00
  0.69024601E+00  0.25626096E+00
  0.69080975E+00  0.25417038E+00
  0.69137350E+00  0.25208057E+00
  0.69193724E+00  0.24999165E+00
  0.69250099E+00  0.24790371E+00
  0.69306473E+00  0.24581687E+00
  0.69362848E+00  0.24373124E+00
  0.69419222E+00  0.24164691E+00
  0.69475597E+00  0.23956401E+00
  0.69531971E+00  0.23748263E+00
  0.69588346E+00  0.23540289E+00
  0.69644720E+00  0.23332491E+00
  0.69701095E+00  0.23124879E+00
  0.69757469E+00  0.22917465E+00
  0.69813844E+00  0.22710262E+00
  0.69870218E+00  0.22503281E+00
  0.69926593E+00  0.22296535E+00
  0.69982967E+00  0.22090036E+00
  0.70039342E+00  0.21883799E+00
  0.70095716E+00  0.21677836E+00
  0.70152091E+00  0.21472161E+00
  0.70208465E+00  0.21266790E+00
  0.70264840E+00  0.21061737E+00
  0.70321214E+00  0.20857019E+00
  0.70377589E+00  0.20652650E+00
  0.70433963E+00  0.20448648E+00
  0.70490338E+00  0.20245031E+00
  0.70546712E+00  0.20041815E+00
  0.70603087E+00  0.19839019E+00
  0.70659461E+00  0.19636662E+00
  0.70715836E+00  0.19434762E+00
  0.70772210E+00  0.19233339E+00
  0.70828585E+00  0.19032412E+00
  0.70884959E+00  0.18832001E+00
  0.70941334E+00  0.18632125E+00
  0.70997708E+00  0.18432805E+00
  0.71054083E+00  0.18234059E+00
  0.71110457E+00  0.18035906E+00
  0.71166832E+00  0.17838365E+00
  0.71223206E+00  0.17641454E+00
  0.71279581E+00  0.17445188E+00
  0.71335955E+00  0.17249580E+00
  0.71392330E+00  0.17054644E+00
  0.71448704E+00  0.16860385E+00
  0.71505079E+00  0.16666808E+00
  0.71561453E+00  0.16473910E+00
  0.71617828E+00  0.16281684E+00
  0.71674202E+00  0.16090118E+00
  0.71730577E+00  0.15899195E+00
  0.71786951E+00  0.15708897E+00
  0.71843326E+00  0.15519206E+00
  0.71899700E+00  0.15330110E+00
  0.71956075E+00  0.15141602E+00
  0.72012449E+00  0.14953682E+00
  0.72068824E+00  0.14766361E+00
  0.72125198E+00  0.14579668E+00
  0.72181573E+00  0.14393705E+00
  0.72237947E+00  0.14208997E+00
  0.72294322E+00  0.14026731E+00
  0.72350696E+00  0.13842891E+00
  0.72407071E+00  0.13658722E+00
  0.72463445E+00  0.13475711E+00
  0.72519820E+00  0.13293690E+00
  0.72576194E+00  0.13112547E+00
  0.72632569E+00  0.12932241E+00
  0.72688943E+00  0.12752755E+00
  0.72745318E+00  0.12574089E+00
  0.72801692E+00  0.12396246E+00
  0.72858067E+00  0.12219239E+00
  0.72914441E+00  0.12043083E+00
  0.72970816E+00  0.11867798E+00
  0.73027190E+00  0.11693405E+00
  0.73083565E+00  0.11519926E+00
  0.73139939E+00  0.11347378E+00
  0.73196314E+00  0.11175772E+00
  0.73252688E+00  0.11005112E+00
  0.73309063E+00  0.10835396E+00
  0.73365437E+00  0.10666617E+00
  0.73421812E+00  0.10498766E+00
  0.73478186E+00  0.10331838E+00
  0.73534561E+00  0.10165825E+00
  0.73590935E+00  0.10000727E+00
  0.73647310E+00  0.98365438E-01
  0.73703684E+00  0.96732788E-01
  0.73760059E+00  0.95109386E-01
  0.73816433E+00  0.93495320E-01
  0.73872808E+00  0.91890706E-01
  0.73929182E+00  0.90295686E-01
  0.73985557E+00  0.88710438E-01
  0.74041931E+00  0.87135178E-01
  0.74098306E+00  0.85570181E-01
  0.74154680E+00  0.84015800E-01
  0.74211055E+00  0.82472505E-01
  0.74267429E+00  0.80940933E-01
  0.74323804E+00  0.79421982E-01
  0.74380178E+00  0.77916927E-01
  0.74436553E+00  0.76427546E-01
  0.74492927E+00  0.74955966E-01
  0.74549302E+00  0.73502878E-01
  0.74605676E+00  0.72058775E-01
  0.74662051E+00  0.70580725E-01
  0.74718425E+00  0.69014357E-01
  0.74774800E+00  0.67429500E-01
  0.74831174E+00  0.65913607E-01
  0.74887549E+00  0.64454922E-01
  0.74943923E+00  0.63027119E-01
  0.75000298E+00  0.61617364E-01
  0.75056672E+00  0.60220689E-01
  0.75113047E+00  0.58835279E-01
  0.75169421E+00  0.57460516E-01
  0.75225796E+00  0.56096247E-01
  0.75282170E+00  0.54742498E-01
  0.75338545E+00  0.53399364E-01
  0.75394919E+00  0.52066960E-01
  0.75451294E+00  0.50745409E-01
  0.75507668E+00  0.49434829E-01
  0.75564043E+00  0.48135334E-01
  0.75620417E+00  0.46847029E-01
  0.75676792E+00  0.45570014E-01
  0.75733166E+00  0.44304386E-01
  0.75789541E+00  0.43050232E-01
  0.75845915E+00  0.41807638E-01
  0.75902290E+00  0.40576683E-01
  0.75958664E+00  0.39357443E-01
  0.76015039E+00  0.38149989E-01
  0.76071413E+00  0.36954389E-01
  0.76127788E+00  0.35770707E-01
  0.76184162E+00  0.34599002E-01
  0.76240537E+00  0.33439330E-01
  0.76296911E+00  0.32291743E-01
  0.76353286E+00  0.31156288E-01
  0.76409660E+00  0.30033010E-01
  0.76466035E+00  0.28921948E-01
  0.76522409E+00  0.27823138E-01
  0.76578784E+00  0.26736610E-01
  0.76635158E+00  0.25662392E-01
  0.76691533E+00  0.24600504E-01
  0.76747907E+00  0.23550964E-01
  0.76804282E+00  0.22513783E-01
  0.76860656E+00  0.21488966E-01
  0.76917031E+00  0.20476511E-01
  0.76973405E+00  0.19476409E-01
  0.77029780E+00  0.18488643E-01
  0.77086154E+00  0.17513183E-01
  0.77142529E+00  0.16549985E-01
  0.77198903E+00  0.15598992E-01
  0.77255278E+00  0.14660122E-01
  0.77311652E+00  0.13733268E-01
  0.77368027E+00  0.12818285E-01
  0.77424401E+00  0.11914985E-01
  0.77480776E+00  0.11023117E-01
  0.77537150E+00  0.10142361E-01
  0.77593525E+00  0.92723024E-02
  0.77649899E+00  0.84124335E-02
  0.77706274E+00  0.75621617E-02
  0.77762648E+00  0.67208771E-02
  0.77819023E+00  0.58881194E-02
  0.77875397E+00  0.50639116E-02
  0.77931772E+00  0.42492833E-02
  0.77988146E+00  0.34468294E-02
  0.78044521E+00  0.26608229E-02
  0.78100895E+00  0.18962562E-02
  0.78157270E+00  0.11568659E-02
  0.78213644E+00  0.44344544E-03
  0.78270019E+00 -0.24614130E-03
  0.78326393E+00 -0.91545187E-03
  0.78382768E+00 -0.15678604E-02
  0.78439142E+00 -0.22057647E-02
  0.78495517E+00 -0.28305455E-02
  0.78551891E+00 -0.34428577E-02
  0.78608266E+00 -0.40429534E-02
  0.78664640E+00 -0.46309221E-02
  0.78721015E+00 -0.52068367E-02
  0.78777389E+00 -0.57708269E-02
  0.78833764E+00 -0.63231034E-02
  0.78890138E+00 -0.68639479E-02
  0.78946513E+00 -0.73936836E-02
  0.79002887E+00 -0.79126330E-02
  0.79059262E+00 -0.84210713E-02
  0.79115636E+00 -0.89191843E-02
  0.79172011E+00 -0.94070388E-02
  0.79228385E+00 -0.98845765E-02
  0.79284760E+00 -0.10351634E-01
  0.79341134E+00 -0.10807981E-01
  0.79397509E+00 -0.11253367E-01
  0.79453883E+00 -0.11687561E-01
  0.79510258E+00 -0.12110367E-01
  0.79566632E+00 -0.12521637E-01
  0.79623007E+00 -0.12921261E-01
  0.79679381E+00 -0.13309166E-01
  0.79735756E+00 -0.13685300E-01
  0.79792130E+00 -0.14049634E-01
  0.79848505E+00 -0.14402148E-01
  0.79904879E+00 -0.14742834E-01
  0.79961254E+00 -0.15071692E-01
  0.80017628E+00 -0.15388731E-01
  0.80074003E+00 -0.15693963E-01
  0.80130377E+00 -0.15987408E-01
  0.80186752E+00 -0.16269093E-01
  0.80243126E+00 -0.16539048E-01
  0.80299501E+00 -0.16797309E-01
  0.80355875E+00 -0.17043919E-01
  0.80412250E+00 -0.17278922E-01
  0.80468624E+00 -0.17502371E-01
  0.80524999E+00 -0.17714321E-01
  0.80581373E+00 -0.17914830E-01
  0.80637748E+00 -0.18103961E-01
  0.80694122E+00 -0.18281781E-01
  0.80750497E+00 -0.18448356E-01
  0.80806871E+00 -0.18603756E-01
  0.80863246E+00 -0.18748047E-01
  0.80919620E+00 -0.18881294E-01
  0.80975995E+00 -0.19003549E-01
  0.81032369E+00 -0.19114854E-01
  0.81088744E+00 -0.19215226E-01
  0.81145118E+00 -0.19304652E-01
  0.81201493E+00 -0.19383084E-01
  0.81257867E+00 -0.19450437E-01
  0.81314242E+00 -0.19506613E-01
  0.81370616E+00 -0.19551528E-01
  0.81426991E+00 -0.19585166E-01
  0.81483365E+00 -0.19607618E-01
  0.81539740E+00 -0.19619094E-01
  0.81596114E+00 -0.19619889E-01
  0.81652489E+00 -0.19610324E-01
  0.81708863E+00 -0.19590691E-01
  0.81765238E+00 -0.19561224E-01
  0.81821612E+00 -0.19522093E-01
  0.81877987E+00 -0.19473417E-01
  0.81934361E+00 -0.19415285E-01
  0.81990736E+00 -0.19347773E-01
  0.82047110E+00 -0.19270951E-01
  0.82103485E+00 -0.19184899E-01
  0.82159859E+00 -0.19089708E-01
  0.82216234E+00 -0.18985484E-01
  0.82272608E+00 -0.18872350E-01
  0.82328983E+00 -0.18750451E-01
  0.82385357E+00 -0.18619952E-01
  0.82441732E+00 -0.18481044E-01
  0.82498106E+00 -0.18333946E-01
  0.82554481E+00 -0.18178904E-01
  0.82610855E+00 -0.18016196E-01
  0.82667230E+00 -0.17846134E-01
  0.82723604E+00 -0.17669062E-01
  0.82779979E+00 -0.17485356E-01
  0.82836353E+00 -0.17295424E-01
  0.82892728E+00 -0.17099697E-01
  0.82949102E+00 -0.16898623E-01
  0.83005477E+00 -0.16692660E-01
  0.83061851E+00 -0.16482255E-01
  0.83118226E+00 -0.16267834E-01
  0.83174600E+00 -0.16049781E-01
  0.83230975E+00 -0.15828411E-01
  0.83287349E+00 -0.15603957E-01
  0.83343724E+00 -0.15376545E-01
  0.83400098E+00 -0.15146184E-01
  0.83456473E+00 -0.14912757E-01
  0.83512847E+00 -0.14676031E-01
  0.83569222E+00 -0.14435676E-01
  0.83625596E+00 -0.14191286E-01
  0.83681971E+00 -0.13942418E-01
  0.83738345E+00 -0.13688628E-01
  0.83794720E+00 -0.13429501E-01
  0.83851094E+00 -0.13164681E-01
  0.83907469E+00 -0.12893887E-01
  0.83963843E+00 -0.12616926E-01
  0.84020218E+00 -0.12333692E-01
  0.84076592E+00 -0.12044162E-01
  0.84132967E+00 -0.11748391E-01
  0.84189341E+00 -0.11446495E-01
  0.84245716E+00 -0.11138641E-01
  0.84302090E+00 -0.10825039E-01
  0.84358465E+00 -0.10505923E-01
  0.84414839E+00 -0.10181550E-01
  0.84471214E+00 -0.98521837E-02
  0.84527588E+00 -0.95180948E-02
  0.84583963E+00 -0.91795519E-02
  0.84640337E+00 -0.88368188E-02
  0.84696712E+00 -0.84901514E-02
  0.84753086E+00 -0.81397960E-02
  0.84809461E+00 -0.77859876E-02
  0.84865835E+00 -0.74289498E-02
  0.84922210E+00 -0.70688944E-02
  0.84978584E+00 -0.67060219E-02
  0.85034959E+00 -0.63405220E-02
  0.85091333E+00 -0.59725748E-02
  0.85147708E+00 -0.56023518E-02
  0.85204082E+00 -0.52300172E-02
  0.85260457E+00 -0.48557296E-02
  0.85316831E+00 -0.44796428E-02
  0.85373206E+00 -0.41019078E-02
  0.85429580E+00 -0.37226736E-02
  0.85485955E+00 -0.33420889E-02
  0.85542329E+00 -0.29603026E-02
  0.85598704E+00 -0.25774650E-02
  0.85655078E+00 -0.21937287E-02
  0.85711453E+00 -0.18092487E-02
  0.85767827E+00 -0.14241835E-02
  0.85824202E+00 -0.10386951E-02
  0.85880576E+00 -0.65294935E-03
  0.85936951E+00 -0.26711629E-03
  0.85993325E+00  0.11862961E-03
  0.86049700E+00  0.50410925E-03
  0.86106074E+00  0.88913862E-03
  0.86162449E+00  0.12735287E-02
  0.86218823E+00  0.16570851E-02
  0.86275198E+00  0.20396083E-02
  0.86331572E+00  0.24208936E-02
  0.86387947E+00  0.28007319E-02
  0.86444321E+00  0.31789099E-02
  0.86500696E+00  0.35552120E-02
  0.86557070E+00  0.39294217E-02
  0.86613445E+00  0.43013236E-02
  0.86669819E+00  0.46707063E-02
  0.86726194E+00  0.50373645E-02
  0.86782568E+00  0.54011021E-02
  0.86838943E+00  0.57617343E-02
  0.86895317E+00  0.61190890E-02
  0.86951692E+00  0.64730080E-02
  0.87008066E+00  0.68233469E-02
  0.87064441E+00  0.71699743E-02
  0.87120815E+00  0.75127695E-02
  0.87177190E+00  0.78516211E-02
  0.87233564E+00  0.81864238E-02
  0.87289939E+00  0.85170759E-02
  0.87346313E+00  0.88434767E-02
  0.87402688E+00  0.91655245E-02
  0.87459062E+00  0.94831143E-02
  0.87515437E+00  0.97961365E-02
  0.87571811E+00  0.10104475E-01
  0.87628186E+00  0.10408008E-01
  0.87684560E+00  0.10706604E-01
  0.87740935E+00  0.11000121E-01
  0.87797309E+00  0.11288408E-01
  0.87853684E+00  0.11571301E-01
  0.87910058E+00  0.11848620E-01
  0.87966433E+00  0.12120168E-01
  0.88022807E+00  0.12385728E-01
  0.88079182E+00  0.12645057E-01
  0.88135556E+00  0.12897884E-01
  0.88191930E+00  0.13143901E-01
  0.88248305E+00  0.13382763E-01
  0.88304679E+00  0.13614077E-01
  0.88361054E+00  0.13837396E-01
  0.88417428E+00  0.14052218E-01
  0.88473803E+00  0.14257975E-01
  0.88530177E+00  0.14454036E-01
  0.88586552E+00  0.14639707E-01
  0.88642926E+00  0.14814242E-01
  0.88699301E+00  0.14976878E-01
  0.88755675E+00  0.15126979E-01
  0.88812050E+00  0.15264825E-01
  0.88868376E+00  0.15399979E-01
  0.88924701E+00  0.15172094E-01
  0.88981027E+00  0.14908039E-01
  0.89037353E+00  0.14626582E-01
  0.89093678E+00  0.14332195E-01
  0.89150004E+00  0.14026782E-01
  0.89206330E+00  0.13711777E-01
  0.89262656E+00  0.13388439E-01
  0.89318981E+00  0.13057847E-01
  0.89375307E+00  0.12720836E-01
  0.89431633E+00  0.12377967E-01
  0.89487958E+00  0.12029523E-01
  0.89544284E+00  0.11675541E-01
  0.89600610E+00  0.11315862E-01
  0.89656935E+00  0.10950194E-01
  0.89713261E+00  0.10578159E-01
  0.89769587E+00  0.10199334E-01
  0.89825912E+00  0.98132898E-02
  0.89882238E+00  0.94196008E-02
  0.89938564E+00  0.90178644E-02
  0.89994890E+00  0.86077035E-02
  0.90051215E+00  0.81887698E-02
  0.90107541E+00  0.77607427E-02
  0.90163867E+00  0.73233278E-02
  0.90220192E+00  0.68762543E-02
  0.90276518E+00  0.64192725E-02
  0.90332844E+00  0.59521510E-02
  0.90389169E+00  0.54746744E-02
  0.90445495E+00  0.49866415E-02
  0.90501821E+00  0.44878634E-02
  0.90558146E+00  0.39781621E-02
  0.90614472E+00  0.34573697E-02
  0.90670798E+00  0.29253272E-02
  0.90727124E+00  0.23818840E-02
  0.90783449E+00  0.18268977E-02
  0.90839775E+00  0.12602331E-02
  0.90896101E+00  0.68176236E-03
  0.90952426E+00  0.91364304E-04
  0.91008752E+00 -0.51107566E-03
  0.91065078E+00 -0.11256662E-02
  0.91121403E+00 -0.17525102E-02
  0.91177729E+00 -0.23917060E-02
  0.91234055E+00 -0.30433469E-02
  0.91290380E+00 -0.37075229E-02
  0.91346706E+00 -0.43843204E-02
  0.91403032E+00 -0.50738237E-02
  0.91459358E+00 -0.57761146E-02
  0.91515683E+00 -0.64912740E-02
  0.91572009E+00 -0.72193818E-02
  0.91628335E+00 -0.79605174E-02
  0.91684660E+00 -0.87147603E-02
  0.91740986E+00 -0.94821904E-02
  0.91797312E+00 -0.10262888E-01
  0.91853637E+00 -0.11056936E-01
  0.91909963E+00 -0.11864416E-01
  0.91966289E+00 -0.12685413E-01
  0.92022614E+00 -0.13520013E-01
  0.92078940E+00 -0.14368304E-01
  0.92135266E+00 -0.15230377E-01
  0.92191592E+00 -0.16106326E-01
  0.92247917E+00 -0.16996246E-01
  0.92304243E+00 -0.17900237E-01
  0.92360569E+00 -0.18818400E-01
  0.92416894E+00 -0.19750840E-01
  0.92473220E+00 -0.20697667E-01
  0.92529546E+00 -0.21658992E-01
  0.92585871E+00 -0.22634928E-01
  0.92642197E+00 -0.23625591E-01
  0.92698523E+00 -0.24631097E-01
  0.92754848E+00 -0.25651561E-01
  0.92811174E+00 -0.26687100E-01
  0.92867500E+00 -0.27737822E-01
  0.92923825E+00 -0.28803834E-01
  0.92980151E+00 -0.29885237E-01
  0.93036477E+00 -0.30982123E-01
  0.93092803E+00 -0.32094577E-01
  0.93149128E+00 -0.33222674E-01
  0.93205454E+00 -0.34366482E-01
  0.93261780E+00 -0.35526063E-01
  0.93318105E+00 -0.36701470E-01
  0.93374431E+00 -0.37892759E-01
  0.93430757E+00 -0.39099991E-01
  0.93487082E+00 -0.40323258E-01
  0.93543408E+00 -0.41562714E-01
  0.93599734E+00 -0.42818660E-01
  0.93656059E+00 -0.44091677E-01
  0.93712385E+00 -0.45382852E-01
  0.93768711E+00 -0.46693979E-01
  0.93825037E+00 -0.48027439E-01
  0.93881362E+00 -0.49385152E-01
  0.93937688E+00 -0.50766795E-01
  0.93994014E+00 -0.52169155E-01
  0.94050339E+00 -0.53587991E-01
  0.94106665E+00 -0.55020287E-01
  0.94162991E+00 -0.56464598E-01
  0.94219316E+00 -0.57920084E-01
  0.94275642E+00 -0.59385606E-01
  0.94331968E+00 -0.60859343E-01
  0.94388293E+00 -0.62338812E-01
  0.94444619E+00 -0.63821108E-01
  0.94500945E+00 -0.65303035E-01
  0.94557271E+00 -0.66780804E-01
  0.94613596E+00 -0.68249991E-01
  0.94669922E+00 -0.69708061E-01
  0.94726248E+00 -0.71158563E-01
  0.94782573E+00 -0.72610866E-01
  0.94838899E+00 -0.74075357E-01
  0.94895225E+00 -0.75559962E-01
  0.94951550E+00 -0.77069505E-01
  0.95007876E+00 -0.78606312E-01
  0.95064202E+00 -0.80170973E-01
  0.95120527E+00 -0.81763005E-01
  0.95176853E+00 -0.83381340E-01
  0.95233179E+00 -0.85024662E-01
  0.95289505E+00 -0.86691620E-01
  0.95345830E+00 -0.88380942E-01
  0.95402156E+00 -0.90091491E-01
  0.95458482E+00 -0.91822280E-01
  0.95514807E+00 -0.93572470E-01
  0.95571133E+00 -0.95341352E-01
  0.95627459E+00 -0.97128336E-01
  0.95683784E+00 -0.98932926E-01
  0.95740110E+00 -0.10075471E+00
  0.95796436E+00 -0.10259334E+00
  0.95852761E+00 -0.10444854E+00
  0.95909087E+00 -0.10632006E+00
  0.95965413E+00 -0.10820773E+00
  0.96021739E+00 -0.11011138E+00
  0.96078064E+00 -0.11203090E+00
  0.96134390E+00 -0.11396622E+00
  0.96190716E+00 -0.11591728E+00
  0.96247041E+00 -0.11788407E+00
  0.96303367E+00 -0.11986658E+00
  0.96359693E+00 -0.12186485E+00
  0.96416018E+00 -0.12387891E+00
  0.96472344E+00 -0.12590882E+00
  0.96528670E+00 -0.12795464E+00
  0.96584995E+00 -0.13001644E+00
  0.96641321E+00 -0.13209430E+00
  0.96697647E+00 -0.13418829E+00
  0.96753973E+00 -0.13629849E+00
  0.96810298E+00 -0.13842500E+00
  0.96866624E+00 -0.14056790E+00
  0.96922950E+00 -0.14272728E+00
  0.96979275E+00 -0.14490323E+00
  0.97035601E+00 -0.14709583E+00
  0.97091927E+00 -0.14930515E+00
  0.97148252E+00 -0.15153121E+00
  0.97204578E+00 -0.15377402E+00
  0.97260904E+00 -0.15603352E+00
  0.97317229E+00 -0.15830963E+00
  0.97373555E+00 -0.16060222E+00
  0.97429881E+00 -0.16291112E+00
  0.97486207E+00 -0.16523617E+00
  0.97542532E+00 -0.16757718E+00
  0.97598858E+00 -0.16993396E+00
  0.97655184E+00 -0.17230635E+00
  0.97711509E+00 -0.17469421E+00
  0.97767835E+00 -0.17709740E+00
  0.97824161E+00 -0.17951581E+00
  0.97880486E+00 -0.18194936E+00
  0.97936812E+00 -0.18439797E+00
  0.97993138E+00 -0.18686159E+00
  0.98049463E+00 -0.18934015E+00
  0.98105789E+00 -0.19183362E+00
  0.98162115E+00 -0.19434195E+00
  0.98218441E+00 -0.19686508E+00
  0.98274766E+00 -0.19940298E+00
  0.98331092E+00 -0.20195558E+00
  0.98387418E+00 -0.20452284E+00
  0.98443743E+00 -0.20710468E+00
  0.98500069E+00 -0.20970106E+00
  0.98556395E+00 -0.21231192E+00
  0.98612720E+00 -0.21493719E+00
  0.98669046E+00 -0.21757684E+00
  0.98725372E+00 -0.22023082E+00
  0.98781697E+00 -0.22289908E+00
  0.98838023E+00 -0.22558160E+00
  0.98894349E+00 -0.22827837E+00
  0.98950675E+00 -0.23098936E+00
  0.99007000E+00 -0.23371457E+00
  0.99063326E+00 -0.23645399E+00
  0.99119652E+00 -0.23920761E+00
  0.99175977E+00 -0.24197544E+00
  0.99232303E+00 -0.24475748E+00
  0.99288629E+00 -0.24755372E+00
  0.99344954E+00 -0.25036416E+00
  0.99401280E+00 -0.25318880E+00
  0.99457606E+00 -0.25602763E+00
  0.99513931E+00 -0.25888065E+00
  0.99570257E+00 -0.26174783E+00
  0.99626583E+00 -0.26462916E+00
  0.99682909E+00 -0.26752463E+00
  0.99739234E+00 -0.27043421E+00
  0.99795560E+00 -0.27335789E+00
  0.99851886E+00 -0.27629561E+00
  0.99908211E+00 -0.27924736E+00
  0.99964537E+00 -0.28221309E+00
  0.10002086E+01 -0.28519275E+00
  0.10007719E+01 -0.28818627E+00
  0.10013351E+01 -0.29119357E+00
  0.10018984E+01 -0.29421456E+00
  0.10024617E+01 -0.29724912E+00
  0.10030249E+01 -0.30029708E+00
  0.10035882E+01 -0.30335822E+00
  0.10041514E+01 -0.30643229E+00
  0.10047147E+01 -0.30951892E+00
  0.10052779E+01 -0.31261766E+00
  0.10058412E+01 -0.31572796E+00
  0.10064045E+01 -0.31884919E+00
  0.10069677E+01 -0.32198068E+00
  0.10075310E+01 -0.32512180E+00
  0.10080942E+01 -0.32827211E+00
  0.10086575E+01 -0.33143144E+00
  0.10092207E+01 -0.33459993E+00
  0.10097840E+01 -0.33777809E+00
  0.10103473E+01 -0.34096661E+00
  0.10109105E+01 -0.34416624E+00
  0.10114738E+01 -0.34737768E+00
  0.10120370E+01 -0.35060146E+00
  0.10126003E+01 -0.35383791E+00
  0.10131635E+01 -0.35708720E+00
  0.10137268E+01 -0.36034935E+00
  0.10142900E+01 -0.36362428E+00
  0.10148533E+01 -0.36691182E+00
  0.10154166E+01 -0.37021176E+00
  0.10159798E+01 -0.37352387E+00
  0.10165431E+01 -0.37684789E+00
  0.10171063E+01 -0.38018358E+00
  0.10176696E+01 -0.38353072E+00
  0.10182328E+01 -0.38688909E+00
  0.10187961E+01 -0.39025846E+00
  0.10193594E+01 -0.39363847E+00
  0.10199226E+01 -0.39702861E+00
  0.10204859E+01 -0.40042816E+00
  0.10210491E+01 -0.40383641E+00
  0.10216124E+01 -0.40725285E+00
  0.10221756E+01 -0.41067718E+00
  0.10227389E+01 -0.41410899E+00
  0.10233022E+01 -0.41754735E+00
  0.10238654E+01 -0.42099044E+00
  0.10244287E+01 -0.42443494E+00
  0.10249919E+01 -0.42787491E+00
  0.10255552E+01 -0.43129903E+00
  0.10261184E+01 -0.43468350E+00
  0.10266817E+01 -0.43797043E+00
  0.10272450E+01 -0.44098750E+00
  0.10278082E+01 -0.44305273E+00
  0.10283715E+01 -0.44132823E+00
  0.10289347E+01 -0.44675715E+00
  0.10294980E+01 -0.45483207E+00
  0.10300612E+01 -0.45945571E+00
  0.10306245E+01 -0.46337570E+00
  0.10311878E+01 -0.46711145E+00
  0.10317510E+01 -0.47078666E+00
  0.10323143E+01 -0.47444052E+00
  0.10328775E+01 -0.47808805E+00
  0.10334408E+01 -0.48173573E+00
  0.10340040E+01 -0.48538655E+00
  0.10345673E+01 -0.48904188E+00
  0.10351306E+01 -0.49270230E+00
  0.10356938E+01 -0.49636784E+00
  0.10362571E+01 -0.50003803E+00
  0.10368203E+01 -0.50371156E+00
  0.10373836E+01 -0.50738579E+00
  0.10379468E+01 -0.51105618E+00
  0.10385101E+01 -0.51471598E+00
  0.10390734E+01 -0.51835714E+00
  0.10396366E+01 -0.52197729E+00
  0.10401999E+01 -0.52560295E+00
  0.10407631E+01 -0.52930895E+00
  0.10413264E+01 -0.53314105E+00
  0.10418896E+01 -0.53703430E+00
  0.10424529E+01 -0.54091252E+00
  0.10430162E+01 -0.54474914E+00
  0.10435794E+01 -0.54853276E+00
  0.10441427E+01 -0.55225090E+00
  0.10447059E+01 -0.55603912E+00
  0.10452692E+01 -0.55999904E+00
  0.10458324E+01 -0.56391416E+00
  0.10463957E+01 -0.56778126E+00
  0.10469590E+01 -0.57163056E+00
  0.10475222E+01 -0.57547456E+00
  0.10480855E+01 -0.57931812E+00
  0.10486487E+01 -0.58316335E+00
  0.10492120E+01 -0.58701122E+00
  0.10497752E+01 -0.59086223E+00
  0.10503385E+01 -0.59471664E+00
  0.10509017E+01 -0.59857456E+00
  0.10514650E+01 -0.60243605E+00
  0.10520283E+01 -0.60630110E+00
  0.10525915E+01 -0.61016967E+00
  0.10531548E+01 -0.61404169E+00
  0.10537180E+01 -0.61791706E+00
  0.10542813E+01 -0.62179568E+00
  0.10548445E+01 -0.62567741E+00
  0.10554078E+01 -0.62956212E+00
  0.10559711E+01 -0.63344966E+00
  0.10565343E+01 -0.63733986E+00
  0.10570976E+01 -0.64123256E+00
  0.10576608E+01 -0.64512758E+00
  0.10582241E+01 -0.64902474E+00
  0.10587873E+01 -0.65292385E+00
  0.10593506E+01 -0.65682473E+00
  0.10599139E+01 -0.66072717E+00
  0.10604771E+01 -0.66463097E+00
  0.10610404E+01 -0.66853594E+00
  0.10616036E+01 -0.67244186E+00
  0.10621669E+01 -0.67634852E+00
  0.10627301E+01 -0.68025572E+00
  0.10632934E+01 -0.68416324E+00
  0.10638567E+01 -0.68807085E+00
  0.10644199E+01 -0.69197835E+00
  0.10649832E+01 -0.69588550E+00
  0.10655464E+01 -0.69979209E+00
  0.10661097E+01 -0.70369788E+00
  0.10666729E+01 -0.70760265E+00
  0.10672362E+01 -0.71150617E+00
  0.10677995E+01 -0.71540821E+00
  0.10683627E+01 -0.71930854E+00
  0.10689260E+01 -0.72320692E+00
  0.10694892E+01 -0.72710312E+00
  0.10700525E+01 -0.73099690E+00
  0.10706157E+01 -0.73488803E+00
  0.10711790E+01 -0.73877627E+00
  0.10717423E+01 -0.74266137E+00
  0.10723055E+01 -0.74654306E+00
  0.10728688E+01 -0.75042106E+00
  0.10734320E+01 -0.75429501E+00
  0.10739953E+01 -0.75816442E+00
  0.10745585E+01 -0.76202857E+00
  0.10751218E+01 -0.76588619E+00
  0.10756851E+01 -0.76973493E+00
  0.10762483E+01 -0.77357026E+00
  0.10768116E+01 -0.77738316E+00
  0.10773748E+01 -0.78115651E+00
  0.10779381E+01 -0.78486383E+00
  0.10785013E+01 -0.78849016E+00
  0.10790646E+01 -0.79209175E+00
  0.10796279E+01 -0.79578002E+00
  0.10801911E+01 -0.79957607E+00
  0.10807544E+01 -0.80341902E+00
  0.10813176E+01 -0.80726233E+00
  0.10818809E+01 -0.81108887E+00
  0.10824441E+01 -0.81489533E+00
  0.10830074E+01 -0.81868258E+00
  0.10835707E+01 -0.82245224E+00
  0.10841339E+01 -0.82620574E+00
  0.10846972E+01 -0.82994410E+00
  0.10852604E+01 -0.83366804E+00
  0.10858237E+01 -0.83737800E+00
  0.10863869E+01 -0.84107422E+00
  0.10869502E+01 -0.84475682E+00
  0.10875134E+01 -0.84842581E+00
  0.10880767E+01 -0.85208110E+00
  0.10886400E+01 -0.85572257E+00
  0.10892032E+01 -0.85935006E+00
  0.10897665E+01 -0.86296335E+00
  0.10903297E+01 -0.86656223E+00
  0.10908930E+01 -0.87014643E+00
  0.10914562E+01 -0.87371569E+00
  0.10920195E+01 -0.87726973E+00
  0.10925828E+01 -0.88080824E+00
  0.10931460E+01 -0.88433092E+00
  0.10937093E+01 -0.88783745E+00
  0.10942725E+01 -0.89132748E+00
  0.10948358E+01 -0.89480067E+00
  0.10953990E+01 -0.89825663E+00
  0.10959623E+01 -0.90169499E+00
  0.10965256E+01 -0.90511533E+00
  0.10970888E+01 -0.90851719E+00
  0.10976521E+01 -0.91190008E+00
  0.10982153E+01 -0.91526345E+00
  0.10987786E+01 -0.91860666E+00
  0.10993418E+01 -0.92192895E+00
  0.10999051E+01 -0.92522932E+00
  0.11004684E+01 -0.92850647E+00
  0.11010316E+01 -0.93175849E+00
  0.11015949E+01 -0.93498235E+00
  0.11021581E+01 -0.93817274E+00
  0.11027214E+01 -0.94131915E+00
  0.11032846E+01 -0.94439766E+00
  0.11038479E+01 -0.94734227E+00
  0.11044112E+01 -0.94991927E+00
  0.11049744E+01 -0.95113932E+00
  0.11055377E+01 -0.95296978E+00
  0.11061009E+01 -0.95890935E+00
  0.11066642E+01 -0.96278757E+00
  0.11072274E+01 -0.96607204E+00
  0.11077907E+01 -0.96918686E+00
  0.11083540E+01 -0.97221879E+00
  0.11089172E+01 -0.97519486E+00
  0.11094805E+01 -0.97812859E+00
  0.11100437E+01 -0.98102686E+00
  0.11106070E+01 -0.98389300E+00
  0.11111702E+01 -0.98672861E+00
  0.11117335E+01 -0.98953435E+00
  0.11122968E+01 -0.99231045E+00
  0.11128600E+01 -0.99505684E+00
  0.11134233E+01 -0.99777332E+00
  0.11139865E+01 -0.10004596E+01
  0.11145498E+01 -0.10031153E+01
  0.11151130E+01 -0.10057400E+01
  0.11156763E+01 -0.10083334E+01
  0.11162396E+01 -0.10108949E+01
  0.11168028E+01 -0.10134242E+01
  0.11173661E+01 -0.10159207E+01
  0.11179293E+01 -0.10183841E+01
  0.11184926E+01 -0.10208139E+01
  0.11190558E+01 -0.10232096E+01
  0.11196191E+01 -0.10255709E+01
  0.11201824E+01 -0.10278971E+01
  0.11207456E+01 -0.10301880E+01
  0.11213089E+01 -0.10324431E+01
  0.11218721E+01 -0.10346620E+01
  0.11224354E+01 -0.10368441E+01
  0.11229986E+01 -0.10389891E+01
  0.11235619E+01 -0.10410966E+01
  0.11241251E+01 -0.10431661E+01
  0.11246884E+01 -0.10451972E+01
  0.11252517E+01 -0.10471894E+01
  0.11258149E+01 -0.10491423E+01
  0.11263782E+01 -0.10510555E+01
  0.11269414E+01 -0.10529286E+01
  0.11275047E+01 -0.10547611E+01
  0.11280679E+01 -0.10565525E+01
  0.11286312E+01 -0.10583026E+01
  0.11291945E+01 -0.10600107E+01
  0.11297577E+01 -0.10616765E+01
  0.11303210E+01 -0.10632995E+01
  0.11308842E+01 -0.10648794E+01
  0.11314475E+01 -0.10664156E+01
  0.11320107E+01 -0.10679078E+01
  0.11325740E+01 -0.10693555E+01
  0.11331373E+01 -0.10707582E+01
  0.11337005E+01 -0.10721156E+01
  0.11342638E+01 -0.10734272E+01
  0.11348270E+01 -0.10746925E+01
  0.11353903E+01 -0.10759112E+01
  0.11359535E+01 -0.10770827E+01
  0.11365168E+01 -0.10782067E+01
  0.11370801E+01 -0.10792828E+01
  0.11376433E+01 -0.10803104E+01
  0.11382066E+01 -0.10812892E+01
  0.11387698E+01 -0.10822188E+01
  0.11393331E+01 -0.10830986E+01
  0.11398963E+01 -0.10839284E+01
  0.11404596E+01 -0.10847077E+01
  0.11410229E+01 -0.10854360E+01
  0.11415861E+01 -0.10861130E+01
  0.11421494E+01 -0.13201710E+01
  0.11427126E+01 -0.13205047E+01
  0.11432759E+01 -0.13207850E+01
  0.11438391E+01 -0.13210116E+01
  0.11444024E+01 -0.13211840E+01
  0.11449657E+01 -0.13213019E+01
  0.11455289E+01 -0.13213649E+01
  0.11460922E+01 -0.13213726E+01
  0.11466554E+01 -0.13213245E+01
  0.11472187E+01 -0.13212204E+01
  0.11477819E+01 -0.13210598E+01
  0.11483452E+01 -0.13208424E+01
  0.11489085E+01 -0.13205677E+01
  0.11494717E+01 -0.13202355E+01
  0.11500350E+01 -0.13198453E+01
  0.11505982E+01 -0.13193967E+01
  0.11511615E+01 -0.13188893E+01
  0.11517247E+01 -0.13183228E+01
  0.11522880E+01 -0.13176966E+01
  0.11528513E+01 -0.13170103E+01
  0.11534145E+01 -0.13162635E+01
  0.11539778E+01 -0.13154556E+01
  0.11545410E+01 -0.13145861E+01
  0.11551043E+01 -0.13136545E+01
  0.11556675E+01 -0.13126601E+01
  0.11562308E+01 -0.13116023E+01
  0.11567941E+01 -0.13104804E+01
  0.11573573E+01 -0.13092938E+01
  0.11579206E+01 -0.13080418E+01
  0.11584838E+01 -0.13067238E+01
  0.11590471E+01 -0.13053391E+01
  0.11596103E+01 -0.13038874E+01
  0.11601736E+01 -0.13023681E+01
  0.11607368E+01 -0.13007809E+01
  0.11613001E+01 -0.12991258E+01
  0.11618634E+01 -0.12974028E+01
  0.11624266E+01 -0.12956122E+01
  0.11629899E+01 -0.12937548E+01
  0.11635531E+01 -0.12918320E+01
  0.11641164E+01 -0.12898463E+01
  0.11646796E+01 -0.12878019E+01
  0.11652429E+01 -0.12857058E+01
  0.11658062E+01 -0.12835685E+01
  0.11663694E+01 -0.12814020E+01
  0.11669327E+01 -0.12792066E+01
  0.11674959E+01 -0.12769473E+01
  0.11680592E+01 -0.12745600E+01
  0.11686224E+01 -0.12720165E+01
  0.11691857E+01 -0.12693470E+01
  0.11697490E+01 -0.12665907E+01
  0.11703122E+01 -0.12637682E+01
  0.11708755E+01 -0.12608851E+01
  0.11714387E+01 -0.12579406E+01
  0.11720020E+01 -0.12549319E+01
  0.11725652E+01 -0.12518560E+01
  0.11731285E+01 -0.12487103E+01
  0.11736918E+01 -0.12454929E+01
  0.11742550E+01 -0.12422028E+01
  0.11748183E+01 -0.12388404E+01
  0.11753815E+01 -0.12354079E+01
  0.11759448E+01 -0.12319090E+01
  0.11765080E+01 -0.12283489E+01
  0.11770713E+01 -0.12247327E+01
  0.11776346E+01 -0.12210640E+01
  0.11781978E+01 -0.12173430E+01
  0.11787611E+01 -0.12135664E+01
  0.11793243E+01 -0.12097288E+01
  0.11798876E+01 -0.12058243E+01
  0.11804508E+01 -0.12018478E+01
  0.11810141E+01 -0.11977960E+01
  0.11815774E+01 -0.11936667E+01
  0.11821406E+01 -0.11894592E+01
  0.11827039E+01 -0.11851732E+01
  0.11832671E+01 -0.11808092E+01
  0.11838304E+01 -0.11763680E+01
  0.11843936E+01 -0.11718505E+01
  0.11849569E+01 -0.11672578E+01
  0.11855202E+01 -0.11625915E+01
  0.11860834E+01 -0.11578534E+01
  0.11866467E+01 -0.11530463E+01
  0.11872099E+01 -0.11481735E+01
  0.11877732E+01 -0.11432398E+01
  0.11883364E+01 -0.11382505E+01
  0.11888997E+01 -0.11332065E+01
  0.11894630E+01 -0.11280890E+01
  0.11900262E+01 -0.11228594E+01
  0.11905895E+01 -0.11175116E+01
  0.11911527E+01 -0.11120706E+01
  0.11917160E+01 -0.11065492E+01
  0.11922792E+01 -0.11009502E+01
  0.11928425E+01 -0.10952752E+01
  0.11934058E+01 -0.10895261E+01
  0.11939690E+01 -0.10837040E+01
  0.11945323E+01 -0.10778098E+01
  0.11950955E+01 -0.10718437E+01
  0.11956588E+01 -0.10658056E+01
  0.11962220E+01 -0.10596955E+01
  0.11967853E+01 -0.10535133E+01
  0.11973485E+01 -0.10472587E+01
  0.11979118E+01 -0.10409316E+01
  0.11984751E+01 -0.10345320E+01
  0.11990383E+01 -0.10280597E+01
  0.11996016E+01 -0.10215147E+01
  0.12001648E+01 -0.10148970E+01
  0.12007281E+01 -0.10082064E+01
  0.12012913E+01 -0.10014432E+01
  0.12018546E+01 -0.99460715E+00
  0.12024179E+01 -0.98769845E+00
  0.12029811E+01 -0.98071711E+00
  0.12035444E+01 -0.97366316E+00
  0.12041076E+01 -0.96653662E+00
  0.12046709E+01 -0.95933740E+00
  0.12052341E+01 -0.95206523E+00
  0.12057974E+01 -0.94471927E+00
  0.12063607E+01 -0.93729703E+00
  0.12069239E+01 -0.92978968E+00
  0.12074872E+01 -0.92215499E+00
  0.12080504E+01 -0.91407592E+00
  0.12086137E+01 -0.90611583E+00
  0.12091769E+01 -0.89891739E+00
  0.12097402E+01 -0.89120428E+00
  0.12103035E+01 -0.88333528E+00
  0.12108667E+01 -0.87537216E+00
  0.12114300E+01 -0.86732980E+00
  0.12119932E+01 -0.85921332E+00
  0.12125565E+01 -0.85102504E+00
  0.12131197E+01 -0.84276632E+00
  0.12136830E+01 -0.83443813E+00
  0.12142463E+01 -0.82604132E+00
  0.12148095E+01 -0.81757645E+00
  0.12153728E+01 -0.80904297E+00
  0.12159360E+01 -0.80043895E+00
  0.12164993E+01 -0.79176443E+00
  0.12170625E+01 -0.78302200E+00
  0.12176258E+01 -0.77421330E+00
  0.12181891E+01 -0.76533883E+00
  0.12187523E+01 -0.75639876E+00
  0.12193156E+01 -0.74739334E+00
  0.12198788E+01 -0.73832285E+00
  0.12204421E+01 -0.72918766E+00
  0.12210053E+01 -0.71998816E+00
  0.12215686E+01 -0.71072476E+00
  0.12221319E+01 -0.70139786E+00
  0.12226951E+01 -0.69200789E+00
  0.12232584E+01 -0.68255525E+00
  0.12238216E+01 -0.67304030E+00
  0.12243849E+01 -0.66346340E+00
  0.12249481E+01 -0.65382487E+00
  0.12255114E+01 -0.64412501E+00
  0.12260747E+01 -0.63436415E+00
  0.12266379E+01 -0.62454261E+00
  0.12272012E+01 -0.61466077E+00
  0.12277644E+01 -0.60471909E+00
  0.12283277E+01 -0.59471810E+00
  0.12288909E+01 -0.58465840E+00
  0.12294542E+01 -0.57454067E+00
  0.12300174E+01 -0.56436562E+00
  0.12305807E+01 -0.55413397E+00
  0.12311440E+01 -0.54384646E+00
  0.12317072E+01 -0.53350381E+00
  0.12322705E+01 -0.52310669E+00
  0.12328337E+01 -0.51265575E+00
  0.12333970E+01 -0.50215155E+00
  0.12339602E+01 -0.49159435E+00
  0.12345235E+01 -0.48098214E+00
  0.12350868E+01 -0.47029500E+00
  0.12356500E+01 -0.45957805E+00
  0.12362133E+01 -0.44882252E+00
  0.12367765E+01 -0.43800841E+00
  0.12373398E+01 -0.42713987E+00
  0.12379030E+01 -0.41621821E+00
  0.12384663E+01 -0.40524391E+00
  0.12390296E+01 -0.39421736E+00
  0.12395928E+01 -0.38313909E+00
  0.12401561E+01 -0.37200999E+00
  0.12407193E+01 -0.36083124E+00
  0.12412826E+01 -0.34960404E+00
  0.12418458E+01 -0.33832890E+00
  0.12424091E+01 -0.32700391E+00
  0.12429724E+01 -0.31562127E+00
  0.12435356E+01 -0.30416148E+00
  0.12440989E+01 -0.29259027E+00
  0.12446621E+01 -0.28087926E+00
  0.12452254E+01 -0.26906062E+00
  0.12457886E+01 -0.25722586E+00
  0.12463519E+01 -0.24542991E+00
  0.12469152E+01 -0.23366199E+00
  0.12474784E+01 -0.22189230E+00
  0.12480417E+01 -0.21009943E+00
  0.12486049E+01 -0.19827227E+00
  0.12491682E+01 -0.18640586E+00
  0.12497314E+01 -0.17449839E+00
  0.12502947E+01 -0.16254945E+00
  0.12508580E+01 -0.15055928E+00
  0.12514212E+01 -0.13852835E+00
  0.12519845E+01 -0.12645725E+00
  0.12525477E+01 -0.11434652E+00
  0.12531110E+01 -0.10219666E+00
  0.12536742E+01 -0.90008036E-01
  0.12542375E+01 -0.77780880E-01
  0.12548008E+01 -0.65515173E-01
  0.12553640E+01 -0.53210500E-01
  0.12559273E+01 -0.40865678E-01
  0.12564905E+01 -0.28477787E-01
  0.12570538E+01 -0.16039201E-01
  0.12576170E+01 -0.35269438E-02
  0.12581803E+01  0.91479224E-02
  0.12587436E+01  0.22538877E-01
  0.12593068E+01  0.38168969E-01
  0.12598701E+01  0.46901466E-01
  0.12604333E+01  0.58954488E-01
  0.12609966E+01  0.71449989E-01
  0.12615598E+01  0.84048043E-01
  0.12621231E+01  0.96696106E-01
  0.12626864E+01  0.10938072E+00
  0.12632496E+01  0.12209720E+00
  0.12638129E+01  0.13484345E+00
  0.12643761E+01  0.14761826E+00
  0.12649394E+01  0.16042048E+00
  0.12655026E+01  0.17324850E+00
  0.12660659E+01  0.18609961E+00
  0.12666291E+01  0.19896963E+00
  0.12671924E+01  0.21185304E+00
  0.12677557E+01  0.22474428E+00
  0.12683189E+01  0.23763984E+00
  0.12688822E+01  0.25053975E+00
  0.12694454E+01  0.26344729E+00
  0.12700087E+01  0.27636724E+00
  0.12705719E+01  0.28930433E+00
  0.12711352E+01  0.30226249E+00
  0.12716985E+01  0.31524492E+00
  0.12722617E+01  0.32825439E+00
  0.12728250E+01  0.34129339E+00
  0.12733882E+01  0.35436401E+00
  0.12739515E+01  0.36746745E+00
  0.12745147E+01  0.38060346E+00
  0.12750780E+01  0.39377000E+00
  0.12756413E+01  0.40696344E+00
  0.12762045E+01  0.42017919E+00
  0.12767678E+01  0.43341250E+00
  0.12773310E+01  0.44665921E+00
  0.12778943E+01  0.45991600E+00
  0.12784575E+01  0.47318054E+00
  0.12790208E+01  0.48645128E+00
  0.12795841E+01  0.49972729E+00
  0.12801473E+01  0.51300802E+00
  0.12807106E+01  0.52629316E+00
  0.12812738E+01  0.53958248E+00
  0.12818371E+01  0.55287582E+00
  0.12824003E+01  0.56617295E+00
  0.12829636E+01  0.57947363E+00
  0.12835269E+01  0.59277753E+00
  0.12840901E+01  0.60608426E+00
  0.12846534E+01  0.61939334E+00
  0.12852166E+01  0.63270428E+00
  0.12857799E+01  0.64601655E+00
  0.12863431E+01  0.65932972E+00
  0.12869064E+01  0.67264354E+00
  0.12874697E+01  0.68595814E+00
  0.12880329E+01  0.69927414E+00
  0.12885962E+01  0.71259268E+00
  0.12891594E+01  0.72591517E+00
  0.12897227E+01  0.73924270E+00
  0.12902859E+01  0.75257542E+00
  0.12908492E+01  0.76591229E+00
  0.12914125E+01  0.77925138E+00
  0.12919757E+01  0.79259043E+00
  0.12925390E+01  0.80592737E+00
  0.12931022E+01  0.81926059E+00
  0.12936655E+01  0.83258890E+00
  0.12942287E+01  0.84591146E+00
  0.12947920E+01  0.85922766E+00
  0.12953553E+01  0.87253701E+00
  0.12959185E+01  0.88583911E+00
  0.12964818E+01  0.89913357E+00
  0.12970450E+01  0.91242001E+00
  0.12976083E+01  0.92569806E+00
  0.12981715E+01  0.93896735E+00
  0.12987348E+01  0.95222746E+00
  0.12992981E+01  0.96547801E+00
  0.12998613E+01  0.97871855E+00
  0.13004246E+01  0.99194867E+00
  0.13009878E+01  0.10051679E+01
  0.13015511E+01  0.10183758E+01
  0.13021143E+01  0.10315719E+01
  0.13026776E+01  0.10447559E+01
  0.13032408E+01  0.10579274E+01
  0.13038041E+01  0.10710863E+01
  0.13043674E+01  0.10842329E+01
  0.13049306E+01  0.10973683E+01
  0.13054939E+01  0.11104948E+01
  0.13060571E+01  0.11236182E+01
  0.13066204E+01  0.11367498E+01
  0.13071836E+01  0.11498981E+01
  0.13077469E+01  0.11630014E+01
  0.13083102E+01  0.11759609E+01
  0.13088734E+01  0.11888732E+01
  0.13094367E+01  0.12018002E+01
  0.13099999E+01  0.12147323E+01
  0.13105632E+01  0.12276649E+01
  0.13111264E+01  0.12406131E+01
  0.13116897E+01  0.12535952E+01
  0.13122530E+01  0.12665968E+01
  0.13128162E+01  0.12795840E+01
  0.13133795E+01  0.12925382E+01
  0.13139427E+01  0.13054576E+01
  0.13145060E+01  0.13183454E+01
  0.13150692E+01  0.13312048E+01
  0.13156325E+01  0.13440382E+01
  0.13161958E+01  0.13568475E+01
  0.13167590E+01  0.13696351E+01
  0.13173223E+01  0.13824042E+01
  0.13178855E+01  0.13951596E+01
  0.13184488E+01  0.14079058E+01
  0.13190120E+01  0.14206334E+01
  0.13195753E+01  0.14332999E+01
  0.13201386E+01  0.14458849E+01
  0.13207018E+01  0.14584321E+01
  0.13212651E+01  0.14709689E+01
  0.13218283E+01  0.14834955E+01
  0.13223916E+01  0.14960068E+01
  0.13229548E+01  0.15084992E+01
  0.13235181E+01  0.15209702E+01
  0.13240814E+01  0.15334187E+01
  0.13246446E+01  0.15458436E+01
  0.13252079E+01  0.15582444E+01
  0.13257711E+01  0.15706207E+01
  0.13263344E+01  0.15829721E+01
  0.13268976E+01  0.15952983E+01
  0.13274609E+01  0.16075989E+01
  0.13280242E+01  0.16198736E+01
  0.13285874E+01  0.16321223E+01
  0.13291507E+01  0.16443445E+01
  0.13297139E+01  0.16565399E+01
  0.13302772E+01  0.16687082E+01
  0.13308404E+01  0.16808491E+01
  0.13314037E+01  0.16929620E+01
  0.13319670E+01  0.17050467E+01
  0.13325302E+01  0.17171026E+01
  0.13330935E+01  0.17291292E+01
  0.13336567E+01  0.17411262E+01
  0.13342200E+01  0.17530932E+01
  0.13347832E+01  0.17650305E+01
  0.13353465E+01  0.17769392E+01
  0.13359098E+01  0.17888213E+01
  0.13364730E+01  0.18006795E+01
  0.13370363E+01  0.18125156E+01
  0.13375995E+01  0.18243293E+01
  0.13381628E+01  0.18361187E+01
  0.13387260E+01  0.18478815E+01
  0.13392893E+01  0.18596156E+01
  0.13398525E+01  0.18713197E+01
  0.13404158E+01  0.18829935E+01
  0.13409791E+01  0.18946367E+01
  0.13415423E+01  0.19062495E+01
  0.13421056E+01  0.19178319E+01
  0.13426688E+01  0.19293840E+01
  0.13432321E+01  0.19409060E+01
  0.13437953E+01  0.19523980E+01
  0.13443586E+01  0.19638599E+01
  0.13449219E+01  0.19752918E+01
  0.13454851E+01  0.19866936E+01
  0.13460484E+01  0.19980653E+01
  0.13466116E+01  0.20094067E+01
  0.13471749E+01  0.20207178E+01
  0.13477381E+01  0.20319984E+01
  0.13483014E+01  0.20432485E+01
  0.13488647E+01  0.20544681E+01
  0.13494279E+01  0.20656570E+01
  0.13499912E+01  0.20768155E+01
  0.13505544E+01  0.20879436E+01
  0.13511177E+01  0.20990413E+01
  0.13516809E+01  0.21101089E+01
  0.13522442E+01  0.21211464E+01
  0.13528075E+01  0.21321539E+01
  0.13533707E+01  0.21431313E+01
  0.13539340E+01  0.21540789E+01
  0.13544972E+01  0.21649966E+01
  0.13550605E+01  0.21758843E+01
  0.13556237E+01  0.21867421E+01
  0.13561870E+01  0.21975699E+01
  0.13567503E+01  0.22083676E+01
  0.13573135E+01  0.22191351E+01
  0.13578768E+01  0.22298723E+01
  0.13584400E+01  0.22405791E+01
  0.13590033E+01  0.22512551E+01
  0.13595665E+01  0.22619003E+01
  0.13601298E+01  0.22725148E+01
  0.13606931E+01  0.22830987E+01
  0.13612563E+01  0.22936525E+01
  0.13618196E+01  0.23041773E+01
  0.13623828E+01  0.23146744E+01
  0.13629461E+01  0.23251454E+01
  0.13635093E+01  0.23355923E+01
  0.13640726E+01  0.23460171E+01
  0.13646359E+01  0.23564217E+01
  0.13651991E+01  0.23668070E+01
  0.13657624E+01  0.23771727E+01
  0.13663256E+01  0.23875171E+01
  0.13668889E+01  0.23978378E+01
  0.13674521E+01  0.24081322E+01
  0.13680154E+01  0.24183984E+01
  0.13685787E+01  0.24286351E+01
  0.13691419E+01  0.24388417E+01
  0.13697052E+01  0.24490184E+01
  0.13702684E+01  0.24591653E+01
  0.13708317E+01  0.24692830E+01
  0.13713949E+01  0.24793719E+01
  0.13719582E+01  0.24894325E+01
  0.13725215E+01  0.24994654E+01
  0.13730847E+01  0.25094711E+01
  0.13736480E+01  0.25194497E+01
  0.13742112E+01  0.25294019E+01
  0.13747745E+01  0.25393278E+01
  0.13753377E+01  0.25492279E+01
  0.13759010E+01  0.25591024E+01
  0.13764642E+01  0.25689516E+01
  0.13770275E+01  0.25787757E+01
  0.13775908E+01  0.25885751E+01
  0.13781540E+01  0.25983499E+01
  0.13787173E+01  0.26081005E+01
  0.13792805E+01  0.26178270E+01
  0.13798438E+01  0.26275298E+01
  0.13804070E+01  0.26372090E+01
  0.13809703E+01  0.26468650E+01
  0.13815336E+01  0.26564978E+01
  0.13820968E+01  0.26661078E+01
  0.13826601E+01  0.26756952E+01
  0.13832233E+01  0.26852602E+01
  0.13837866E+01  0.26948031E+01
  0.13843498E+01  0.27043241E+01
  0.13849131E+01  0.27138234E+01
  0.13854764E+01  0.27233014E+01
  0.13860396E+01  0.27327582E+01
  0.13866029E+01  0.27421941E+01
  0.13871661E+01  0.27516095E+01
  0.13877294E+01  0.27610045E+01
  0.13882926E+01  0.27703794E+01
  0.13888559E+01  0.27797346E+01
  0.13894192E+01  0.27890703E+01
  0.13899824E+01  0.27983867E+01
  0.13905457E+01  0.28076843E+01
  0.13911089E+01  0.28169633E+01
  0.13916722E+01  0.28262239E+01
  0.13922354E+01  0.28354666E+01
  0.13927987E+01  0.28446914E+01
  0.13933620E+01  0.28538988E+01
  0.13939252E+01  0.28630890E+01
  0.13944885E+01  0.28722623E+01
  0.13950517E+01  0.28814189E+01
  0.13956150E+01  0.28905592E+01
  0.13961782E+01  0.28996832E+01
  0.13967415E+01  0.29087915E+01
  0.13973048E+01  0.29178840E+01
  0.13978680E+01  0.29269613E+01
  0.13984313E+01  0.29360234E+01
  0.13989945E+01  0.29450708E+01
  0.13995578E+01  0.29541037E+01
  0.14001210E+01  0.29631223E+01
  0.14006843E+01  0.29721271E+01
  0.14012476E+01  0.29811183E+01
  0.14018108E+01  0.29900964E+01
  0.14023741E+01  0.29990615E+01
  0.14029373E+01  0.30080142E+01
  0.14035006E+01  0.30169548E+01
  0.14040638E+01  0.30258837E+01
  0.14046271E+01  0.30348011E+01
  0.14051904E+01  0.30437075E+01
  0.14057536E+01  0.30526031E+01
  0.14063169E+01  0.30614883E+01
  0.14068801E+01  0.30703632E+01
  0.14074434E+01  0.30792281E+01
  0.14080066E+01  0.30880830E+01
  0.14085699E+01  0.30969280E+01
  0.14091332E+01  0.31057630E+01
  0.14096964E+01  0.31145880E+01
  0.14102597E+01  0.31234028E+01
  0.14108229E+01  0.31322075E+01
  0.14113862E+01  0.31410020E+01
  0.14119494E+01  0.31497865E+01
  0.14125127E+01  0.31585609E+01
  0.14130759E+01  0.31673257E+01
  0.14136392E+01  0.31760810E+01
  0.14142025E+01  0.31848273E+01
  0.14147657E+01  0.31935647E+01
  0.14153290E+01  0.32022937E+01
  0.14158922E+01  0.32110145E+01
  0.14164555E+01  0.32197273E+01
  0.14170187E+01  0.32284323E+01
  0.14175820E+01  0.32371298E+01
  0.14181453E+01  0.32458201E+01
  0.14187085E+01  0.32545033E+01
  0.14192718E+01  0.32631798E+01
  0.14198350E+01  0.32718499E+01
  0.14203983E+01  0.32805140E+01
  0.14209615E+01  0.32891729E+01
  0.14215248E+01  0.32978276E+01
  0.14220881E+01  0.33064797E+01
  0.14226513E+01  0.33151317E+01
  0.14232146E+01  0.33237880E+01
  0.14237778E+01  0.33324546E+01
  0.14243411E+01  0.33411353E+01
  0.14249043E+01  0.33498129E+01
  0.14254676E+01  0.33584312E+01
  0.14260309E+01  0.33669682E+01
  0.14265941E+01  0.33754787E+01
  0.14271574E+01  0.33840003E+01
  0.14277206E+01  0.33925357E+01
  0.14282839E+01  0.34010788E+01
  0.14288471E+01  0.34096244E+01
  0.14294104E+01  0.34181693E+01
  0.14299737E+01  0.34267116E+01
  0.14305369E+01  0.34352503E+01
  0.14311002E+01  0.34437846E+01
  0.14316634E+01  0.34523142E+01
  0.14322267E+01  0.34608389E+01
  0.14327899E+01  0.34693585E+01
  0.14333532E+01  0.34778730E+01
  0.14339165E+01  0.34863822E+01
  0.14344797E+01  0.34948863E+01
  0.14350430E+01  0.35033853E+01
  0.14356062E+01  0.35118791E+01
  0.14361695E+01  0.35203678E+01
  0.14367327E+01  0.35288513E+01
  0.14372960E+01  0.35373298E+01
  0.14378593E+01  0.35458032E+01
  0.14384225E+01  0.35542715E+01
  0.14389858E+01  0.35627348E+01
  0.14395490E+01  0.35711928E+01
  0.14401123E+01  0.35796457E+01
  0.14406755E+01  0.35880933E+01
  0.14412388E+01  0.35965356E+01
  0.14418021E+01  0.36049724E+01
  0.14423653E+01  0.36134036E+01
  0.14429286E+01  0.36218291E+01
  0.14434918E+01  0.36302488E+01
  0.14440551E+01  0.36386625E+01
  0.14446183E+01  0.36470699E+01
  0.14451816E+01  0.36554710E+01
  0.14457448E+01  0.36638656E+01
  0.14463081E+01  0.36722533E+01
  0.14468714E+01  0.36806341E+01
  0.14474346E+01  0.36890077E+01
  0.14479979E+01  0.36973739E+01
  0.14485611E+01  0.37057325E+01
  0.14491244E+01  0.37140833E+01
  0.14496876E+01  0.37224261E+01
  0.14502509E+01  0.37307608E+01
  0.14508142E+01  0.37390873E+01
  0.14513774E+01  0.37474056E+01
  0.14519407E+01  0.37557158E+01
  0.14525039E+01  0.37640182E+01
  0.14530672E+01  0.37723133E+01
  0.14536304E+01  0.37806024E+01
  0.14541937E+01  0.37888871E+01
  0.14547570E+01  0.37971698E+01
  0.14553202E+01  0.38054523E+01
  0.14558835E+01  0.38137313E+01
  0.14564467E+01  0.38219889E+01
  0.14570100E+01  0.38301953E+01
  0.14575732E+01  0.38383435E+01
  0.14581365E+01  0.38464607E+01
  0.14586998E+01  0.38545705E+01
  0.14592630E+01  0.38626791E+01
  0.14598263E+01  0.38707839E+01
  0.14603895E+01  0.38788813E+01
  0.14609528E+01  0.38869683E+01
  0.14615160E+01  0.38950428E+01
  0.14620793E+01  0.39031033E+01
  0.14626426E+01  0.39111489E+01
  0.14632058E+01  0.39191788E+01
  0.14637691E+01  0.39271926E+01
  0.14643323E+01  0.39351904E+01
  0.14648956E+01  0.39431726E+01
  0.14654588E+01  0.39511404E+01
  0.14660221E+01  0.39590967E+01
  0.14665854E+01  0.39670479E+01
  0.14671486E+01  0.39750082E+01
  0.14677119E+01  0.39830113E+01
  0.14682751E+01  0.39911357E+01
  0.14688384E+01  0.39994703E+01
  0.14694016E+01  0.40075284E+01
  0.14699649E+01  0.40148133E+01
  0.14705282E+01  0.40221372E+01
  0.14710914E+01  0.40296428E+01
  0.14716547E+01  0.40372255E+01
  0.14722179E+01  0.40448283E+01
  0.14727812E+01  0.40524267E+01
  0.14733444E+01  0.40600088E+01
  0.14739077E+01  0.40675689E+01
  0.14744710E+01  0.40751032E+01
  0.14750342E+01  0.40826097E+01
  0.14755975E+01  0.40900866E+01
  0.14761607E+01  0.40975326E+01
  0.14767240E+01  0.41049466E+01
  0.14772872E+01  0.41123278E+01
  0.14778505E+01  0.41196752E+01
  0.14784138E+01  0.41269880E+01
  0.14789770E+01  0.41342653E+01
  0.14795403E+01  0.41415065E+01
  0.14801035E+01  0.41487106E+01
  0.14806668E+01  0.41558770E+01
  0.14812300E+01  0.41630049E+01
  0.14817933E+01  0.41700935E+01
  0.14823565E+01  0.41771421E+01
  0.14829198E+01  0.41841499E+01
  0.14834831E+01  0.41911161E+01
  0.14840463E+01  0.41980400E+01
  0.14846096E+01  0.42049208E+01
  0.14851728E+01  0.42117577E+01
  0.14857361E+01  0.42185500E+01
  0.14862993E+01  0.42252969E+01
  0.14868626E+01  0.42319976E+01
  0.14874259E+01  0.42386513E+01
  0.14879891E+01  0.42452573E+01
  0.14885524E+01  0.42518148E+01
  0.14891156E+01  0.42583230E+01
  0.14896789E+01  0.42647811E+01
  0.14902421E+01  0.42711884E+01
  0.14908054E+01  0.42775440E+01
  0.14913687E+01  0.42838473E+01
  0.14919319E+01  0.42900973E+01
  0.14924952E+01  0.42962934E+01
  0.14930584E+01  0.43024347E+01
  0.14936217E+01  0.43085206E+01
  0.14941849E+01  0.43145501E+01
  0.14947482E+01  0.43205227E+01
  0.14953115E+01  0.43264374E+01
  0.14958747E+01  0.43322936E+01
  0.14964380E+01  0.43380905E+01
  0.14970012E+01  0.43438273E+01
  0.14975645E+01  0.43495034E+01
  0.14981277E+01  0.43551179E+01
  0.14986910E+01  0.43606701E+01
  0.14992543E+01  0.43661593E+01
  0.14998175E+01  0.43715848E+01
  0.15003808E+01  0.43769457E+01
  0.15009440E+01  0.43822415E+01
  0.15015073E+01  0.43874714E+01
  0.15020705E+01  0.43926346E+01
  0.15026338E+01  0.43977305E+01
  0.15031971E+01  0.44027583E+01
  0.15037603E+01  0.44077173E+01
  0.15043236E+01  0.44126069E+01
  0.15048868E+01  0.44174262E+01
  0.15054501E+01  0.44221747E+01
  0.15060133E+01  0.44268517E+01
  0.15065766E+01  0.44314564E+01
  0.15071399E+01  0.44359881E+01
  0.15077031E+01  0.44404462E+01
  0.15082664E+01  0.44448300E+01
  0.15088296E+01  0.44491389E+01
  0.15093929E+01  0.44533722E+01
  0.15099561E+01  0.44575291E+01
  0.15105194E+01  0.44616092E+01
  0.15110827E+01  0.44656116E+01
  0.15116459E+01  0.44695358E+01
  0.15122092E+01  0.44733812E+01
  0.15127724E+01  0.44771471E+01
  0.15133357E+01  0.44808329E+01
  0.15138989E+01  0.44844380E+01
  0.15144622E+01  0.44879618E+01
  0.15150255E+01  0.44914036E+01
  0.15155887E+01  0.44947630E+01
  0.15161520E+01  0.44980393E+01
  0.15167152E+01  0.45012318E+01
  0.15172785E+01  0.45043402E+01
  0.15178417E+01  0.45073636E+01
  0.15184050E+01  0.45103017E+01
  0.15189682E+01  0.45131537E+01
  0.15195315E+01  0.45159191E+01
  0.15200948E+01  0.45185973E+01
  0.15206580E+01  0.45211877E+01
  0.15212213E+01  0.45236896E+01
  0.15217845E+01  0.45261025E+01
  0.15223478E+01  0.45284258E+01
  0.15229110E+01  0.45306592E+01
  0.15234743E+01  0.45328023E+01
  0.15240376E+01  0.45348554E+01
  0.15246008E+01  0.45368186E+01
  0.15251641E+01  0.45386924E+01
  0.15257273E+01  0.45404771E+01
  0.15262906E+01  0.45421727E+01
  0.15268538E+01  0.45437788E+01
  0.15274171E+01  0.45452946E+01
  0.15279804E+01  0.45467194E+01
  0.15285436E+01  0.45480524E+01
  0.15291069E+01  0.45492930E+01
  0.15296701E+01  0.45504407E+01
  0.15302334E+01  0.45514951E+01
  0.15307966E+01  0.45524558E+01
  0.15313599E+01  0.45533227E+01
  0.15319232E+01  0.45540954E+01
  0.15324864E+01  0.45547739E+01
  0.15330497E+01  0.45553580E+01
  0.15336129E+01  0.45558475E+01
  0.15341762E+01  0.45562424E+01
  0.15347394E+01  0.45565424E+01
  0.15353027E+01  0.45567476E+01
  0.15358660E+01  0.45568578E+01
  0.15364292E+01  0.45568730E+01
  0.15369925E+01  0.45567930E+01
  0.15375557E+01  0.45566178E+01
  0.15381190E+01  0.45563474E+01
  0.15386822E+01  0.45559816E+01
  0.15392456E+01  0.45555206E+01
  
