  0.00000000E+00  0.44824276E+01
  0.54998869E-03  0.44824832E+01
  0.10999774E-02  0.44824491E+01
  0.16499661E-02  0.44823255E+01
  0.21999547E-02  0.44821123E+01
  0.27499434E-02  0.44818092E+01
  0.32999321E-02  0.44814157E+01
  0.38499208E-02  0.44809314E+01
  0.43999095E-02  0.44803558E+01
  0.49498982E-02  0.44796886E+01
  0.54998869E-02  0.44789296E+01
  0.60498756E-02  0.44780786E+01
  0.65998642E-02  0.44771357E+01
  0.71498529E-02  0.44761009E+01
  0.76998416E-02  0.44749741E+01
  0.82498303E-02  0.44737556E+01
  0.87998190E-02  0.44724455E+01
  0.93498077E-02  0.44710439E+01
  0.98997964E-02  0.44695510E+01
  0.10449785E-01  0.44679671E+01
  0.10999774E-01  0.44662924E+01
  0.11549762E-01  0.44645272E+01
  0.12099751E-01  0.44626718E+01
  0.12649740E-01  0.44607264E+01
  0.13199728E-01  0.44586916E+01
  0.13749717E-01  0.44565677E+01
  0.14299706E-01  0.44543553E+01
  0.14849695E-01  0.44520547E+01
  0.15399683E-01  0.44496667E+01
  0.15949672E-01  0.44471919E+01
  0.16499661E-01  0.44446311E+01
  0.17049649E-01  0.44419850E+01
  0.17599638E-01  0.44392544E+01
  0.18149627E-01  0.44364400E+01
  0.18699615E-01  0.44335425E+01
  0.19249604E-01  0.44305623E+01
  0.19799593E-01  0.44274992E+01
  0.20349581E-01  0.44243529E+01
  0.20899570E-01  0.44211228E+01
  0.21449559E-01  0.44178084E+01
  0.21999547E-01  0.44144092E+01
  0.22549536E-01  0.44109253E+01
  0.23099525E-01  0.44073572E+01
  0.23649514E-01  0.44037056E+01
  0.24199502E-01  0.43999714E+01
  0.24749491E-01  0.43961557E+01
  0.25299480E-01  0.43922593E+01
  0.25849468E-01  0.43882832E+01
  0.26399457E-01  0.43842282E+01
  0.26949446E-01  0.43800949E+01
  0.27499434E-01  0.43758841E+01
  0.28049423E-01  0.43715964E+01
  0.28599412E-01  0.43672323E+01
  0.29149400E-01  0.43627924E+01
  0.29699389E-01  0.43582772E+01
  0.30249378E-01  0.43536873E+01
  0.30799366E-01  0.43490232E+01
  0.31349355E-01  0.43442855E+01
  0.31899344E-01  0.43394746E+01
  0.32449333E-01  0.43345911E+01
  0.32999321E-01  0.43296356E+01
  0.33549310E-01  0.43246086E+01
  0.34099299E-01  0.43195107E+01
  0.34649287E-01  0.43143425E+01
  0.35199276E-01  0.43091046E+01
  0.35749265E-01  0.43037976E+01
  0.36299253E-01  0.42984220E+01
  0.36849242E-01  0.42929786E+01
  0.37399231E-01  0.42874679E+01
  0.37949219E-01  0.42818906E+01
  0.38499208E-01  0.42762473E+01
  0.39049197E-01  0.42705387E+01
  0.39599185E-01  0.42647655E+01
  0.40149174E-01  0.42589283E+01
  0.40699163E-01  0.42530279E+01
  0.41249151E-01  0.42470649E+01
  0.41799140E-01  0.42410401E+01
  0.42349129E-01  0.42349541E+01
  0.42899118E-01  0.42288077E+01
  0.43449106E-01  0.42226016E+01
  0.43999095E-01  0.42163367E+01
  0.44549084E-01  0.42100136E+01
  0.45099072E-01  0.42036332E+01
  0.45649061E-01  0.41971963E+01
  0.46199050E-01  0.41907038E+01
  0.46749038E-01  0.41841565E+01
  0.47299027E-01  0.41775553E+01
  0.47849016E-01  0.41709012E+01
  0.48399004E-01  0.41641949E+01
  0.48948993E-01  0.41574375E+01
  0.49498982E-01  0.41506294E+01
  0.50048970E-01  0.41437714E+01
  0.50598959E-01  0.41368636E+01
  0.51148948E-01  0.41299060E+01
  0.51698937E-01  0.41228987E+01
  0.52248925E-01  0.41158420E+01
  0.52798914E-01  0.41087371E+01
  0.53348903E-01  0.41015860E+01
  0.53898891E-01  0.40943919E+01
  0.54448880E-01  0.40871591E+01
  0.54998869E-01  0.40798942E+01
  0.55548857E-01  0.40726099E+01
  0.56098846E-01  0.40653349E+01
  0.56648835E-01  0.40581530E+01
  0.57198823E-01  0.40513915E+01
  0.57748812E-01  0.40467627E+01
  0.58298801E-01  0.40408765E+01
  0.58848789E-01  0.40291591E+01
  0.59398778E-01  0.40205107E+01
  0.59948767E-01  0.40125242E+01
  0.60498756E-01  0.40046841E+01
  0.61048744E-01  0.39968729E+01
  0.61598733E-01  0.39890544E+01
  0.62148722E-01  0.39812146E+01
  0.62698710E-01  0.39733480E+01
  0.63248699E-01  0.39654517E+01
  0.63798688E-01  0.39575246E+01
  0.64348676E-01  0.39495665E+01
  0.64898665E-01  0.39415772E+01
  0.65448654E-01  0.39335571E+01
  0.65998642E-01  0.39255065E+01
  0.66548631E-01  0.39174258E+01
  0.67098620E-01  0.39093155E+01
  0.67648608E-01  0.39011762E+01
  0.68198597E-01  0.38930085E+01
  0.68748586E-01  0.38848128E+01
  0.69298575E-01  0.38765898E+01
  0.69848563E-01  0.38683401E+01
  0.70398552E-01  0.38600641E+01
  0.70948541E-01  0.38517625E+01
  0.71498529E-01  0.38434359E+01
  0.72048518E-01  0.38350847E+01
  0.72598507E-01  0.38267096E+01
  0.73148495E-01  0.38183110E+01
  0.73698484E-01  0.38098895E+01
  0.74248473E-01  0.38014455E+01
  0.74798461E-01  0.37929795E+01
  0.75348450E-01  0.37844918E+01
  0.75898439E-01  0.37759824E+01
  0.76448427E-01  0.37674514E+01
  0.76998416E-01  0.37588977E+01
  0.77548405E-01  0.37503186E+01
  0.78098393E-01  0.37417073E+01
  0.78648382E-01  0.37330515E+01
  0.79198371E-01  0.37243863E+01
  0.79748360E-01  0.37158125E+01
  0.80298348E-01  0.37072225E+01
  0.80848337E-01  0.36985820E+01
  0.81398326E-01  0.36899106E+01
  0.81948314E-01  0.36812178E+01
  0.82498303E-01  0.36725075E+01
  0.83048292E-01  0.36637816E+01
  0.83598280E-01  0.36550410E+01
  0.84148269E-01  0.36462863E+01
  0.84698258E-01  0.36375180E+01
  0.85248246E-01  0.36287367E+01
  0.85798235E-01  0.36199435E+01
  0.86348224E-01  0.36111407E+01
  0.86898212E-01  0.36023295E+01
  0.87448201E-01  0.35935090E+01
  0.87998190E-01  0.35846777E+01
  0.88548179E-01  0.35758357E+01
  0.89098167E-01  0.35669833E+01
  0.89648156E-01  0.35581213E+01
  0.90198145E-01  0.35492501E+01
  0.90748133E-01  0.35403704E+01
  0.91298122E-01  0.35314824E+01
  0.91848111E-01  0.35225867E+01
  0.92398099E-01  0.35136836E+01
  0.92948088E-01  0.35047735E+01
  0.93498077E-01  0.34958567E+01
  0.94048065E-01  0.34869337E+01
  0.94598054E-01  0.34780049E+01
  0.95148043E-01  0.34690706E+01
  0.95698031E-01  0.34601314E+01
  0.96248020E-01  0.34511879E+01
  0.96798009E-01  0.34422407E+01
  0.97347998E-01  0.34332907E+01
  0.97897986E-01  0.34243394E+01
  0.98447975E-01  0.34153883E+01
  0.98997964E-01  0.34064397E+01
  0.99547952E-01  0.33974951E+01
  0.10009794E+00  0.33885518E+01
  0.10064793E+00  0.33795981E+01
  0.10119792E+00  0.33706203E+01
  0.10174791E+00  0.33616196E+01
  0.10229790E+00  0.33526095E+01
  0.10284788E+00  0.33435998E+01
  0.10339787E+00  0.33345932E+01
  0.10394786E+00  0.33255898E+01
  0.10449785E+00  0.33165889E+01
  0.10504784E+00  0.33075897E+01
  0.10559783E+00  0.32985918E+01
  0.10614782E+00  0.32895950E+01
  0.10669781E+00  0.32805994E+01
  0.10724779E+00  0.32716048E+01
  0.10779778E+00  0.32626114E+01
  0.10834777E+00  0.32536193E+01
  0.10889776E+00  0.32446283E+01
  0.10944775E+00  0.32356383E+01
  0.10999774E+00  0.32266492E+01
  0.11054773E+00  0.32176604E+01
  0.11109771E+00  0.32086714E+01
  0.11164770E+00  0.31996814E+01
  0.11219769E+00  0.31906897E+01
  0.11274768E+00  0.31816955E+01
  0.11329767E+00  0.31726986E+01
  0.11384766E+00  0.31636990E+01
  0.11439765E+00  0.31546970E+01
  0.11494764E+00  0.31456936E+01
  0.11549762E+00  0.31366896E+01
  0.11604761E+00  0.31276864E+01
  0.11659760E+00  0.31186852E+01
  0.11714759E+00  0.31096875E+01
  0.11769758E+00  0.31006951E+01
  0.11824757E+00  0.30917102E+01
  0.11879756E+00  0.30827359E+01
  0.11934754E+00  0.30737771E+01
  0.11989753E+00  0.30648407E+01
  0.12044752E+00  0.30559331E+01
  0.12099751E+00  0.30470449E+01
  0.12154750E+00  0.30381145E+01
  0.12209749E+00  0.30290660E+01
  0.12264748E+00  0.30199530E+01
  0.12319747E+00  0.30108713E+01
  0.12374745E+00  0.30018470E+01
  0.12429744E+00  0.29928779E+01
  0.12484743E+00  0.29839366E+01
  0.12539742E+00  0.29749198E+01
  0.12594741E+00  0.29658577E+01
  0.12649740E+00  0.29568342E+01
  0.12704739E+00  0.29478412E+01
  0.12759738E+00  0.29388640E+01
  0.12814736E+00  0.29298958E+01
  0.12869735E+00  0.29209337E+01
  0.12924734E+00  0.29119762E+01
  0.12979733E+00  0.29030226E+01
  0.13034732E+00  0.28940726E+01
  0.13089731E+00  0.28851260E+01
  0.13144730E+00  0.28761826E+01
  0.13199728E+00  0.28672424E+01
  0.13254727E+00  0.28583053E+01
  0.13309726E+00  0.28493713E+01
  0.13364725E+00  0.28404405E+01
  0.13419724E+00  0.28315127E+01
  0.13474723E+00  0.28225880E+01
  0.13529722E+00  0.28136665E+01
  0.13584721E+00  0.28047480E+01
  0.13639719E+00  0.27958327E+01
  0.13694718E+00  0.27869205E+01
  0.13749717E+00  0.27780114E+01
  0.13804716E+00  0.27691055E+01
  0.13859715E+00  0.27602027E+01
  0.13914714E+00  0.27513030E+01
  0.13969713E+00  0.27424064E+01
  0.14024712E+00  0.27335130E+01
  0.14079710E+00  0.27246227E+01
  0.14134709E+00  0.27157355E+01
  0.14189708E+00  0.27068514E+01
  0.14244707E+00  0.26979703E+01
  0.14299706E+00  0.26890923E+01
  0.14354705E+00  0.26802174E+01
  0.14409704E+00  0.26713455E+01
  0.14464702E+00  0.26624766E+01
  0.14519701E+00  0.26536107E+01
  0.14574700E+00  0.26447478E+01
  0.14629699E+00  0.26358878E+01
  0.14684698E+00  0.26270308E+01
  0.14739697E+00  0.26181766E+01
  0.14794696E+00  0.26093253E+01
  0.14849695E+00  0.26004768E+01
  0.14904693E+00  0.25916311E+01
  0.14959692E+00  0.25827882E+01
  0.15014691E+00  0.25739479E+01
  0.15069690E+00  0.25651104E+01
  0.15124689E+00  0.25562755E+01
  0.15179688E+00  0.25474432E+01
  0.15234687E+00  0.25386134E+01
  0.15289685E+00  0.25297861E+01
  0.15344684E+00  0.25209613E+01
  0.15399683E+00  0.25121388E+01
  0.15454682E+00  0.25033186E+01
  0.15509681E+00  0.24945007E+01
  0.15564680E+00  0.24856850E+01
  0.15619679E+00  0.24768714E+01
  0.15674678E+00  0.24680599E+01
  0.15729676E+00  0.24592505E+01
  0.15784675E+00  0.24504431E+01
  0.15839674E+00  0.24416378E+01
  0.15894673E+00  0.24328344E+01
  0.15949672E+00  0.24240331E+01
  0.16004671E+00  0.24152338E+01
  0.16059670E+00  0.24064366E+01
  0.16114669E+00  0.23976416E+01
  0.16169667E+00  0.23888487E+01
  0.16224666E+00  0.23800581E+01
  0.16279665E+00  0.23712698E+01
  0.16334664E+00  0.23624839E+01
  0.16389663E+00  0.23537004E+01
  0.16444662E+00  0.23449196E+01
  0.16499661E+00  0.23361415E+01
  0.16554659E+00  0.23273662E+01
  0.16609658E+00  0.23185939E+01
  0.16664657E+00  0.23098247E+01
  0.16719656E+00  0.23010590E+01
  0.16774655E+00  0.22922969E+01
  0.16829654E+00  0.22835390E+01
  0.16884653E+00  0.22747856E+01
  0.16939652E+00  0.22660372E+01
  0.16994650E+00  0.22572943E+01
  0.17049649E+00  0.22485575E+01
  0.17104648E+00  0.22398271E+01
  0.17159647E+00  0.22311035E+01
  0.17214646E+00  0.22223869E+01
  0.17269645E+00  0.22136774E+01
  0.17324644E+00  0.22049753E+01
  0.17379642E+00  0.21962808E+01
  0.17434641E+00  0.21875944E+01
  0.17489640E+00  0.21789158E+01
  0.17544639E+00  0.21702435E+01
  0.17599638E+00  0.21615723E+01
  0.17654637E+00  0.21528935E+01
  0.17709636E+00  0.21441998E+01
  0.17764635E+00  0.21354935E+01
  0.17819633E+00  0.21267846E+01
  0.17874632E+00  0.21180818E+01
  0.17929631E+00  0.21093885E+01
  0.17984630E+00  0.21007051E+01
  0.18039629E+00  0.20920307E+01
  0.18094628E+00  0.20833648E+01
  0.18149627E+00  0.20747068E+01
  0.18204626E+00  0.20660563E+01
  0.18259624E+00  0.20574132E+01
  0.18314623E+00  0.20487773E+01
  0.18369622E+00  0.20401487E+01
  0.18424621E+00  0.20315273E+01
  0.18479620E+00  0.20229132E+01
  0.18534619E+00  0.20143064E+01
  0.18589618E+00  0.20057072E+01
  0.18644616E+00  0.19971157E+01
  0.18699615E+00  0.19885321E+01
  0.18754614E+00  0.19799565E+01
  0.18809613E+00  0.19713890E+01
  0.18864612E+00  0.19628297E+01
  0.18919611E+00  0.19542781E+01
  0.18974610E+00  0.19457337E+01
  0.19029609E+00  0.19371958E+01
  0.19084607E+00  0.19286633E+01
  0.19139606E+00  0.19201358E+01
  0.19194605E+00  0.19116132E+01
  0.19249604E+00  0.19030965E+01
  0.19304603E+00  0.18945870E+01
  0.19359602E+00  0.18860863E+01
  0.19414601E+00  0.18775958E+01
  0.19469600E+00  0.18691168E+01
  0.19524598E+00  0.18606503E+01
  0.19579597E+00  0.18521974E+01
  0.19634596E+00  0.18437591E+01
  0.19689595E+00  0.18353364E+01
  0.19744594E+00  0.18269308E+01
  0.19799593E+00  0.18185434E+01
  0.19854592E+00  0.18101757E+01
  0.19909590E+00  0.18018285E+01
  0.19964589E+00  0.17935018E+01
  0.20019588E+00  0.17851938E+01
  0.20074587E+00  0.17769000E+01
  0.20129586E+00  0.17686124E+01
  0.20184585E+00  0.17603208E+01
  0.20239584E+00  0.17520151E+01
  0.20294583E+00  0.17436896E+01
  0.20349581E+00  0.17353449E+01
  0.20404580E+00  0.17269873E+01
  0.20459579E+00  0.17186254E+01
  0.20514578E+00  0.17102676E+01
  0.20569577E+00  0.17019201E+01
  0.20624576E+00  0.16935867E+01
  0.20679575E+00  0.16852693E+01
  0.20734573E+00  0.16769688E+01
  0.20789572E+00  0.16686853E+01
  0.20844571E+00  0.16604189E+01
  0.20899570E+00  0.16521699E+01
  0.20954569E+00  0.16439392E+01
  0.21009568E+00  0.16357279E+01
  0.21064567E+00  0.16275381E+01
  0.21119566E+00  0.16193719E+01
  0.21174564E+00  0.16112317E+01
  0.21229563E+00  0.16031191E+01
  0.21284562E+00  0.15950349E+01
  0.21339561E+00  0.15869784E+01
  0.21394560E+00  0.15789476E+01
  0.21449559E+00  0.15709396E+01
  0.21504558E+00  0.15629511E+01
  0.21559557E+00  0.15549784E+01
  0.21614555E+00  0.15470187E+01
  0.21669554E+00  0.15390694E+01
  0.21724553E+00  0.15311289E+01
  0.21779552E+00  0.15231961E+01
  0.21834551E+00  0.15152709E+01
  0.21889550E+00  0.15073539E+01
  0.21944549E+00  0.14994463E+01
  0.21999547E+00  0.14915495E+01
  0.22054546E+00  0.14836652E+01
  0.22109545E+00  0.14757951E+01
  0.22164544E+00  0.14679408E+01
  0.22219543E+00  0.14601038E+01
  0.22274542E+00  0.14522851E+01
  0.22329541E+00  0.14444858E+01
  0.22384540E+00  0.14367067E+01
  0.22439538E+00  0.14289486E+01
  0.22494537E+00  0.14212120E+01
  0.22549536E+00  0.14134975E+01
  0.22604535E+00  0.14058058E+01
  0.22659534E+00  0.13981373E+01
  0.22714533E+00  0.13904925E+01
  0.22769532E+00  0.13828717E+01
  0.22824530E+00  0.13752754E+01
  0.22879529E+00  0.13677035E+01
  0.22934528E+00  0.13601562E+01
  0.22989527E+00  0.13526333E+01
  0.23044526E+00  0.13451346E+01
  0.23099525E+00  0.13376598E+01
  0.23154524E+00  0.13302087E+01
  0.23209523E+00  0.13227813E+01
  0.23264521E+00  0.13153774E+01
  0.23319520E+00  0.13079973E+01
  0.23374519E+00  0.13006414E+01
  0.23429518E+00  0.12933102E+01
  0.23484517E+00  0.12860043E+01
  0.23539516E+00  0.12787244E+01
  0.23594515E+00  0.12714713E+01
  0.23649514E+00  0.12642456E+01
  0.23704512E+00  0.12570479E+01
  0.23759511E+00  0.12498786E+01
  0.23814510E+00  0.12427380E+01
  0.23869509E+00  0.12356261E+01
  0.23924508E+00  0.12285427E+01
  0.23979507E+00  0.12214877E+01
  0.24034506E+00  0.12144606E+01
  0.24089504E+00  0.12074612E+01
  0.24144503E+00  0.12004889E+01
  0.24199502E+00  0.11935437E+01
  0.24254501E+00  0.11866253E+01
  0.24309500E+00  0.11797337E+01
  0.24364499E+00  0.11728691E+01
  0.24419498E+00  0.11660318E+01
  0.24474497E+00  0.11592226E+01
  0.24529495E+00  0.11524426E+01
  0.24584494E+00  0.11456934E+01
  0.24639493E+00  0.11389779E+01
  0.24694492E+00  0.11323008E+01
  0.24749491E+00  0.11256699E+01
  0.24804490E+00  0.11190970E+01
  0.24859489E+00  0.11125949E+01
  0.24914488E+00  0.11061506E+01
  0.24969486E+00  0.10996806E+01
  0.25024485E+00  0.10931135E+01
  0.25079484E+00  0.10864825E+01
  0.25134483E+00  0.10798211E+01
  0.25189482E+00  0.10731783E+01
  0.25244481E+00  0.10665936E+01
  0.25299480E+00  0.10600707E+01
  0.25354478E+00  0.10536000E+01
  0.25409477E+00  0.10471727E+01
  0.25464476E+00  0.10407832E+01
  0.25519475E+00  0.10344282E+01
  0.25574474E+00  0.10281060E+01
  0.25629473E+00  0.10218155E+01
  0.25684472E+00  0.10155561E+01
  0.25739471E+00  0.10093277E+01
  0.25794469E+00  0.10031299E+01
  0.25849468E+00  0.99696279E+00
  0.25904467E+00  0.99082623E+00
  0.25959466E+00  0.98472018E+00
  0.26014465E+00  0.97864458E+00
  0.26069464E+00  0.97259929E+00
  0.26124463E+00  0.96658410E+00
  0.26179461E+00  0.96059866E+00
  0.26234460E+00  0.95464251E+00
  0.26289459E+00  0.94871513E+00
  0.26344458E+00  0.94281623E+00
  0.26399457E+00  0.93694627E+00
  0.26454456E+00  0.93110710E+00
  0.26509455E+00  0.92530172E+00
  0.26564454E+00  0.91953256E+00
  0.26619452E+00  0.91379919E+00
  0.26674451E+00  0.90809875E+00
  0.26729450E+00  0.90242843E+00
  0.26784449E+00  0.89678694E+00
  0.26839448E+00  0.89117424E+00
  0.26894447E+00  0.88559081E+00
  0.26949446E+00  0.88003721E+00
  0.27004445E+00  0.87451389E+00
  0.27059443E+00  0.86902115E+00
  0.27114442E+00  0.86355919E+00
  0.27169441E+00  0.85812814E+00
  0.27224440E+00  0.85272809E+00
  0.27279439E+00  0.84735910E+00
  0.27334438E+00  0.84202125E+00
  0.27389437E+00  0.83671464E+00
  0.27444435E+00  0.83143941E+00
  0.27499434E+00  0.82619573E+00
  0.27554433E+00  0.82098380E+00
  0.27609432E+00  0.81580378E+00
  0.27664431E+00  0.81065576E+00
  0.27719430E+00  0.80553980E+00
  0.27774429E+00  0.80045588E+00
  0.27829428E+00  0.79540396E+00
  0.27884426E+00  0.79038398E+00
  0.27939425E+00  0.78539587E+00
  0.27994424E+00  0.78043959E+00
  0.28049423E+00  0.77551509E+00
  0.28104422E+00  0.77062234E+00
  0.28159421E+00  0.76576131E+00
  0.28214420E+00  0.76093198E+00
  0.28269418E+00  0.75613434E+00
  0.28324417E+00  0.75136835E+00
  0.28379416E+00  0.74663400E+00
  0.28434415E+00  0.74193127E+00
  0.28489414E+00  0.73726013E+00
  0.28544413E+00  0.73262055E+00
  0.28599412E+00  0.72801251E+00
  0.28654411E+00  0.72343596E+00
  0.28709409E+00  0.71889087E+00
  0.28764408E+00  0.71437721E+00
  0.28819407E+00  0.70989491E+00
  0.28874406E+00  0.70544394E+00
  0.28929405E+00  0.70102425E+00
  0.28984404E+00  0.69663577E+00
  0.29039403E+00  0.69227844E+00
  0.29094402E+00  0.68795222E+00
  0.29149400E+00  0.68365702E+00
  0.29204399E+00  0.67939277E+00
  0.29259398E+00  0.67515941E+00
  0.29314397E+00  0.67095687E+00
  0.29369396E+00  0.66678505E+00
  0.29424395E+00  0.66264388E+00
  0.29479394E+00  0.65853327E+00
  0.29534392E+00  0.65445314E+00
  0.29589391E+00  0.65040340E+00
  0.29644390E+00  0.64638396E+00
  0.29699389E+00  0.64239472E+00
  0.29754388E+00  0.63843560E+00
  0.29809387E+00  0.63450649E+00
  0.29864386E+00  0.63060731E+00
  0.29919385E+00  0.62673795E+00
  0.29974383E+00  0.62289832E+00
  0.30029382E+00  0.61908831E+00
  0.30084381E+00  0.61530784E+00
  0.30139380E+00  0.61155680E+00
  0.30194379E+00  0.60783510E+00
  0.30249378E+00  0.60414264E+00
  0.30304377E+00  0.60047934E+00
  0.30359375E+00  0.59684510E+00
  0.30414374E+00  0.59323985E+00
  0.30469373E+00  0.58966350E+00
  0.30524372E+00  0.58611600E+00
  0.30579371E+00  0.58259728E+00
  0.30634370E+00  0.57910730E+00
  0.30689369E+00  0.57564604E+00
  0.30744368E+00  0.57221348E+00
  0.30799366E+00  0.56880961E+00
  0.30854365E+00  0.56543445E+00
  0.30909364E+00  0.56208803E+00
  0.30964363E+00  0.55877039E+00
  0.31019362E+00  0.55548158E+00
  0.31074361E+00  0.55222166E+00
  0.31129360E+00  0.54899067E+00
  0.31184359E+00  0.54578866E+00
  0.31239357E+00  0.66374540E+00
  0.31294356E+00  0.66162868E+00
  0.31349355E+00  0.65952970E+00
  0.31404354E+00  0.65744859E+00
  0.31459353E+00  0.65538543E+00
  0.31514352E+00  0.65334031E+00
  0.31569351E+00  0.65131328E+00
  0.31624349E+00  0.64930439E+00
  0.31679348E+00  0.64731366E+00
  0.31734347E+00  0.64534110E+00
  0.31789346E+00  0.64338673E+00
  0.31844345E+00  0.64145054E+00
  0.31899344E+00  0.63953251E+00
  0.31954343E+00  0.63763261E+00
  0.32009342E+00  0.63575081E+00
  0.32064340E+00  0.63388704E+00
  0.32119339E+00  0.63204123E+00
  0.32174338E+00  0.63021329E+00
  0.32229337E+00  0.62840310E+00
  0.32284336E+00  0.62661053E+00
  0.32339335E+00  0.62483545E+00
  0.32394334E+00  0.62307774E+00
  0.32449333E+00  0.62133731E+00
  0.32504331E+00  0.61961409E+00
  0.32559330E+00  0.61790803E+00
  0.32614329E+00  0.61621909E+00
  0.32669328E+00  0.61454726E+00
  0.32724327E+00  0.61289247E+00
  0.32779326E+00  0.61125466E+00
  0.32834325E+00  0.60963375E+00
  0.32889323E+00  0.60802966E+00
  0.32944322E+00  0.60644236E+00
  0.32999321E+00  0.60487189E+00
  0.33054320E+00  0.60331843E+00
  0.33109319E+00  0.60178236E+00
  0.33164318E+00  0.60026431E+00
  0.33219317E+00  0.59876514E+00
  0.33274316E+00  0.59728587E+00
  0.33329314E+00  0.59582752E+00
  0.33384313E+00  0.59439087E+00
  0.33439312E+00  0.59297621E+00
  0.33494311E+00  0.59158324E+00
  0.33549310E+00  0.59021113E+00
  0.33604309E+00  0.58885871E+00
  0.33659308E+00  0.58752472E+00
  0.33714306E+00  0.58620801E+00
  0.33769305E+00  0.58490759E+00
  0.33824304E+00  0.58362264E+00
  0.33879303E+00  0.58235245E+00
  0.33934302E+00  0.58109628E+00
  0.33989301E+00  0.57985330E+00
  0.34044300E+00  0.57862249E+00
  0.34099299E+00  0.57740269E+00
  0.34154297E+00  0.57619271E+00
  0.34209296E+00  0.57499169E+00
  0.34264295E+00  0.57379991E+00
  0.34319294E+00  0.57261969E+00
  0.34374293E+00  0.57145590E+00
  0.34429292E+00  0.57031422E+00
  0.34484291E+00  0.56919734E+00
  0.34539290E+00  0.56810278E+00
  0.34594288E+00  0.56702542E+00
  0.34649287E+00  0.56596121E+00
  0.34704286E+00  0.56490849E+00
  0.34759285E+00  0.56386729E+00
  0.34814284E+00  0.56283838E+00
  0.34869283E+00  0.56182264E+00
  0.34924282E+00  0.56082081E+00
  0.34979280E+00  0.55983346E+00
  0.35034279E+00  0.55886097E+00
  0.35089278E+00  0.55790360E+00
  0.35144277E+00  0.55696150E+00
  0.35199276E+00  0.55603472E+00
  0.35254275E+00  0.55512330E+00
  0.35309274E+00  0.55422721E+00
  0.35364273E+00  0.55334641E+00
  0.35419271E+00  0.55248084E+00
  0.35474270E+00  0.55163041E+00
  0.35529269E+00  0.55079504E+00
  0.35584268E+00  0.54997464E+00
  0.35639267E+00  0.54916912E+00
  0.35694266E+00  0.54837837E+00
  0.35749265E+00  0.54760230E+00
  0.35804263E+00  0.54684080E+00
  0.35859262E+00  0.54609379E+00
  0.35914261E+00  0.54536115E+00
  0.35969260E+00  0.54464280E+00
  0.36024259E+00  0.54393864E+00
  0.36079258E+00  0.54324856E+00
  0.36134257E+00  0.54257250E+00
  0.36189256E+00  0.54191034E+00
  0.36244254E+00  0.54126200E+00
  0.36299253E+00  0.54062739E+00
  0.36354252E+00  0.54000642E+00
  0.36409251E+00  0.53939900E+00
  0.36464250E+00  0.53880504E+00
  0.36519249E+00  0.53822444E+00
  0.36574248E+00  0.53765711E+00
  0.36629247E+00  0.53710295E+00
  0.36684245E+00  0.53656189E+00
  0.36739244E+00  0.53603385E+00
  0.36794243E+00  0.53551879E+00
  0.36849242E+00  0.53501667E+00
  0.36904241E+00  0.53452748E+00
  0.36959240E+00  0.53405121E+00
  0.37014239E+00  0.53358779E+00
  0.37069237E+00  0.53313716E+00
  0.37124236E+00  0.53269924E+00
  0.37179235E+00  0.53227393E+00
  0.37234234E+00  0.53186115E+00
  0.37289233E+00  0.53146081E+00
  0.37344232E+00  0.53107282E+00
  0.37399231E+00  0.53069711E+00
  0.37454230E+00  0.53033359E+00
  0.37509228E+00  0.52998219E+00
  0.37564227E+00  0.52964284E+00
  0.37619226E+00  0.52931545E+00
  0.37674225E+00  0.52899996E+00
  0.37729224E+00  0.52869628E+00
  0.37784223E+00  0.52840434E+00
  0.37839222E+00  0.52812405E+00
  0.37894221E+00  0.52785533E+00
  0.37949219E+00  0.52759811E+00
  0.38004218E+00  0.52735229E+00
  0.38059217E+00  0.52711779E+00
  0.38114216E+00  0.52689451E+00
  0.38169215E+00  0.52668238E+00
  0.38224214E+00  0.52648130E+00
  0.38279213E+00  0.52629117E+00
  0.38334211E+00  0.52611192E+00
  0.38389210E+00  0.52594344E+00
  0.38444209E+00  0.52578565E+00
  0.38499208E+00  0.52563847E+00
  0.38554207E+00  0.52550180E+00
  0.38609206E+00  0.52537557E+00
  0.38664205E+00  0.52525970E+00
  0.38719204E+00  0.52515410E+00
  0.38774202E+00  0.52505869E+00
  0.38829201E+00  0.52497338E+00
  0.38884200E+00  0.52489807E+00
  0.38939199E+00  0.52483268E+00
  0.38994198E+00  0.52477710E+00
  0.39049197E+00  0.52473122E+00
  0.39104196E+00  0.52469494E+00
  0.39159194E+00  0.52466818E+00
  0.39214193E+00  0.52465085E+00
  0.39269192E+00  0.52464290E+00
  0.39324191E+00  0.52464430E+00
  0.39379190E+00  0.52465503E+00
  0.39434189E+00  0.52467510E+00
  0.39489188E+00  0.52470455E+00
  0.39544187E+00  0.52474338E+00
  0.39599185E+00  0.52479165E+00
  0.39654184E+00  0.52484935E+00
  0.39709183E+00  0.52491650E+00
  0.39764182E+00  0.52499308E+00
  0.39819181E+00  0.52507907E+00
  0.39874180E+00  0.52517443E+00
  0.39929179E+00  0.52527914E+00
  0.39984178E+00  0.52539319E+00
  0.40039176E+00  0.52551660E+00
  0.40094175E+00  0.52564945E+00
  0.40149174E+00  0.52579188E+00
  0.40204173E+00  0.52594414E+00
  0.40259172E+00  0.52610661E+00
  0.40314171E+00  0.52627983E+00
  0.40369170E+00  0.52646458E+00
  0.40424168E+00  0.52666192E+00
  0.40479167E+00  0.52687324E+00
  0.40534166E+00  0.52710026E+00
  0.40589165E+00  0.52734459E+00
  0.40644164E+00  0.52760656E+00
  0.40699163E+00  0.52788244E+00
  0.40754162E+00  0.52816102E+00
  0.40809161E+00  0.52842499E+00
  0.40864159E+00  0.52866298E+00
  0.40919158E+00  0.52888106E+00
  0.40974157E+00  0.52909609E+00
  0.41029156E+00  0.52932161E+00
  0.41084155E+00  0.52956339E+00
  0.41139154E+00  0.52982207E+00
  0.41194153E+00  0.53009632E+00
  0.41249151E+00  0.53038439E+00
  0.41304150E+00  0.53068476E+00
  0.41359149E+00  0.53099620E+00
  0.41414148E+00  0.53131777E+00
  0.41469147E+00  0.53164876E+00
  0.41524146E+00  0.53198858E+00
  0.41579145E+00  0.53233681E+00
  0.41634144E+00  0.53269307E+00
  0.41689142E+00  0.53305706E+00
  0.41744141E+00  0.53342852E+00
  0.41799140E+00  0.53380720E+00
  0.41854139E+00  0.53419291E+00
  0.41909138E+00  0.53458543E+00
  0.41964137E+00  0.53498457E+00
  0.42019136E+00  0.53539012E+00
  0.42074135E+00  0.53580187E+00
  0.42129133E+00  0.53621957E+00
  0.42184132E+00  0.53664295E+00
  0.42239131E+00  0.53707166E+00
  0.42294130E+00  0.53750532E+00
  0.42349129E+00  0.53794350E+00
  0.42404128E+00  0.53838596E+00
  0.42459127E+00  0.53883331E+00
  0.42514125E+00  0.53928939E+00
  0.42569124E+00  0.53976574E+00
  0.42624123E+00  0.54027818E+00
  0.42679122E+00  0.55726647E+00
  0.42734121E+00  0.55844102E+00
  0.42789120E+00  0.55959305E+00
  0.42844119E+00  0.56075232E+00
  0.42899118E+00  0.56192520E+00
  0.42954116E+00  0.56311038E+00
  0.43009115E+00  0.56430551E+00
  0.43064114E+00  0.56550871E+00
  0.43119113E+00  0.56671860E+00
  0.43174112E+00  0.56793425E+00
  0.43229111E+00  0.56915499E+00
  0.43284110E+00  0.57038035E+00
  0.43339109E+00  0.57160999E+00
  0.43394107E+00  0.57284364E+00
  0.43449106E+00  0.57408108E+00
  0.43504105E+00  0.57532214E+00
  0.43559104E+00  0.57656670E+00
  0.43614103E+00  0.57781463E+00
  0.43669102E+00  0.57906583E+00
  0.43724101E+00  0.58032020E+00
  0.43779099E+00  0.58157765E+00
  0.43834098E+00  0.58283811E+00
  0.43889097E+00  0.58410150E+00
  0.43944096E+00  0.58536775E+00
  0.43999095E+00  0.58663679E+00
  0.44054094E+00  0.58790854E+00
  0.44109093E+00  0.58918293E+00
  0.44164092E+00  0.59045991E+00
  0.44219090E+00  0.59173939E+00
  0.44274089E+00  0.59302131E+00
  0.44329088E+00  0.59430561E+00
  0.44384087E+00  0.59559220E+00
  0.44439086E+00  0.59688103E+00
  0.44494085E+00  0.59817202E+00
  0.44549084E+00  0.59946511E+00
  0.44604082E+00  0.60076023E+00
  0.44659081E+00  0.60205731E+00
  0.44714080E+00  0.60335629E+00
  0.44769079E+00  0.60465710E+00
  0.44824078E+00  0.60595968E+00
  0.44879077E+00  0.60726396E+00
  0.44934076E+00  0.60856989E+00
  0.44989075E+00  0.60987739E+00
  0.45044073E+00  0.61118640E+00
  0.45099072E+00  0.61249685E+00
  0.45154071E+00  0.61380868E+00
  0.45209070E+00  0.61512181E+00
  0.45264069E+00  0.61643617E+00
  0.45319068E+00  0.61775167E+00
  0.45374067E+00  0.61906823E+00
  0.45429066E+00  0.62038578E+00
  0.45484064E+00  0.62170421E+00
  0.45539063E+00  0.62302345E+00
  0.45594062E+00  0.62434339E+00
  0.45649061E+00  0.62566394E+00
  0.45704060E+00  0.62698501E+00
  0.45759059E+00  0.62830649E+00
  0.45814058E+00  0.62962827E+00
  0.45869056E+00  0.63095020E+00
  0.45924055E+00  0.63227205E+00
  0.45979054E+00  0.63359334E+00
  0.46034053E+00  0.63491287E+00
  0.46089052E+00  0.63623036E+00
  0.46144051E+00  0.63755319E+00
  0.46199050E+00  0.63887959E+00
  0.46254049E+00  0.64020469E+00
  0.46309047E+00  0.64152881E+00
  0.46364046E+00  0.64285249E+00
  0.46419045E+00  0.64417598E+00
  0.46474044E+00  0.64549922E+00
  0.46529043E+00  0.64682192E+00
  0.46584042E+00  0.64814347E+00
  0.46639041E+00  0.64946297E+00
  0.46694039E+00  0.65077939E+00
  0.46749038E+00  0.65209187E+00
  0.46804037E+00  0.65339996E+00
  0.46859036E+00  0.65470372E+00
  0.46914035E+00  0.65600360E+00
  0.46969034E+00  0.65730017E+00
  0.47024033E+00  0.65859398E+00
  0.47079032E+00  0.65988540E+00
  0.47134030E+00  0.66117465E+00
  0.47189029E+00  0.66246182E+00
  0.47244028E+00  0.66374692E+00
  0.47299027E+00  0.66502987E+00
  0.47354026E+00  0.66631059E+00
  0.47409025E+00  0.66758897E+00
  0.47464024E+00  0.66886489E+00
  0.47519023E+00  0.67013822E+00
  0.47574021E+00  0.67140885E+00
  0.47629020E+00  0.67267666E+00
  0.47684019E+00  0.67394153E+00
  0.47739018E+00  0.67520335E+00
  0.47794017E+00  0.67646201E+00
  0.47849016E+00  0.67771741E+00
  0.47904015E+00  0.67896945E+00
  0.47959013E+00  0.68021808E+00
  0.48014012E+00  0.68146327E+00
  0.48069011E+00  0.68270503E+00
  0.48124010E+00  0.68394347E+00
  0.48179009E+00  0.68517879E+00
  0.48234008E+00  0.68641129E+00
  0.48289007E+00  0.68764136E+00
  0.48344006E+00  0.68886942E+00
  0.48399004E+00  0.69009585E+00
  0.48454003E+00  0.69132086E+00
  0.48509002E+00  0.69254442E+00
  0.48564001E+00  0.69376626E+00
  0.48619000E+00  0.69498594E+00
  0.48673999E+00  0.69620291E+00
  0.48728998E+00  0.69741662E+00
  0.48783996E+00  0.69862658E+00
  0.48838995E+00  0.69983239E+00
  0.48893994E+00  0.70103373E+00
  0.48948993E+00  0.70223034E+00
  0.49003992E+00  0.70342201E+00
  0.49058991E+00  0.70460857E+00
  0.49113990E+00  0.70578983E+00
  0.49168989E+00  0.70696559E+00
  0.49223987E+00  0.70813564E+00
  0.49278986E+00  0.70929972E+00
  0.49333985E+00  0.71045751E+00
  0.49388984E+00  0.71160858E+00
  0.49443983E+00  0.71275242E+00
  0.49498982E+00  0.71388834E+00
  0.49553981E+00  0.71501541E+00
  0.49608980E+00  0.71613241E+00
  0.49663978E+00  0.71723776E+00
  0.49718977E+00  0.71832946E+00
  0.49773976E+00  0.71940528E+00
  0.49828975E+00  0.72046320E+00
  0.49883974E+00  0.72150197E+00
  0.49938973E+00  0.72252007E+00
  0.49993972E+00  0.72350919E+00
  0.50048970E+00  0.72444031E+00
  0.50103969E+00  0.72524166E+00
  0.50158968E+00  0.72577067E+00
  0.50213967E+00  0.72603762E+00
  0.50268966E+00  0.72748362E+00
  0.50323965E+00  0.72981888E+00
  0.50378964E+00  0.73147232E+00
  0.50433963E+00  0.73274659E+00
  0.50488961E+00  0.73388424E+00
  0.50543960E+00  0.73496689E+00
  0.50598959E+00  0.73602288E+00
  0.50653958E+00  0.73706321E+00
  0.50708957E+00  0.73809261E+00
  0.50763956E+00  0.73911327E+00
  0.50818955E+00  0.74012625E+00
  0.50873954E+00  0.74113209E+00
  0.50928952E+00  0.74213107E+00
  0.50983951E+00  0.74312331E+00
  0.51038950E+00  0.74410885E+00
  0.51093949E+00  0.74508771E+00
  0.51148948E+00  0.74605986E+00
  0.51203947E+00  0.74702527E+00
  0.51258946E+00  0.74798390E+00
  0.51313944E+00  0.74893570E+00
  0.51368943E+00  0.74988061E+00
  0.51423942E+00  0.75081860E+00
  0.51478941E+00  0.75174960E+00
  0.51533940E+00  0.75267357E+00
  0.51588939E+00  0.75359045E+00
  0.51643938E+00  0.75450020E+00
  0.51698937E+00  0.75540277E+00
  0.51753935E+00  0.75629809E+00
  0.51808934E+00  0.75718614E+00
  0.51863933E+00  0.75806685E+00
  0.51918932E+00  0.75894019E+00
  0.51973931E+00  0.75980610E+00
  0.52028930E+00  0.76066453E+00
  0.52083929E+00  0.76151546E+00
  0.52138927E+00  0.76235882E+00
  0.52193926E+00  0.76319457E+00
  0.52248925E+00  0.76402268E+00
  0.52303924E+00  0.76484309E+00
  0.52358923E+00  0.76565578E+00
  0.52413922E+00  0.76646069E+00
  0.52468921E+00  0.76725778E+00
  0.52523920E+00  0.76804702E+00
  0.52578918E+00  0.76882837E+00
  0.52633917E+00  0.76960179E+00
  0.52688916E+00  0.77036724E+00
  0.52743915E+00  0.77112467E+00
  0.52798914E+00  0.77187406E+00
  0.52853913E+00  0.77261536E+00
  0.52908912E+00  0.77334854E+00
  0.52963911E+00  0.77407356E+00
  0.53018909E+00  0.77479037E+00
  0.53073908E+00  0.77549895E+00
  0.53128907E+00  0.77619924E+00
  0.53183906E+00  0.77689123E+00
  0.53238905E+00  0.77757487E+00
  0.53293904E+00  0.77825012E+00
  0.53348903E+00  0.77891696E+00
  0.53403901E+00  0.77957537E+00
  0.53458900E+00  0.78022531E+00
  0.53513899E+00  0.78086677E+00
  0.53568898E+00  0.78149973E+00
  0.53623897E+00  0.78212420E+00
  0.53678896E+00  0.78274016E+00
  0.53733895E+00  0.78334761E+00
  0.53788894E+00  0.78394655E+00
  0.53843892E+00  0.78453700E+00
  0.53898891E+00  0.78511896E+00
  0.53953890E+00  0.78569243E+00
  0.54008889E+00  0.78625741E+00
  0.54063888E+00  0.78681391E+00
  0.54118887E+00  0.78736192E+00
  0.54173886E+00  0.78790144E+00
  0.54228884E+00  0.78843246E+00
  0.54283883E+00  0.78895496E+00
  0.54338882E+00  0.78946893E+00
  0.54393881E+00  0.78997435E+00
  0.54448880E+00  0.79047119E+00
  0.54503879E+00  0.79095944E+00
  0.54558878E+00  0.79143907E+00
  0.54613877E+00  0.79191007E+00
  0.54668875E+00  0.79237240E+00
  0.54723874E+00  0.79282606E+00
  0.54778873E+00  0.79327103E+00
  0.54833872E+00  0.79370733E+00
  0.54888871E+00  0.79413496E+00
  0.54943870E+00  0.79455392E+00
  0.54998902E+00  0.79496423E+00
  0.55053934E+00  0.79592598E+00
  0.55108967E+00  0.79686303E+00
  0.55163999E+00  0.79777554E+00
  0.55219031E+00  0.79866348E+00
  0.55274063E+00  0.79952676E+00
  0.55329096E+00  0.80036528E+00
  0.55384128E+00  0.80117898E+00
  0.55439160E+00  0.80196781E+00
  0.55494192E+00  0.80273177E+00
  0.55549225E+00  0.80347086E+00
  0.55604257E+00  0.80418511E+00
  0.55659289E+00  0.80487454E+00
  0.55714321E+00  0.80553918E+00
  0.55769354E+00  0.80617909E+00
  0.55824386E+00  0.80679430E+00
  0.55879418E+00  0.80738486E+00
  0.55934450E+00  0.80795083E+00
  0.55989483E+00  0.80849224E+00
  0.56044515E+00  0.80900916E+00
  0.56099547E+00  0.80950164E+00
  0.56154579E+00  0.80996973E+00
  0.56209612E+00  0.81041350E+00
  0.56264644E+00  0.81083299E+00
  0.56319676E+00  0.81122828E+00
  0.56374708E+00  0.81159943E+00
  0.56429741E+00  0.81194649E+00
  0.56484773E+00  0.81226954E+00
  0.56539805E+00  0.81256864E+00
  0.56594837E+00  0.81284385E+00
  0.56649870E+00  0.81309525E+00
  0.56704902E+00  0.81332291E+00
  0.56759934E+00  0.81352689E+00
  0.56814966E+00  0.81370727E+00
  0.56869998E+00  0.81386412E+00
  0.56925031E+00  0.81399751E+00
  0.56980063E+00  0.81410753E+00
  0.57035095E+00  0.81419424E+00
  0.57090127E+00  0.81425772E+00
  0.57145160E+00  0.81429805E+00
  0.57200192E+00  0.81431531E+00
  0.57255224E+00  0.81430957E+00
  0.57310256E+00  0.81428092E+00
  0.57365289E+00  0.81422943E+00
  0.57420321E+00  0.81415519E+00
  0.57475353E+00  0.81405827E+00
  0.57530385E+00  0.81393876E+00
  0.57585418E+00  0.81379673E+00
  0.57640450E+00  0.81363228E+00
  0.57695482E+00  0.81344547E+00
  0.57750514E+00  0.81323641E+00
  0.57805547E+00  0.81300516E+00
  0.57860579E+00  0.81275181E+00
  0.57915611E+00  0.81247645E+00
  0.57970643E+00  0.81217916E+00
  0.58025676E+00  0.81186002E+00
  0.58080708E+00  0.81151912E+00
  0.58135740E+00  0.81115654E+00
  0.58190772E+00  0.81077237E+00
  0.58245805E+00  0.81036669E+00
  0.58300837E+00  0.80993959E+00
  0.58355869E+00  0.80949114E+00
  0.58410901E+00  0.80902145E+00
  0.58465934E+00  0.80853058E+00
  0.58520966E+00  0.80801863E+00
  0.58575998E+00  0.80748568E+00
  0.58631030E+00  0.80693182E+00
  0.58686063E+00  0.80635713E+00
  0.58741095E+00  0.80576169E+00
  0.58796127E+00  0.80514559E+00
  0.58851159E+00  0.80450892E+00
  0.58906192E+00  0.80385175E+00
  0.58961224E+00  0.80317418E+00
  0.59016256E+00  0.80247628E+00
  0.59071288E+00  0.80175814E+00
  0.59126321E+00  0.80101985E+00
  0.59181353E+00  0.80026149E+00
  0.59236385E+00  0.79948314E+00
  0.59291417E+00  0.79868489E+00
  0.59346450E+00  0.79786683E+00
  0.59401482E+00  0.79702903E+00
  0.59456514E+00  0.79617159E+00
  0.59511546E+00  0.79529459E+00
  0.59566579E+00  0.79439812E+00
  0.59621611E+00  0.79348226E+00
  0.59676643E+00  0.79254711E+00
  0.59731675E+00  0.79159275E+00
  0.59786708E+00  0.79061928E+00
  0.59841740E+00  0.78962679E+00
  0.59896772E+00  0.78861537E+00
  0.59951804E+00  0.78758512E+00
  0.60006837E+00  0.78653614E+00
  0.60061869E+00  0.78546853E+00
  0.60116901E+00  0.78438239E+00
  0.60171933E+00  0.78327783E+00
  0.60226966E+00  0.78215496E+00
  0.60281998E+00  0.78101388E+00
  0.60337030E+00  0.77985472E+00
  0.60392062E+00  0.77867759E+00
  0.60447095E+00  0.77748262E+00
  0.60502127E+00  0.77626991E+00
  0.60557159E+00  0.77503961E+00
  0.60612191E+00  0.77379185E+00
  0.60667224E+00  0.77252674E+00
  0.60722256E+00  0.77124444E+00
  0.60777288E+00  0.76994509E+00
  0.60832320E+00  0.76862881E+00
  0.60887353E+00  0.76729576E+00
  0.60942385E+00  0.76594609E+00
  0.60997417E+00  0.76457994E+00
  0.61052449E+00  0.76319746E+00
  0.61107482E+00  0.76179882E+00
  0.61162514E+00  0.76038416E+00
  0.61217546E+00  0.75895364E+00
  0.61272578E+00  0.75750743E+00
  0.61327611E+00  0.75604569E+00
  0.61382643E+00  0.75456857E+00
  0.61437675E+00  0.75307625E+00
  0.61492707E+00  0.75156890E+00
  0.61547740E+00  0.75004667E+00
  0.61602772E+00  0.74850974E+00
  0.61657804E+00  0.74695828E+00
  0.61712836E+00  0.74539247E+00
  0.61767869E+00  0.74381247E+00
  0.61822901E+00  0.74221846E+00
  0.61877933E+00  0.74061062E+00
  0.61932965E+00  0.73898911E+00
  0.61987998E+00  0.73735411E+00
  0.62043030E+00  0.73570580E+00
  0.62098062E+00  0.73404434E+00
  0.62153094E+00  0.73236991E+00
  0.62208127E+00  0.73068269E+00
  0.62263159E+00  0.72898282E+00
  0.62318191E+00  0.72727049E+00
  0.62373223E+00  0.72554584E+00
  0.62428256E+00  0.72380903E+00
  0.62483288E+00  0.72206022E+00
  0.62538320E+00  0.72029954E+00
  0.62593352E+00  0.71852712E+00
  0.62648385E+00  0.71674307E+00
  0.62703417E+00  0.71494751E+00
  0.62758449E+00  0.71314052E+00
  0.62813481E+00  0.71132217E+00
  0.62868514E+00  0.70949248E+00
  0.62923546E+00  0.70765147E+00
  0.62978578E+00  0.70579910E+00
  0.63033610E+00  0.70393531E+00
  0.63088643E+00  0.70205997E+00
  0.63143675E+00  0.70017294E+00
  0.63198707E+00  0.69827407E+00
  0.63253739E+00  0.69636321E+00
  0.63308772E+00  0.69444038E+00
  0.63363804E+00  0.69250583E+00
  0.63418836E+00  0.69056019E+00
  0.63473868E+00  0.68860454E+00
  0.63528901E+00  0.68664032E+00
  0.63583933E+00  0.68466908E+00
  0.63638965E+00  0.68269233E+00
  0.63693997E+00  0.68071148E+00
  0.63749030E+00  0.67872783E+00
  0.63804062E+00  0.67674239E+00
  0.63859094E+00  0.67475545E+00
  0.63914126E+00  0.67276645E+00
  0.63969159E+00  0.67077407E+00
  0.64024191E+00  0.66877661E+00
  0.64079223E+00  0.66677243E+00
  0.64134255E+00  0.66476022E+00
  0.64189288E+00  0.66273907E+00
  0.64244320E+00  0.66070846E+00
  0.64299352E+00  0.65866817E+00
  0.64354384E+00  0.65661815E+00
  0.64409417E+00  0.65455850E+00
  0.64464449E+00  0.65248935E+00
  0.64519481E+00  0.65041089E+00
  0.64574513E+00  0.64832332E+00
  0.64629546E+00  0.64622682E+00
  0.64684578E+00  0.64412157E+00
  0.64739610E+00  0.64200776E+00
  0.64794642E+00  0.63988555E+00
  0.64849675E+00  0.63775511E+00
  0.64904707E+00  0.63561660E+00
  0.64959739E+00  0.63347018E+00
  0.65014771E+00  0.63131601E+00
  0.65069804E+00  0.62915424E+00
  0.65124836E+00  0.62698502E+00
  0.65179868E+00  0.62480853E+00
  0.65234900E+00  0.62262491E+00
  0.65289933E+00  0.62043433E+00
  0.65344965E+00  0.61823696E+00
  0.65399997E+00  0.61603296E+00
  0.65455029E+00  0.61382250E+00
  0.65510062E+00  0.61160575E+00
  0.65565094E+00  0.60938289E+00
  0.65620126E+00  0.60715408E+00
  0.65675158E+00  0.60491951E+00
  0.65730191E+00  0.60267935E+00
  0.65785223E+00  0.60043377E+00
  0.65840255E+00  0.59818296E+00
  0.65895287E+00  0.59592709E+00
  0.65950320E+00  0.59366635E+00
  0.66005352E+00  0.59140090E+00
  0.66060384E+00  0.58913092E+00
  0.66115416E+00  0.58685659E+00
  0.66170449E+00  0.58457809E+00
  0.66225481E+00  0.58229559E+00
  0.66280513E+00  0.58000927E+00
  0.66335545E+00  0.57771929E+00
  0.66390578E+00  0.57542584E+00
  0.66445610E+00  0.57312908E+00
  0.66500642E+00  0.57082918E+00
  0.66555674E+00  0.56852632E+00
  0.66610707E+00  0.56622066E+00
  0.66665739E+00  0.56391238E+00
  0.66720771E+00  0.56160164E+00
  0.66775803E+00  0.55928862E+00
  0.66830836E+00  0.55697347E+00
  0.66885868E+00  0.55465639E+00
  0.66940900E+00  0.55233752E+00
  0.66995932E+00  0.55001705E+00
  0.67050965E+00  0.54769514E+00
  0.67105997E+00  0.54537197E+00
  0.67161029E+00  0.54304772E+00
  0.67216061E+00  0.54072254E+00
  0.67271094E+00  0.53839663E+00
  0.67326126E+00  0.53607014E+00
  0.67381158E+00  0.53374325E+00
  0.67436190E+00  0.53141612E+00
  0.67491223E+00  0.52908890E+00
  0.67546255E+00  0.52676176E+00
  0.67601287E+00  0.52443482E+00
  0.67656319E+00  0.52210821E+00
  0.67711352E+00  0.51978204E+00
  0.67766384E+00  0.51745642E+00
  0.67821416E+00  0.51513141E+00
  0.67876448E+00  0.51280710E+00
  0.67931481E+00  0.51048352E+00
  0.67986513E+00  0.50816073E+00
  0.68041545E+00  0.50583877E+00
  0.68096577E+00  0.50351770E+00
  0.68151610E+00  0.50119757E+00
  0.68206642E+00  0.49887846E+00
  0.68261674E+00  0.49656046E+00
  0.68316706E+00  0.49424369E+00
  0.68371739E+00  0.49192827E+00
  0.68426771E+00  0.48961435E+00
  0.68481803E+00  0.48730208E+00
  0.68536835E+00  0.48499162E+00
  0.68591867E+00  0.48268313E+00
  0.68646900E+00  0.48037676E+00
  0.68701932E+00  0.47807267E+00
  0.68756964E+00  0.47577100E+00
  0.68811996E+00  0.47347187E+00
  0.68867029E+00  0.47117540E+00
  0.68922061E+00  0.46888170E+00
  0.68977093E+00  0.46659087E+00
  0.69032125E+00  0.46430301E+00
  0.69087158E+00  0.46201822E+00
  0.69142190E+00  0.45973658E+00
  0.69197222E+00  0.45745822E+00
  0.69252254E+00  0.45518324E+00
  0.69307287E+00  0.45291178E+00
  0.69362319E+00  0.45064401E+00
  0.69417351E+00  0.44838013E+00
  0.69472383E+00  0.44612042E+00
  0.69527416E+00  0.44386522E+00
  0.69582448E+00  0.44161504E+00
  0.69637480E+00  0.43937057E+00
  0.69692512E+00  0.43713279E+00
  0.69747545E+00  0.43490298E+00
  0.69802577E+00  0.43268231E+00
  0.69857609E+00  0.43047016E+00
  0.69912641E+00  0.42826115E+00
  0.69967674E+00  0.42604553E+00
  0.70022706E+00  0.42381874E+00
  0.70077738E+00  0.42158635E+00
  0.70132770E+00  0.41935554E+00
  0.70187803E+00  0.41712918E+00
  0.70242835E+00  0.41490686E+00
  0.70297867E+00  0.41268766E+00
  0.70352899E+00  0.41047384E+00
  0.70407932E+00  0.40827471E+00
  0.70462964E+00  0.40610026E+00
  0.70517996E+00  0.40394589E+00
  0.70573028E+00  0.40179874E+00
  0.70628061E+00  0.39965234E+00
  0.70683093E+00  0.39750638E+00
  0.70738125E+00  0.39536247E+00
  0.70793157E+00  0.39322234E+00
  0.70848190E+00  0.39108737E+00
  0.70903222E+00  0.38895860E+00
  0.70958254E+00  0.38683679E+00
  0.71013286E+00  0.38472242E+00
  0.71068319E+00  0.38261583E+00
  0.71123351E+00  0.38051723E+00
  0.71178383E+00  0.37842676E+00
  0.71233415E+00  0.37634454E+00
  0.71288448E+00  0.37427067E+00
  0.71343480E+00  0.37220526E+00
  0.71398512E+00  0.37014840E+00
  0.71453544E+00  0.36810024E+00
  0.71508577E+00  0.36606090E+00
  0.71563609E+00  0.36403054E+00
  0.71618641E+00  0.36200930E+00
  0.71673673E+00  0.35999737E+00
  0.71728706E+00  0.35799493E+00
  0.71783738E+00  0.35600216E+00
  0.71838770E+00  0.35401928E+00
  0.71893802E+00  0.35204651E+00
  0.71948835E+00  0.35008407E+00
  0.72003867E+00  0.34813221E+00
  0.72058899E+00  0.34619119E+00
  0.72113931E+00  0.34426126E+00
  0.72168964E+00  0.34234272E+00
  0.72223996E+00  0.34043583E+00
  0.72279028E+00  0.33854089E+00
  0.72334060E+00  0.33665816E+00
  0.72389093E+00  0.33478786E+00
  0.72444125E+00  0.33293015E+00
  0.72499157E+00  0.33108505E+00
  0.72554189E+00  0.32925238E+00
  0.72609222E+00  0.32743167E+00
  0.72664254E+00  0.32562202E+00
  0.72719286E+00  0.32382208E+00
  0.72774318E+00  0.32202999E+00
  0.72829351E+00  0.32024359E+00
  0.72884383E+00  0.31846071E+00
  0.72939415E+00  0.31667969E+00
  0.72994447E+00  0.31489975E+00
  0.73049480E+00  0.31312133E+00
  0.73104512E+00  0.31134589E+00
  0.73159544E+00  0.30957558E+00
  0.73214576E+00  0.30781269E+00
  0.73269609E+00  0.30605930E+00
  0.73324641E+00  0.30431704E+00
  0.73379673E+00  0.30258704E+00
  0.73434705E+00  0.30087000E+00
  0.73489738E+00  0.29916626E+00
  0.73544770E+00  0.29747598E+00
  0.73599802E+00  0.29579913E+00
  0.73654834E+00  0.29413563E+00
  0.73709867E+00  0.29248533E+00
  0.73764899E+00  0.29084802E+00
  0.73819931E+00  0.28922347E+00
  0.73874963E+00  0.28761138E+00
  0.73929996E+00  0.53441675E+00
  0.73985028E+00  0.53328371E+00
  0.74040060E+00  0.53215907E+00
  0.74095092E+00  0.53104198E+00
  0.74150125E+00  0.52993146E+00
  0.74205157E+00  0.52882655E+00
  0.74260189E+00  0.52772647E+00
  0.74315221E+00  0.52663090E+00
  0.74370254E+00  0.52554028E+00
  0.74425286E+00  0.52445597E+00
  0.74480318E+00  0.52338017E+00
  0.74535350E+00  0.52231548E+00
  0.74590383E+00  0.52126434E+00
  0.74645415E+00  0.52022857E+00
  0.74700447E+00  0.51920911E+00
  0.74755479E+00  0.51820609E+00
  0.74810512E+00  0.51721913E+00
  0.74865544E+00  0.51624752E+00
  0.74920576E+00  0.51529053E+00
  0.74975608E+00  0.51434747E+00
  0.75030641E+00  0.51341779E+00
  0.75085673E+00  0.51250106E+00
  0.75140705E+00  0.51159699E+00
  0.75195737E+00  0.51070538E+00
  0.75250770E+00  0.50982610E+00
  0.75305802E+00  0.50895904E+00
  0.75360834E+00  0.50810406E+00
  0.75415866E+00  0.50726102E+00
  0.75470899E+00  0.50642969E+00
  0.75525931E+00  0.50560983E+00
  0.75580963E+00  0.50480113E+00
  0.75635995E+00  0.50400329E+00
  0.75691028E+00  0.50321601E+00
  0.75746060E+00  0.50243902E+00
  0.75801092E+00  0.50167212E+00
  0.75856124E+00  0.50091514E+00
  0.75911157E+00  0.50016799E+00
  0.75966189E+00  0.49943063E+00
  0.76021221E+00  0.49870306E+00
  0.76076253E+00  0.49798529E+00
  0.76131286E+00  0.49727739E+00
  0.76186318E+00  0.49657939E+00
  0.76241350E+00  0.49589137E+00
  0.76296382E+00  0.49521338E+00
  0.76351415E+00  0.49454547E+00
  0.76406447E+00  0.49388769E+00
  0.76461479E+00  0.49324008E+00
  0.76516511E+00  0.49260268E+00
  0.76571544E+00  0.49197551E+00
  0.76626576E+00  0.49135860E+00
  0.76681608E+00  0.49075196E+00
  0.76736640E+00  0.49015560E+00
  0.76791673E+00  0.48956952E+00
  0.76846705E+00  0.48899372E+00
  0.76901737E+00  0.48842820E+00
  0.76956769E+00  0.48787294E+00
  0.77011802E+00  0.48732793E+00
  0.77066834E+00  0.48679314E+00
  0.77121866E+00  0.48626856E+00
  0.77176898E+00  0.48575413E+00
  0.77231931E+00  0.48524983E+00
  0.77286963E+00  0.48475560E+00
  0.77341995E+00  0.48427139E+00
  0.77397027E+00  0.48379713E+00
  0.77452060E+00  0.48333273E+00
  0.77507092E+00  0.48287810E+00
  0.77562124E+00  0.48243315E+00
  0.77617156E+00  0.48199776E+00
  0.77672189E+00  0.48157184E+00
  0.77727221E+00  0.48115530E+00
  0.77782253E+00  0.48074806E+00
  0.77837285E+00  0.48035009E+00
  0.77892318E+00  0.47996141E+00
  0.77947350E+00  0.47958205E+00
  0.78002382E+00  0.47921208E+00
  0.78057414E+00  0.47885158E+00
  0.78112447E+00  0.47850060E+00
  0.78167479E+00  0.47815917E+00
  0.78222511E+00  0.47782728E+00
  0.78277543E+00  0.47750489E+00
  0.78332576E+00  0.47719194E+00
  0.78387608E+00  0.47688838E+00
  0.78442640E+00  0.47659420E+00
  0.78497672E+00  0.47630945E+00
  0.78552705E+00  0.47603426E+00
  0.78607737E+00  0.47576891E+00
  0.78662769E+00  0.47551382E+00
  0.78717801E+00  0.47526958E+00
  0.78772834E+00  0.47503691E+00
  0.78827866E+00  0.47481660E+00
  0.78882898E+00  0.47460937E+00
  0.78937930E+00  0.47441571E+00
  0.78992963E+00  0.47423570E+00
  0.79047995E+00  0.47406896E+00
  0.79103027E+00  0.47391462E+00
  0.79158059E+00  0.47377153E+00
  0.79213092E+00  0.47363843E+00
  0.79268124E+00  0.47351416E+00
  0.79323156E+00  0.47339776E+00
  0.79378188E+00  0.47328856E+00
  0.79433221E+00  0.47318613E+00
  0.79488253E+00  0.47309023E+00
  0.79543285E+00  0.47300077E+00
  0.79598317E+00  0.47291775E+00
  0.79653350E+00  0.47284122E+00
  0.79708382E+00  0.47277127E+00
  0.79763414E+00  0.47270797E+00
  0.79818446E+00  0.47265143E+00
  0.79873479E+00  0.47260175E+00
  0.79928511E+00  0.47255906E+00
  0.79983543E+00  0.47252348E+00
  0.80038575E+00  0.47249519E+00
  0.80093608E+00  0.47247438E+00
  0.80148640E+00  0.47246131E+00
  0.80203672E+00  0.47245621E+00
  0.80258704E+00  0.47245938E+00
  0.80313737E+00  0.47247106E+00
  0.80368769E+00  0.47249146E+00
  0.80423801E+00  0.47252070E+00
  0.80478833E+00  0.47255878E+00
  0.80533865E+00  0.47260558E+00
  0.80588898E+00  0.47266087E+00
  0.80643930E+00  0.47272432E+00
  0.80698962E+00  0.47279555E+00
  0.80753994E+00  0.47287415E+00
  0.80809027E+00  0.47295973E+00
  0.80864059E+00  0.47305194E+00
  0.80919091E+00  0.47315049E+00
  0.80974123E+00  0.47325513E+00
  0.81029156E+00  0.47336567E+00
  0.81084188E+00  0.47348196E+00
  0.81139220E+00  0.47360389E+00
  0.81194252E+00  0.47373136E+00
  0.81249285E+00  0.47386431E+00
  0.81304317E+00  0.47400268E+00
  0.81359349E+00  0.47414643E+00
  0.81414381E+00  0.47429550E+00
  0.81469414E+00  0.47444986E+00
  0.81524446E+00  0.47460947E+00
  0.81579478E+00  0.47477428E+00
  0.81634510E+00  0.47494424E+00
  0.81689543E+00  0.47511933E+00
  0.81744575E+00  0.47529948E+00
  0.81799607E+00  0.47548466E+00
  0.81854639E+00  0.47567481E+00
  0.81909672E+00  0.47586988E+00
  0.81964704E+00  0.47606984E+00
  0.82019736E+00  0.47627464E+00
  0.82074768E+00  0.47648422E+00
  0.82129801E+00  0.47669854E+00
  0.82184833E+00  0.47691757E+00
  0.82239865E+00  0.47714126E+00
  0.82294897E+00  0.47736958E+00
  0.82349930E+00  0.47760251E+00
  0.82404962E+00  0.47783999E+00
  0.82459994E+00  0.47808202E+00
  0.82515026E+00  0.47832855E+00
  0.82570059E+00  0.47857955E+00
  0.82625091E+00  0.47883495E+00
  0.82680123E+00  0.47909468E+00
  0.82735155E+00  0.47935861E+00
  0.82790188E+00  0.47962652E+00
  0.82845220E+00  0.47989812E+00
  0.82900252E+00  0.48017295E+00
  0.82955284E+00  0.48045037E+00
  0.83010317E+00  0.48072953E+00
  0.83065349E+00  0.48100943E+00
  0.83120381E+00  0.48128902E+00
  0.83175413E+00  0.48156744E+00
  0.83230446E+00  0.48184442E+00
  0.83285478E+00  0.48212065E+00
  0.83340510E+00  0.48239793E+00
  0.83395542E+00  0.48267877E+00
  0.83450575E+00  0.48296508E+00
  0.83505607E+00  0.48325496E+00
  0.83560639E+00  0.48353648E+00
  0.83615671E+00  0.48378168E+00
  0.83670704E+00  0.48396197E+00
  0.83725736E+00  0.48409620E+00
  0.83780768E+00  0.48424563E+00
  0.83835800E+00  0.48444307E+00
  0.83890833E+00  0.48468241E+00
  0.83945865E+00  0.48494812E+00
  0.84000897E+00  0.48522878E+00
  0.84055929E+00  0.48551780E+00
  0.84110962E+00  0.48581163E+00
  0.84165994E+00  0.48610832E+00
  0.84221026E+00  0.48640682E+00
  0.84276058E+00  0.48670648E+00
  0.84331091E+00  0.48700690E+00
  0.84386123E+00  0.48730781E+00
  0.84441155E+00  0.48760897E+00
  0.84496187E+00  0.48791018E+00
  0.84551220E+00  0.48821124E+00
  0.84606252E+00  0.48851193E+00
  0.84661284E+00  0.48881204E+00
  0.84716316E+00  0.48911134E+00
  0.84771349E+00  0.48940958E+00
  0.84826381E+00  0.48970655E+00
  0.84881413E+00  0.49000199E+00
  0.84936445E+00  0.49029570E+00
  0.84991478E+00  0.49058746E+00
  0.85046510E+00  0.49087709E+00
  0.85101542E+00  0.49116440E+00
  0.85156574E+00  0.49144922E+00
  0.85211607E+00  0.49173141E+00
  0.85266639E+00  0.49201082E+00
  0.85321671E+00  0.49228729E+00
  0.85376703E+00  0.49256069E+00
  0.85431736E+00  0.49283087E+00
  0.85486768E+00  0.49309768E+00
  0.85541800E+00  0.49336096E+00
  0.85596832E+00  0.49362055E+00
  0.85651865E+00  0.49387627E+00
  0.85706897E+00  0.49412794E+00
  0.85761929E+00  0.49437538E+00
  0.85816961E+00  0.49461836E+00
  0.85871994E+00  0.49485669E+00
  0.85927026E+00  0.49509015E+00
  0.85982058E+00  0.49531850E+00
  0.86037090E+00  0.49554151E+00
  0.86092123E+00  0.49575895E+00
  0.86147155E+00  0.49597055E+00
  0.86202187E+00  0.49617609E+00
  0.86257219E+00  0.49637529E+00
  0.86312252E+00  0.49656792E+00
  0.86367284E+00  0.49675371E+00
  0.86422316E+00  0.49693240E+00
  0.86477348E+00  0.49710371E+00
  0.86532381E+00  0.49726731E+00
  0.86587413E+00  0.49742286E+00
  0.86642445E+00  0.49757008E+00
  0.86697477E+00  0.49770959E+00
  0.86752462E+00  0.49784377E+00
  0.86807447E+00  0.49752454E+00
  0.86862431E+00  0.49719715E+00
  0.86917416E+00  0.49686385E+00
  0.86972400E+00  0.49652439E+00
  0.87027385E+00  0.49617803E+00
  0.87082370E+00  0.49582424E+00
  0.87137354E+00  0.49546264E+00
  0.87192339E+00  0.49509295E+00
  0.87247323E+00  0.49471501E+00
  0.87302308E+00  0.49432869E+00
  0.87357293E+00  0.49393391E+00
  0.87412277E+00  0.49353063E+00
  0.87467262E+00  0.49311878E+00
  0.87522246E+00  0.49269832E+00
  0.87577231E+00  0.49226920E+00
  0.87632216E+00  0.49183135E+00
  0.87687200E+00  0.49138470E+00
  0.87742185E+00  0.49092917E+00
  0.87797169E+00  0.49046469E+00
  0.87852154E+00  0.48999116E+00
  0.87907139E+00  0.48950849E+00
  0.87962123E+00  0.48901661E+00
  0.88017108E+00  0.48851542E+00
  0.88072092E+00  0.48800484E+00
  0.88127077E+00  0.48748480E+00
  0.88182062E+00  0.48695523E+00
  0.88237046E+00  0.48641606E+00
  0.88292031E+00  0.48586724E+00
  0.88347015E+00  0.48530873E+00
  0.88402000E+00  0.48474048E+00
  0.88456985E+00  0.48416244E+00
  0.88511969E+00  0.48357454E+00
  0.88566954E+00  0.48297669E+00
  0.88621939E+00  0.48236870E+00
  0.88676923E+00  0.48175023E+00
  0.88731908E+00  0.48112069E+00
  0.88786892E+00  0.48047915E+00
  0.88841877E+00  0.47982417E+00
  0.88896862E+00  0.47915384E+00
  0.88951846E+00  0.47846591E+00
  0.89006831E+00  0.47775832E+00
  0.89061815E+00  0.47702979E+00
  0.89116800E+00  0.47628038E+00
  0.89171785E+00  0.47551137E+00
  0.89226769E+00  0.47472467E+00
  0.89281754E+00  0.47392219E+00
  0.89336738E+00  0.47310540E+00
  0.89391723E+00  0.47227530E+00
  0.89446708E+00  0.47143262E+00
  0.89501692E+00  0.47057810E+00
  0.89556677E+00  0.46971263E+00
  0.89611661E+00  0.46883726E+00
  0.89666646E+00  0.46795312E+00
  0.89721631E+00  0.46706106E+00
  0.89776615E+00  0.46616150E+00
  0.89831600E+00  0.46525419E+00
  0.89886584E+00  0.46433823E+00
  0.89941569E+00  0.46341229E+00
  0.89996554E+00  0.46247485E+00
  0.90051538E+00  0.46152442E+00
  0.90106523E+00  0.46055973E+00
  0.90161507E+00  0.45957977E+00
  0.90216492E+00  0.45858382E+00
  0.90271477E+00  0.45757138E+00
  0.90326461E+00  0.45654215E+00
  0.90381446E+00  0.45549592E+00
  0.90436430E+00  0.45443260E+00
  0.90491415E+00  0.45335212E+00
  0.90546400E+00  0.45225448E+00
  0.90601384E+00  0.45113966E+00
  0.90656369E+00  0.45000766E+00
  0.90711353E+00  0.44885846E+00
  0.90766338E+00  0.44769206E+00
  0.90821323E+00  0.44650845E+00
  0.90876307E+00  0.44530759E+00
  0.90931292E+00  0.44408946E+00
  0.90986276E+00  0.44285403E+00
  0.91041261E+00  0.44160124E+00
  0.91096246E+00  0.44033106E+00
  0.91151230E+00  0.43904342E+00
  0.91206215E+00  0.43773828E+00
  0.91261200E+00  0.43641557E+00
  0.91316184E+00  0.43507523E+00
  0.91371169E+00  0.43371721E+00
  0.91426153E+00  0.43234142E+00
  0.91481138E+00  0.43094781E+00
  0.91536123E+00  0.42953631E+00
  0.91591107E+00  0.42810684E+00
  0.91646092E+00  0.42665934E+00
  0.91701076E+00  0.42519374E+00
  0.91756061E+00  0.42370998E+00
  0.91811046E+00  0.42220797E+00
  0.91866030E+00  0.42068766E+00
  0.91921015E+00  0.41914898E+00
  0.91975999E+00  0.41759187E+00
  0.92030984E+00  0.41601625E+00
  0.92085969E+00  0.41442206E+00
  0.92140953E+00  0.41280924E+00
  0.92195938E+00  0.41117772E+00
  0.92250922E+00  0.40952744E+00
  0.92305907E+00  0.40785832E+00
  0.92360892E+00  0.40617031E+00
  0.92415876E+00  0.40446333E+00
  0.92470861E+00  0.40273731E+00
  0.92525845E+00  0.40099218E+00
  0.92580830E+00  0.39922786E+00
  0.92635815E+00  0.39744427E+00
  0.92690799E+00  0.39564134E+00
  0.92745784E+00  0.39381897E+00
  0.92800768E+00  0.39197708E+00
  0.92855753E+00  0.39011558E+00
  0.92910738E+00  0.38823436E+00
  0.92965722E+00  0.38633334E+00
  0.93020707E+00  0.38441239E+00
  0.93075691E+00  0.38247141E+00
  0.93130676E+00  0.38051028E+00
  0.93185661E+00  0.37852887E+00
  0.93240645E+00  0.37652706E+00
  0.93295630E+00  0.37450470E+00
  0.93350614E+00  0.37246167E+00
  0.93405599E+00  0.37039782E+00
  0.93460584E+00  0.36831302E+00
  0.93515568E+00  0.36620716E+00
  0.93570553E+00  0.36408014E+00
  0.93625537E+00  0.36193191E+00
  0.93680522E+00  0.35976247E+00
  0.93735507E+00  0.35757189E+00
  0.93790491E+00  0.35536037E+00
  0.93845476E+00  0.35312821E+00
  0.93900460E+00  0.35087585E+00
  0.93955445E+00  0.34860389E+00
  0.94010430E+00  0.34631299E+00
  0.94065414E+00  0.34400392E+00
  0.94120399E+00  0.34167739E+00
  0.94175384E+00  0.33933397E+00
  0.94230368E+00  0.33697404E+00
  0.94285353E+00  0.33459768E+00
  0.94340337E+00  0.33220467E+00
  0.94395322E+00  0.32979453E+00
  0.94450307E+00  0.32736659E+00
  0.94505291E+00  0.32492008E+00
  0.94560276E+00  0.32245421E+00
  0.94615260E+00  0.31996824E+00
  0.94670245E+00  0.31746150E+00
  0.94725230E+00  0.31493342E+00
  0.94780214E+00  0.31238350E+00
  0.94835199E+00  0.30981134E+00
  0.94890183E+00  0.30721654E+00
  0.94945168E+00  0.30459874E+00
  0.95000153E+00  0.30195753E+00
  0.95055137E+00  0.29929244E+00
  0.95110122E+00  0.29660287E+00
  0.95165106E+00  0.29388801E+00
  0.95220091E+00  0.29114677E+00
  0.95275076E+00  0.28837759E+00
  0.95330060E+00  0.28557821E+00
  0.95385045E+00  0.28274534E+00
  0.95440029E+00  0.27987409E+00
  0.95495014E+00  0.27695714E+00
  0.95549999E+00  0.27398382E+00
  0.95604983E+00  0.27093962E+00
  0.95659968E+00  0.26780897E+00
  0.95714952E+00  0.26458898E+00
  0.95769937E+00  0.26132390E+00
  0.95824922E+00  0.25813627E+00
  0.95879906E+00  0.25515611E+00
  0.95934891E+00  0.25237261E+00
  0.95989875E+00  0.24965849E+00
  0.96044860E+00  0.24691191E+00
  0.96099845E+00  0.24409680E+00
  0.96154829E+00  0.24121259E+00
  0.96209814E+00  0.23826875E+00
  0.96264798E+00  0.23527481E+00
  0.96319783E+00  0.23223820E+00
  0.96374768E+00  0.22916431E+00
  0.96429752E+00  0.22605705E+00
  0.96484737E+00  0.22291932E+00
  0.96539721E+00  0.21975329E+00
  0.96594706E+00  0.21656055E+00
  0.96649691E+00  0.21334224E+00
  0.96704675E+00  0.21009909E+00
  0.96759660E+00  0.20683139E+00
  0.96814645E+00  0.20353899E+00
  0.96869629E+00  0.20022124E+00
  0.96924614E+00  0.19687677E+00
  0.96979598E+00  0.19350350E+00
  0.97034583E+00  0.19009873E+00
  0.97089568E+00  0.18666055E+00
  0.97144552E+00  0.18319234E+00
  0.97199537E+00  0.17971068E+00
  0.97254521E+00  0.17624411E+00
  0.97309506E+00  0.17280582E+00
  0.97364491E+00  0.16937596E+00
  0.97419475E+00  0.16592745E+00
  0.97474460E+00  0.16244747E+00
  0.97529444E+00  0.15893451E+00
  0.97584429E+00  0.15539097E+00
  0.97639414E+00  0.15181956E+00
  0.97694398E+00  0.14822247E+00
  0.97749383E+00  0.14460126E+00
  0.97804367E+00  0.14095705E+00
  0.97859352E+00  0.13729065E+00
  0.97914337E+00  0.13360266E+00
  0.97969321E+00  0.12989359E+00
  0.98024306E+00  0.12616388E+00
  0.98079290E+00  0.12241391E+00
  0.98134275E+00  0.11864406E+00
  0.98189260E+00  0.11485473E+00
  0.98244244E+00  0.11104631E+00
  0.98299229E+00  0.10721925E+00
  0.98354213E+00  0.10337404E+00
  0.98409198E+00  0.99511243E-01
  0.98464183E+00  0.95631561E-01
  0.98519167E+00  0.91735870E-01
  0.98574152E+00  0.87825332E-01
  0.98629136E+00  0.83901541E-01
  0.98684121E+00  0.79966744E-01
  0.98739106E+00  0.76024064E-01
  0.98794090E+00  0.72077448E-01
  0.98849075E+00  0.68130092E-01
  0.98904059E+00  0.64177816E-01
  0.98959044E+00  0.60194199E-01
  0.99014029E+00  0.56129235E-01
  0.99069013E+00  0.51967000E-01
  0.99123998E+00  0.47758289E-01
  0.99178982E+00  0.43550441E-01
  0.99233967E+00  0.39354046E-01
  0.99288952E+00  0.35163237E-01
  0.99343936E+00  0.30970693E-01
  0.99398921E+00 -0.22376656E+00
  0.99453906E+00 -0.22766466E+00
  0.99508890E+00 -0.23156903E+00
  0.99563875E+00 -0.23548204E+00
  0.99618859E+00 -0.23940502E+00
  0.99673844E+00 -0.24333861E+00
  0.99728829E+00 -0.24728295E+00
  0.99783813E+00 -0.25123773E+00
  0.99838798E+00 -0.25520214E+00
  0.99893782E+00 -0.25917475E+00
  0.99948767E+00 -0.26315325E+00
  0.10000375E+01 -0.26713433E+00
  0.10005874E+01 -0.27111452E+00
  0.10011372E+01 -0.27509486E+00
  0.10016871E+01 -0.27909382E+00
  0.10022369E+01 -0.28315222E+00
  0.10027867E+01 -0.28728610E+00
  0.10033366E+01 -0.29145607E+00
  0.10038864E+01 -0.29562550E+00
  0.10044363E+01 -0.29978650E+00
  0.10049861E+01 -0.30394320E+00
  0.10055360E+01 -0.30810089E+00
  0.10060858E+01 -0.31226387E+00
  0.10066357E+01 -0.31643572E+00
  0.10071855E+01 -0.32061925E+00
  0.10077354E+01 -0.32481572E+00
  0.10082852E+01 -0.32902455E+00
  0.10088351E+01 -0.33324425E+00
  0.10093849E+01 -0.33747360E+00
  0.10099347E+01 -0.34171202E+00
  0.10104846E+01 -0.34595946E+00
  0.10110344E+01 -0.35021603E+00
  0.10115843E+01 -0.35448191E+00
  0.10121341E+01 -0.35875719E+00
  0.10126840E+01 -0.36304191E+00
  0.10132338E+01 -0.36733605E+00
  0.10137837E+01 -0.37163953E+00
  0.10143335E+01 -0.37595224E+00
  0.10148834E+01 -0.38027405E+00
  0.10154332E+01 -0.38460481E+00
  0.10159831E+01 -0.38894434E+00
  0.10165329E+01 -0.39329247E+00
  0.10170827E+01 -0.39764902E+00
  0.10176326E+01 -0.40201381E+00
  0.10181824E+01 -0.40638666E+00
  0.10187323E+01 -0.41076740E+00
  0.10192821E+01 -0.41515589E+00
  0.10198320E+01 -0.41955200E+00
  0.10203818E+01 -0.42395575E+00
  0.10209317E+01 -0.42836741E+00
  0.10214815E+01 -0.43278822E+00
  0.10220314E+01 -0.43722333E+00
  0.10225812E+01 -0.44169315E+00
  0.10231310E+01 -0.44612012E+00
  0.10236809E+01 -0.45052181E+00
  0.10242307E+01 -0.45495898E+00
  0.10247806E+01 -0.45940839E+00
  0.10253304E+01 -0.46386491E+00
  0.10258803E+01 -0.46832712E+00
  0.10264301E+01 -0.47279444E+00
  0.10269800E+01 -0.47726648E+00
  0.10275298E+01 -0.48174295E+00
  0.10280797E+01 -0.48622359E+00
  0.10286295E+01 -0.49070815E+00
  0.10291794E+01 -0.49519638E+00
  0.10297292E+01 -0.49968804E+00
  0.10302790E+01 -0.50418288E+00
  0.10308289E+01 -0.50868066E+00
  0.10313787E+01 -0.51318111E+00
  0.10319286E+01 -0.51768399E+00
  0.10324784E+01 -0.52218904E+00
  0.10330283E+01 -0.52669599E+00
  0.10335781E+01 -0.53120456E+00
  0.10341280E+01 -0.53571448E+00
  0.10346778E+01 -0.54022546E+00
  0.10352277E+01 -0.54473720E+00
  0.10357775E+01 -0.54924939E+00
  0.10363274E+01 -0.55376171E+00
  0.10368772E+01 -0.55827381E+00
  0.10374270E+01 -0.56278534E+00
  0.10379769E+01 -0.56729592E+00
  0.10385267E+01 -0.57180516E+00
  0.10390766E+01 -0.57631262E+00
  0.10396264E+01 -0.58081786E+00
  0.10401763E+01 -0.58532041E+00
  0.10407261E+01 -0.58981979E+00
  0.10412760E+01 -0.59431552E+00
  0.10418258E+01 -0.59880717E+00
  0.10423757E+01 -0.60329438E+00
  0.10429255E+01 -0.60777694E+00
  0.10434754E+01 -0.61225487E+00
  0.10440252E+01 -0.61672853E+00
  0.10445750E+01 -0.62119866E+00
  0.10451249E+01 -0.62566640E+00
  0.10456747E+01 -0.63013313E+00
  0.10462246E+01 -0.63460026E+00
  0.10467744E+01 -0.63906881E+00
  0.10473243E+01 -0.64353919E+00
  0.10478741E+01 -0.64801102E+00
  0.10484240E+01 -0.65248322E+00
  0.10489738E+01 -0.65695428E+00
  0.10495237E+01 -0.66142254E+00
  0.10500735E+01 -0.66588646E+00
  0.10506234E+01 -0.67034470E+00
  0.10511732E+01 -0.67479619E+00
  0.10517230E+01 -0.67924013E+00
  0.10522729E+01 -0.68367591E+00
  0.10528227E+01 -0.68810308E+00
  0.10533726E+01 -0.69252130E+00
  0.10539224E+01 -0.69693027E+00
  0.10544723E+01 -0.70132976E+00
  0.10550221E+01 -0.70571955E+00
  0.10555720E+01 -0.71009942E+00
  0.10561218E+01 -0.71446917E+00
  0.10566717E+01 -0.71882860E+00
  0.10572215E+01 -0.72317748E+00
  0.10577713E+01 -0.72751561E+00
  0.10583212E+01 -0.73184277E+00
  0.10588710E+01 -0.73615871E+00
  0.10594209E+01 -0.74046323E+00
  0.10599707E+01 -0.74475607E+00
  0.10605206E+01 -0.74903700E+00
  0.10610704E+01 -0.75330577E+00
  0.10616203E+01 -0.75756213E+00
  0.10621701E+01 -0.76180583E+00
  0.10627200E+01 -0.76603661E+00
  0.10632698E+01 -0.77025421E+00
  0.10638197E+01 -0.77445834E+00
  0.10643695E+01 -0.77864872E+00
  0.10649193E+01 -0.78282508E+00
  0.10654692E+01 -0.78698709E+00
  0.10660190E+01 -0.79113447E+00
  0.10665689E+01 -0.79526687E+00
  0.10671187E+01 -0.79938398E+00
  0.10676686E+01 -0.80348545E+00
  0.10682184E+01 -0.80757091E+00
  0.10687683E+01 -0.81164002E+00
  0.10693181E+01 -0.81569239E+00
  0.10698680E+01 -0.81972764E+00
  0.10704178E+01 -0.82374538E+00
  0.10709677E+01 -0.82774523E+00
  0.10715175E+01 -0.83172678E+00
  0.10720673E+01 -0.83568964E+00
  0.10726172E+01 -0.83963342E+00
  0.10731670E+01 -0.84355772E+00
  0.10737169E+01 -0.84746215E+00
  0.10742667E+01 -0.85134632E+00
  0.10748166E+01 -0.85520984E+00
  0.10753664E+01 -0.85905234E+00
  0.10759163E+01 -0.86287342E+00
  0.10764661E+01 -0.86667271E+00
  0.10770160E+01 -0.87044984E+00
  0.10775658E+01 -0.87420442E+00
  0.10781157E+01 -0.87793608E+00
  0.10786655E+01 -0.88164446E+00
  0.10792153E+01 -0.88532917E+00
  0.10797652E+01 -0.88898985E+00
  0.10803150E+01 -0.89262614E+00
  0.10808649E+01 -0.89623767E+00
  0.10814147E+01 -0.89982407E+00
  0.10819646E+01 -0.90338498E+00
  0.10825144E+01 -0.90692006E+00
  0.10830643E+01 -0.91042894E+00
  0.10836141E+01 -0.91391127E+00
  0.10841640E+01 -0.91736671E+00
  0.10847138E+01 -0.92079491E+00
  0.10852637E+01 -0.92419552E+00
  0.10858135E+01 -0.92756820E+00
  0.10863633E+01 -0.93091260E+00
  0.10869132E+01 -0.93422836E+00
  0.10874630E+01 -0.93751514E+00
  0.10880129E+01 -0.94077255E+00
  0.10885627E+01 -0.94400023E+00
  0.10891126E+01 -0.94719780E+00
  0.10896624E+01 -0.95036484E+00
  0.10902123E+01 -0.95350096E+00
  0.10907621E+01 -0.95660574E+00
  0.10913120E+01 -0.95967875E+00
  0.10918618E+01 -0.96271958E+00
  0.10924117E+01 -0.96572779E+00
  0.10929615E+01 -0.96870295E+00
  0.10935113E+01 -0.97164465E+00
  0.10940612E+01 -0.97455247E+00
  0.10946110E+01 -0.97742599E+00
  0.10951609E+01 -0.98026482E+00
  0.10957107E+01 -0.98306855E+00
  0.10962606E+01 -0.98583680E+00
  0.10968104E+01 -0.98856918E+00
  0.10973603E+01 -0.99126532E+00
  0.10979101E+01 -0.99392485E+00
  0.10984600E+01 -0.99654740E+00
  0.10990098E+01 -0.99913261E+00
  0.10995596E+01 -0.10016801E+01
  0.11001095E+01 -0.10041896E+01
  0.11006593E+01 -0.10066606E+01
  0.11012092E+01 -0.10090929E+01
  0.11017590E+01 -0.10114861E+01
  0.11023089E+01 -0.10138398E+01
  0.11028587E+01 -0.10161538E+01
  0.11034086E+01 -0.10184275E+01
  0.11039584E+01 -0.10206608E+01
  0.11045083E+01 -0.10228532E+01
  0.11050581E+01 -0.10250044E+01
  0.11056080E+01 -0.10271140E+01
  0.11061578E+01 -0.10291818E+01
  0.11067076E+01 -0.10312074E+01
  0.11072575E+01 -0.10331903E+01
  0.11078073E+01 -0.10351304E+01
  0.11083572E+01 -0.10370272E+01
  0.11089070E+01 -0.10388803E+01
  0.11094569E+01 -0.93038995E+00
  0.11100067E+01 -0.93126810E+00
  0.11105566E+01 -0.93209998E+00
  0.11111064E+01 -0.93288526E+00
  0.11116563E+01 -0.93362360E+00
  0.11122061E+01 -0.93431469E+00
  0.11127560E+01 -0.93495820E+00
  0.11133058E+01 -0.93555381E+00
  0.11138556E+01 -0.93610121E+00
  0.11144055E+01 -0.93660011E+00
  0.11149553E+01 -0.93705020E+00
  0.11155052E+01 -0.93745120E+00
  0.11160550E+01 -0.93780283E+00
  0.11166049E+01 -0.93810481E+00
  0.11171547E+01 -0.93835687E+00
  0.11177046E+01 -0.93855873E+00
  0.11182544E+01 -0.93871012E+00
  0.11188043E+01 -0.93881075E+00
  0.11193541E+01 -0.93886031E+00
  0.11199040E+01 -0.93885847E+00
  0.11204538E+01 -0.93880486E+00
  0.11210036E+01 -0.93869904E+00
  0.11215535E+01 -0.93854056E+00
  0.11221033E+01 -0.93832888E+00
  0.11226532E+01 -0.93806343E+00
  0.11232030E+01 -0.93774364E+00
  0.11237529E+01 -0.93736891E+00
  0.11243027E+01 -0.93693870E+00
  0.11248526E+01 -0.93645252E+00
  0.11254024E+01 -0.93590998E+00
  0.11259523E+01 -0.93531076E+00
  0.11265021E+01 -0.93465467E+00
  0.11270520E+01 -0.93394155E+00
  0.11276018E+01 -0.93317134E+00
  0.11281516E+01 -0.93234396E+00
  0.11287015E+01 -0.93145940E+00
  0.11292513E+01 -0.93051760E+00
  0.11298012E+01 -0.92951852E+00
  0.11303510E+01 -0.92846210E+00
  0.11309009E+01 -0.92734828E+00
  0.11314507E+01 -0.92617697E+00
  0.11320006E+01 -0.92494808E+00
  0.11325504E+01 -0.92366152E+00
  0.11331003E+01 -0.92231718E+00
  0.11336501E+01 -0.92091493E+00
  0.11341999E+01 -0.91945463E+00
  0.11347498E+01 -0.91793615E+00
  0.11352996E+01 -0.91635931E+00
  0.11358495E+01 -0.91472395E+00
  0.11363993E+01 -0.91302990E+00
  0.11369492E+01 -0.91127702E+00
  0.11374990E+01 -0.90946519E+00
  0.11380489E+01 -0.90759438E+00
  0.11385987E+01 -0.90566461E+00
  0.11391486E+01 -0.90367602E+00
  0.11396984E+01 -0.90162891E+00
  0.11402483E+01 -0.89952380E+00
  0.11407981E+01 -0.89736152E+00
  0.11413479E+01 -0.89514337E+00
  0.11418978E+01 -0.89287140E+00
  0.11424476E+01 -0.89054879E+00
  0.11429975E+01 -0.88818068E+00
  0.11435473E+01 -0.88577552E+00
  0.11440972E+01 -0.88334742E+00
  0.11446470E+01 -0.88091982E+00
  0.11451969E+01 -0.87852806E+00
  0.11457467E+01 -0.87620299E+00
  0.11462966E+01 -0.87387138E+00
  0.11468464E+01 -0.87119310E+00
  0.11473963E+01 -0.86792492E+00
  0.11479461E+01 -0.86440787E+00
  0.11484959E+01 -0.86094850E+00
  0.11490458E+01 -0.85757557E+00
  0.11495956E+01 -0.85424085E+00
  0.11501455E+01 -0.85090453E+00
  0.11506953E+01 -0.84754265E+00
  0.11512452E+01 -0.84414164E+00
  0.11517950E+01 -0.84069375E+00
  0.11523449E+01 -0.83719440E+00
  0.11528947E+01 -0.83364082E+00
  0.11534446E+01 -0.83003115E+00
  0.11539944E+01 -0.82636402E+00
  0.11545443E+01 -0.82263811E+00
  0.11550941E+01 -0.81885197E+00
  0.11556439E+01 -0.81500375E+00
  0.11561938E+01 -0.81109108E+00
  0.11567436E+01 -0.80711103E+00
  0.11572935E+01 -0.80306026E+00
  0.11578433E+01 -0.79893535E+00
  0.11583932E+01 -0.79473319E+00
  0.11589430E+01 -0.79045117E+00
  0.11594929E+01 -0.78608686E+00
  0.11600427E+01 -0.78163621E+00
  0.11605926E+01 -0.77708844E+00
  0.11611424E+01 -0.77241006E+00
  0.11616923E+01 -0.76748807E+00
  0.11622421E+01 -0.76205053E+00
  0.11627919E+01 -0.75714811E+00
  0.11633418E+01 -0.75314379E+00
  0.11638916E+01 -0.74862142E+00
  0.11644415E+01 -0.74382598E+00
  0.11649913E+01 -0.73889811E+00
  0.11655412E+01 -0.73388162E+00
  0.11660910E+01 -0.72879206E+00
  0.11666409E+01 -0.72363581E+00
  0.11671907E+01 -0.71841582E+00
  0.11677406E+01 -0.71313358E+00
  0.11682904E+01 -0.70778991E+00
  0.11688402E+01 -0.70238535E+00
  0.11693901E+01 -0.69692023E+00
  0.11699399E+01 -0.69139485E+00
  0.11704898E+01 -0.68580942E+00
  0.11710396E+01 -0.68016414E+00
  0.11715895E+01 -0.67445920E+00
  0.11721393E+01 -0.66869471E+00
  0.11726892E+01 -0.66287079E+00
  0.11732390E+01 -0.65698745E+00
  0.11737889E+01 -0.65104469E+00
  0.11743387E+01 -0.64504241E+00
  0.11748886E+01 -0.63898049E+00
  0.11754384E+01 -0.63285882E+00
  0.11759882E+01 -0.62667735E+00
  0.11765381E+01 -0.62043622E+00
  0.11770879E+01 -0.61413580E+00
  0.11776378E+01 -0.60777674E+00
  0.11781876E+01 -0.60135982E+00
  0.11787375E+01 -0.59488591E+00
  0.11792873E+01 -0.58835582E+00
  0.11798372E+01 -0.58177021E+00
  0.11803870E+01 -0.57512961E+00
  0.11809369E+01 -0.56843444E+00
  0.11814867E+01 -0.56168501E+00
  0.11820366E+01 -0.55488163E+00
  0.11825864E+01 -0.54802457E+00
  0.11831362E+01 -0.54111411E+00
  0.11836861E+01 -0.53415054E+00
  0.11842359E+01 -0.52713414E+00
  0.11847858E+01 -0.52006522E+00
  0.11853356E+01 -0.51294404E+00
  0.11858855E+01 -0.50577085E+00
  0.11864353E+01 -0.49854587E+00
  0.11869852E+01 -0.49126927E+00
  0.11875350E+01 -0.48394118E+00
  0.11880849E+01 -0.47656169E+00
  0.11886347E+01 -0.46913092E+00
  0.11891846E+01 -0.46164899E+00
  0.11897344E+01 -0.45411612E+00
  0.11902842E+01 -0.44653261E+00
  0.11908341E+01 -0.43889887E+00
  0.11913839E+01 -0.43121540E+00
  0.11919338E+01 -0.42348273E+00
  0.11924836E+01 -0.41570145E+00
  0.11930335E+01 -0.40787218E+00
  0.11935833E+01 -0.39999553E+00
  0.11941332E+01 -0.39207210E+00
  0.11946830E+01 -0.38410252E+00
  0.11952329E+01 -0.37608742E+00
  0.11957827E+01 -0.36802745E+00
  0.11963326E+01 -0.35992324E+00
  0.11968824E+01 -0.35177550E+00
  0.11974322E+01 -0.34358491E+00
  0.11979821E+01 -0.33535219E+00
  0.11985319E+01 -0.32707807E+00
  0.11990818E+01 -0.31876327E+00
  0.11996316E+01 -0.31040849E+00
  0.12001815E+01 -0.30201442E+00
  0.12007313E+01 -0.29358167E+00
  0.12012812E+01 -0.28511081E+00
  0.12018310E+01 -0.27660231E+00
  0.12023809E+01 -0.26805659E+00
  0.12029307E+01 -0.25947393E+00
  0.12034806E+01 -0.25085449E+00
  0.12040304E+01 -0.24219825E+00
  0.12045802E+01 -0.23350490E+00
  0.12051301E+01 -0.22477371E+00
  0.12056799E+01 -0.21600343E+00
  0.12062298E+01 -0.20719291E+00
  0.12067796E+01 -0.19834416E+00
  0.12073295E+01 -0.18946697E+00
  0.12078793E+01 -0.18057281E+00
  0.12084292E+01 -0.17165989E+00
  0.12089790E+01 -0.16271884E+00
  0.12095289E+01 -0.15374466E+00
  0.12100787E+01 -0.14473681E+00
  0.12106285E+01 -0.13569639E+00
  0.12111784E+01 -0.12662469E+00
  0.12117282E+01 -0.11752291E+00
  0.12122781E+01 -0.10839210E+00
  0.12128279E+01 -0.99233175E-01
  0.12133778E+01 -0.90046950E-01
  0.12139276E+01 -0.80834167E-01
  0.12144775E+01 -0.71595494E-01
  0.12150273E+01 -0.62331516E-01
  0.12155772E+01 -0.53042730E-01
  0.12161270E+01 -0.43729514E-01
  0.12166769E+01 -0.34392096E-01
  0.12172267E+01 -0.25030495E-01
  0.12177765E+01 -0.14074610E+00
  0.12183264E+01 -0.12978858E+00
  0.12188762E+01 -0.11878858E+00
  0.12194261E+01 -0.10774461E+00
  0.12199759E+01 -0.96654702E-01
  0.12205258E+01 -0.85516582E-01
  0.12210756E+01 -0.74328717E-01
  0.12216255E+01 -0.63092824E-01
  0.12221753E+01 -0.51818287E-01
  0.12227252E+01 -0.40525668E-01
  0.12232750E+01 -0.29241083E-01
  0.12238249E+01 -0.17978488E-01
  0.12243747E+01 -0.67280941E-02
  0.12249245E+01  0.45331624E-02
  0.12254744E+01  0.15824584E-01
  0.12260242E+01  0.27155642E-01
  0.12265741E+01  0.38528521E-01
  0.12271239E+01  0.49941957E-01
  0.12276738E+01  0.61393607E-01
  0.12282236E+01  0.72881102E-01
  0.12287735E+01  0.84402405E-01
  0.12293233E+01  0.95955886E-01
  0.12298732E+01  0.10754030E+00
  0.12304230E+01  0.11915477E+00
  0.12309729E+01  0.13079876E+00
  0.12315227E+01  0.14247211E+00
  0.12320725E+01  0.15417502E+00
  0.12326224E+01  0.16590810E+00
  0.12331722E+01  0.17767210E+00
  0.12337221E+01  0.18946725E+00
  0.12342719E+01  0.20129160E+00
  0.12348218E+01  0.21313871E+00
  0.12353716E+01  0.22499728E+00
  0.12359215E+01  0.23685628E+00
  0.12364713E+01  0.24871236E+00
  0.12370212E+01  0.26057020E+00
  0.12375710E+01  0.27243544E+00
  0.12381209E+01  0.28430897E+00
  0.12386707E+01  0.29618669E+00
  0.12392205E+01  0.30807634E+00
  0.12397704E+01  0.32005414E+00
  0.12403202E+01  0.33215357E+00
  0.12408701E+01  0.34424899E+00
  0.12414199E+01  0.35631831E+00
  0.12419698E+01  0.36838461E+00
  0.12425196E+01  0.38046010E+00
  0.12430695E+01  0.39254934E+00
  0.12436193E+01  0.40465393E+00
  0.12441692E+01  0.41677424E+00
  0.12447190E+01  0.42891003E+00
  0.12452688E+01  0.44106061E+00
  0.12458187E+01  0.45322486E+00
  0.12463685E+01  0.46540129E+00
  0.12469184E+01  0.47758836E+00
  0.12474682E+01  0.48978489E+00
  0.12480181E+01  0.50199006E+00
  0.12485679E+01  0.51420178E+00
  0.12491178E+01  0.52641421E+00
  0.12496676E+01  0.53862291E+00
  0.12502175E+01  0.55083281E+00
  0.12507673E+01  0.56304968E+00
  0.12513172E+01  0.57527444E+00
  0.12518670E+01  0.58750575E+00
  0.12524168E+01  0.59974246E+00
  0.12529667E+01  0.61198559E+00
  0.12535165E+01  0.62423951E+00
  0.12540664E+01  0.63650843E+00
  0.12546162E+01  0.64879028E+00
  0.12551661E+01  0.66107889E+00
  0.12557159E+01  0.67336985E+00
  0.12562658E+01  0.68566149E+00
  0.12568156E+01  0.69795350E+00
  0.12573655E+01  0.71024589E+00
  0.12579153E+01  0.72253871E+00
  0.12584652E+01  0.73483196E+00
  0.12590150E+01  0.74712566E+00
  0.12595648E+01  0.75941991E+00
  0.12601147E+01  0.77171491E+00
  0.12606645E+01  0.78401105E+00
  0.12612144E+01  0.79630883E+00
  0.12617642E+01  0.80860887E+00
  0.12623141E+01  0.82091171E+00
  0.12628639E+01  0.83321769E+00
  0.12634138E+01  0.84552673E+00
  0.12639636E+01  0.85783821E+00
  0.12645135E+01  0.87015100E+00
  0.12650633E+01  0.88246361E+00
  0.12656132E+01  0.89477438E+00
  0.12661630E+01  0.90708170E+00
  0.12667128E+01  0.91938415E+00
  0.12672627E+01  0.93168054E+00
  0.12678125E+01  0.94396994E+00
  0.12683624E+01  0.95625166E+00
  0.12689122E+01  0.96852537E+00
  0.12694621E+01  0.98079134E+00
  0.12700119E+01  0.99305093E+00
  0.12705618E+01  0.10053072E+01
  0.12711116E+01  0.10175647E+01
  0.12716615E+01  0.10298270E+01
  0.12722113E+01  0.10420932E+01
  0.12727612E+01  0.10543567E+01
  0.12733110E+01  0.10666106E+01
  0.12738608E+01  0.10788509E+01
  0.12744107E+01  0.10910768E+01
  0.12749605E+01  0.11032889E+01
  0.12755104E+01  0.11154883E+01
  0.12760602E+01  0.11276757E+01
  0.12766101E+01  0.11398517E+01
  0.12771599E+01  0.11520165E+01
  0.12777098E+01  0.11641703E+01
  0.12782596E+01  0.11763128E+01
  0.12788095E+01  0.11884439E+01
  0.12793593E+01  0.12005634E+01
  0.12799091E+01  0.12126708E+01
  0.12804590E+01  0.12247657E+01
  0.12810088E+01  0.12368477E+01
  0.12815587E+01  0.12489164E+01
  0.12821085E+01  0.12609715E+01
  0.12826584E+01  0.12730127E+01
  0.12832082E+01  0.12850397E+01
  0.12837581E+01  0.12970522E+01
  0.12843079E+01  0.13090498E+01
  0.12848578E+01  0.13210325E+01
  0.12854076E+01  0.13329998E+01
  0.12859575E+01  0.13449516E+01
  0.12865073E+01  0.13568880E+01
  0.12870571E+01  0.13688091E+01
  0.12876070E+01  0.13807152E+01
  0.12881568E+01  0.13926071E+01
  0.12887067E+01  0.14044854E+01
  0.12892565E+01  0.14163513E+01
  0.12898064E+01  0.14282053E+01
  0.12903562E+01  0.14400480E+01
  0.12909061E+01  0.14518790E+01
  0.12914559E+01  0.14636976E+01
  0.12920058E+01  0.14755023E+01
  0.12925556E+01  0.14872915E+01
  0.12931055E+01  0.14990634E+01
  0.12936553E+01  0.15108165E+01
  0.12942051E+01  0.15225498E+01
  0.12947550E+01  0.15342624E+01
  0.12953048E+01  0.15459537E+01
  0.12958547E+01  0.15576233E+01
  0.12964045E+01  0.15692710E+01
  0.12969544E+01  0.15808967E+01
  0.12975042E+01  0.15925002E+01
  0.12980541E+01  0.16040814E+01
  0.12986039E+01  0.16156403E+01
  0.12991538E+01  0.16271766E+01
  0.12997036E+01  0.16386903E+01
  0.13002535E+01  0.16501813E+01
  0.13008033E+01  0.16616493E+01
  0.13013531E+01  0.16730944E+01
  0.13019030E+01  0.16845166E+01
  0.13024528E+01  0.16959163E+01
  0.13030027E+01  0.17072941E+01
  0.13035525E+01  0.17186513E+01
  0.13041024E+01  0.17299898E+01
  0.13046522E+01  0.17413119E+01
  0.13052021E+01  0.17526200E+01
  0.13057519E+01  0.17639162E+01
  0.13063018E+01  0.17752015E+01
  0.13068516E+01  0.17864751E+01
  0.13074015E+01  0.17977354E+01
  0.13079513E+01  0.18089796E+01
  0.13085011E+01  0.18202053E+01
  0.13090510E+01  0.18314103E+01
  0.13096008E+01  0.18425930E+01
  0.13101507E+01  0.18537522E+01
  0.13107005E+01  0.18648870E+01
  0.13112504E+01  0.18759968E+01
  0.13118002E+01  0.18870813E+01
  0.13123501E+01  0.18981407E+01
  0.13128999E+01  0.19091758E+01
  0.13134498E+01  0.19201874E+01
  0.13139996E+01  0.19311761E+01
  0.13145495E+01  0.19421423E+01
  0.13150993E+01  0.19530863E+01
  0.13156491E+01  0.19640082E+01
  0.13161990E+01  0.19749081E+01
  0.13167488E+01  0.19857861E+01
  0.13172987E+01  0.19966421E+01
  0.13178485E+01  0.20074761E+01
  0.13183984E+01  0.20182878E+01
  0.13189482E+01  0.20290772E+01
  0.13194981E+01  0.20398440E+01
  0.13200479E+01  0.20505879E+01
  0.13205978E+01  0.20613087E+01
  0.13211476E+01  0.20720062E+01
  0.13216974E+01  0.20826801E+01
  0.13222473E+01  0.20933304E+01
  0.13227971E+01  0.21039572E+01
  0.13233470E+01  0.21145605E+01
  0.13238968E+01  0.21251405E+01
  0.13244467E+01  0.21356973E+01
  0.13249965E+01  0.21462312E+01
  0.13255464E+01  0.21567424E+01
  0.13260962E+01  0.21672313E+01
  0.13266461E+01  0.21776983E+01
  0.13271959E+01  0.21881443E+01
  0.13277458E+01  0.21985701E+01
  0.13282956E+01  0.22089771E+01
  0.13288454E+01  0.22193661E+01
  0.13293953E+01  0.22297372E+01
  0.13299451E+01  0.22400876E+01
  0.13304950E+01  0.22504107E+01
  0.13310448E+01  0.22606992E+01
  0.13315947E+01  0.22709518E+01
  0.13321445E+01  0.22811755E+01
  0.13326944E+01  0.22913788E+01
  0.13332442E+01  0.23015666E+01
  0.13337941E+01  0.23117403E+01
  0.13343439E+01  0.23218991E+01
  0.13348938E+01  0.23320422E+01
  0.13354436E+01  0.23421682E+01
  0.13359934E+01  0.23522763E+01
  0.13365433E+01  0.23623657E+01
  0.13370931E+01  0.23724357E+01
  0.13376430E+01  0.23824858E+01
  0.13381928E+01  0.23925156E+01
  0.13387427E+01  0.24025249E+01
  0.13392925E+01  0.24125134E+01
  0.13398424E+01  0.24224812E+01
  0.13403922E+01  0.24324283E+01
  0.13409421E+01  0.24423545E+01
  0.13414919E+01  0.24522602E+01
  0.13420418E+01  0.24621453E+01
  0.13425916E+01  0.24720100E+01
  0.13431414E+01  0.24818546E+01
  0.13436913E+01  0.24916791E+01
  0.13442411E+01  0.25014838E+01
  0.13447910E+01  0.25112688E+01
  0.13453408E+01  0.25210343E+01
  0.13458907E+01  0.25307806E+01
  0.13464405E+01  0.25405078E+01
  0.13469904E+01  0.25502161E+01
  0.13475402E+01  0.25599057E+01
  0.13480901E+01  0.25695768E+01
  0.13486399E+01  0.25792295E+01
  0.13491898E+01  0.25888641E+01
  0.13497396E+01  0.25984807E+01
  0.13502894E+01  0.26080795E+01
  0.13508393E+01  0.26176606E+01
  0.13513891E+01  0.26272243E+01
  0.13519390E+01  0.26367707E+01
  0.13524888E+01  0.26463001E+01
  0.13530387E+01  0.26558125E+01
  0.13535885E+01  0.26653081E+01
  0.13541384E+01  0.26747872E+01
  0.13546882E+01  0.26842499E+01
  0.13552381E+01  0.26936964E+01
  0.13557879E+01  0.27031268E+01
  0.13563377E+01  0.27125414E+01
  0.13568876E+01  0.27219404E+01
  0.13574374E+01  0.27313239E+01
  0.13579873E+01  0.27406921E+01
  0.13585371E+01  0.27500452E+01
  0.13590870E+01  0.27593834E+01
  0.13596368E+01  0.27687070E+01
  0.13601867E+01  0.27780161E+01
  0.13607365E+01  0.27873109E+01
  0.13612864E+01  0.27965916E+01
  0.13618362E+01  0.28058585E+01
  0.13623861E+01  0.28151118E+01
  0.13629359E+01  0.28243517E+01
  0.13634857E+01  0.28335785E+01
  0.13640356E+01  0.28427923E+01
  0.13645854E+01  0.28519934E+01
  0.13651353E+01  0.28611821E+01
  0.13656851E+01  0.28703585E+01
  0.13662350E+01  0.28795229E+01
  0.13667848E+01  0.28886755E+01
  0.13673347E+01  0.28978164E+01
  0.13678845E+01  0.29069459E+01
  0.13684344E+01  0.29160639E+01
  0.13689842E+01  0.29251707E+01
  0.13695341E+01  0.29342663E+01
  0.13700839E+01  0.29433507E+01
  0.13706337E+01  0.29524239E+01
  0.13711836E+01  0.29614858E+01
  0.13717334E+01  0.29705366E+01
  0.13722833E+01  0.29795760E+01
  0.13728331E+01  0.29886041E+01
  0.13733830E+01  0.29976210E+01
  0.13739328E+01  0.30066265E+01
  0.13744827E+01  0.30156209E+01
  0.13750325E+01  0.30246042E+01
  0.13755824E+01  0.30335765E+01
  0.13761322E+01  0.30425380E+01
  0.13766821E+01  0.30514889E+01
  0.13772319E+01  0.30604291E+01
  0.13777817E+01  0.30693588E+01
  0.13783316E+01  0.30782780E+01
  0.13788814E+01  0.30871864E+01
  0.13794313E+01  0.30960839E+01
  0.13799811E+01  0.31049701E+01
  0.13805310E+01  0.31138446E+01
  0.13810808E+01  0.31227068E+01
  0.13816307E+01  0.31315564E+01
  0.13821805E+01  0.31403932E+01
  0.13827304E+01  0.31492171E+01
  0.13832802E+01  0.31580284E+01
  0.13838301E+01  0.31668277E+01
  0.13843799E+01  0.31756155E+01
  0.13849297E+01  0.31843928E+01
  0.13854796E+01  0.31931603E+01
  0.13860294E+01  0.32019191E+01
  0.13865793E+01  0.32106700E+01
  0.13871291E+01  0.32194141E+01
  0.13876790E+01  0.32281524E+01
  0.13882288E+01  0.32368859E+01
  0.13887787E+01  0.32456157E+01
  0.13893285E+01  0.32543425E+01
  0.13898784E+01  0.32630668E+01
  0.13904282E+01  0.32717885E+01
  0.13909781E+01  0.32805074E+01
  0.13915279E+01  0.32892227E+01
  0.13920777E+01  0.32979335E+01
  0.13926276E+01  0.33066391E+01
  0.13931774E+01  0.33153386E+01
  0.13937273E+01  0.33240316E+01
  0.13942771E+01  0.33327177E+01
  0.13948270E+01  0.33413968E+01
  0.13953768E+01  0.33500691E+01
  0.13959267E+01  0.33587347E+01
  0.13964765E+01  0.33673941E+01
  0.13970264E+01  0.33760482E+01
  0.13975762E+01  0.33846979E+01
  0.13981260E+01  0.33933446E+01
  0.13986759E+01  0.34019902E+01
  0.13992257E+01  0.34106369E+01
  0.13997756E+01  0.34192870E+01
  0.14003254E+01  0.34279411E+01
  0.14008753E+01  0.34365947E+01
  0.14014251E+01  0.34452328E+01
  0.14019750E+01  0.34538302E+01
  0.14025248E+01  0.34623681E+01
  0.14030747E+01  0.34708541E+01
  0.14036245E+01  0.34793139E+01
  0.14041744E+01  0.34877690E+01
  0.14047242E+01  0.34962284E+01
  0.14052740E+01  0.35046926E+01
  0.14058239E+01  0.35131593E+01
  0.14063737E+01  0.35216256E+01
  0.14069236E+01  0.35300889E+01
  0.14074734E+01  0.35385476E+01
  0.14080233E+01  0.35470001E+01
  0.14085731E+01  0.35554455E+01
  0.14091230E+01  0.35638829E+01
  0.14096728E+01  0.35723116E+01
  0.14102227E+01  0.35807312E+01
  0.14107725E+01  0.35891413E+01
  0.14113224E+01  0.35975414E+01
  0.14118722E+01  0.36059311E+01
  0.14124220E+01  0.36143102E+01
  0.14129719E+01  0.36226779E+01
  0.14135217E+01  0.36310338E+01
  0.14140716E+01  0.36393767E+01
  0.14146214E+01  0.36477053E+01
  0.14151713E+01  0.36560171E+01
  0.14157211E+01  0.36643093E+01
  0.14162710E+01  0.36725812E+01
  0.14168208E+01  0.36808409E+01
  0.14173707E+01  0.36891075E+01
  0.14179205E+01  0.36973868E+01
  0.14184704E+01  0.37056621E+01
  0.14190202E+01  0.37139201E+01
  0.14195700E+01  0.37221572E+01
  0.14201199E+01  0.37303742E+01
  0.14206697E+01  0.37385722E+01
  0.14212196E+01  0.37467521E+01
  0.14217694E+01  0.37549142E+01
  0.14223193E+01  0.37630589E+01
  0.14228691E+01  0.37711861E+01
  0.14234190E+01  0.37792957E+01
  0.14239688E+01  0.37873877E+01
  0.14245187E+01  0.37954617E+01
  0.14250685E+01  0.38035174E+01
  0.14256184E+01  0.38115545E+01
  0.14261682E+01  0.38195726E+01
  0.14267180E+01  0.38275714E+01
  0.14272679E+01  0.38355503E+01
  0.14278177E+01  0.38435090E+01
  0.14283676E+01  0.38514470E+01
  0.14289174E+01  0.38593638E+01
  0.14294673E+01  0.38672591E+01
  0.14300171E+01  0.38751322E+01
  0.14305670E+01  0.38829828E+01
  0.14311168E+01  0.38908104E+01
  0.14316667E+01  0.38986145E+01
  0.14322165E+01  0.39063946E+01
  0.14327663E+01  0.39141501E+01
  0.14333162E+01  0.39218807E+01
  0.14338660E+01  0.39295858E+01
  0.14344159E+01  0.39372650E+01
  0.14349657E+01  0.39449176E+01
  0.14355156E+01  0.39525432E+01
  0.14360654E+01  0.39601414E+01
  0.14366153E+01  0.39677115E+01
  0.14371651E+01  0.39752533E+01
  0.14377150E+01  0.39827661E+01
  0.14382648E+01  0.39902497E+01
  0.14388147E+01  0.39977038E+01
  0.14393645E+01  0.40051282E+01
  0.14399143E+01  0.40125232E+01
  0.14404642E+01  0.40198897E+01
  0.14410140E+01  0.40272299E+01
  0.14415639E+01  0.40345496E+01
  0.14421137E+01  0.40418646E+01
  0.14426636E+01  0.40492262E+01
  0.14432134E+01  0.40568752E+01
  0.14437633E+01  0.40668156E+01
  0.14443131E+01  0.40743261E+01
  0.14448630E+01  0.40783181E+01
  0.14454128E+01  0.40848458E+01
  0.14459627E+01  0.40916935E+01
  0.14465125E+01  0.40985934E+01
  0.14470623E+01  0.41054879E+01
  0.14476122E+01  0.41123589E+01
  0.14481620E+01  0.41191987E+01
  0.14487119E+01  0.41260029E+01
  0.14492617E+01  0.41327669E+01
  0.14498116E+01  0.41394849E+01
  0.14503614E+01  0.41461505E+01
  0.14509113E+01  0.41527598E+01
  0.14514611E+01  0.41593138E+01
  0.14520110E+01  0.41658170E+01
  0.14525608E+01  0.41722739E+01
  0.14531107E+01  0.41786868E+01
  0.14536605E+01  0.41850558E+01
  0.14542103E+01  0.41913799E+01
  0.14547602E+01  0.41976577E+01
  0.14553100E+01  0.42038876E+01
  0.14558599E+01  0.42100685E+01
  0.14564097E+01  0.42161993E+01
  0.14569596E+01  0.42222790E+01
  0.14575094E+01  0.42283066E+01
  0.14580593E+01  0.42342814E+01
  0.14586091E+01  0.42402025E+01
  0.14591590E+01  0.42460692E+01
  0.14597088E+01  0.42518807E+01
  0.14602587E+01  0.42576363E+01
  0.14608085E+01  0.42633352E+01
  0.14613583E+01  0.42689767E+01
  0.14619082E+01  0.42745601E+01
  0.14624580E+01  0.42800846E+01
  0.14630079E+01  0.42855496E+01
  0.14635577E+01  0.42909543E+01
  0.14641076E+01  0.42962980E+01
  0.14646574E+01  0.43015801E+01
  0.14652073E+01  0.43067999E+01
  0.14657571E+01  0.43119567E+01
  0.14663070E+01  0.43170498E+01
  0.14668568E+01  0.43220785E+01
  0.14674066E+01  0.43270423E+01
  0.14679565E+01  0.43319404E+01
  0.14685063E+01  0.43367723E+01
  0.14690562E+01  0.43415374E+01
  0.14696060E+01  0.43462350E+01
  0.14701559E+01  0.43508646E+01
  0.14707057E+01  0.43554255E+01
  0.14712556E+01  0.43599174E+01
  0.14718054E+01  0.43643395E+01
  0.14723553E+01  0.43686915E+01
  0.14729051E+01  0.43729729E+01
  0.14734550E+01  0.43771832E+01
  0.14740048E+01  0.43813220E+01
  0.14745546E+01  0.43853889E+01
  0.14751045E+01  0.43893836E+01
  0.14756543E+01  0.43933057E+01
  0.14762042E+01  0.43971550E+01
  0.14767540E+01  0.44009311E+01
  0.14773039E+01  0.44046336E+01
  0.14778537E+01  0.44082619E+01
  0.14784036E+01  0.44118150E+01
  0.14789534E+01  0.44152914E+01
  0.14795033E+01  0.44186890E+01
  0.14800531E+01  0.44220045E+01
  0.14806030E+01  0.44252339E+01
  0.14811528E+01  0.44283727E+01
  0.14817026E+01  0.44314170E+01
  0.14822525E+01  0.44343646E+01
  0.14828023E+01  0.44372162E+01
  0.14833522E+01  0.44399744E+01
  0.14839020E+01  0.44426434E+01
  0.14844519E+01  0.44452272E+01
  0.14850017E+01  0.44477288E+01
  0.14855516E+01  0.44501498E+01
  0.14861014E+01  0.44524907E+01
  0.14866513E+01  0.44547514E+01
  0.14872011E+01  0.44569311E+01
  0.14877510E+01  0.44590289E+01
  0.14883008E+01  0.44610438E+01
  0.14888506E+01  0.44629748E+01
  0.14894005E+01  0.44648211E+01
  0.14899503E+01  0.44665817E+01
  0.14905002E+01  0.44682559E+01
  0.14910500E+01  0.44698431E+01
  0.14915999E+01  0.44713425E+01
  0.14921497E+01  0.44727537E+01
  0.14926996E+01  0.44740760E+01
  0.14932494E+01  0.44753090E+01
  0.14937993E+01  0.44764522E+01
  0.14943491E+01  0.44775051E+01
  0.14948990E+01  0.44784674E+01
  0.14954488E+01  0.44793387E+01
  0.14959986E+01  0.44801187E+01
  0.14965485E+01  0.44808070E+01
  0.14970983E+01  0.44814036E+01
  0.14976482E+01  0.44819083E+01
  0.14981980E+01  0.44823213E+01
  0.14987479E+01  0.44826428E+01
  0.14992977E+01  0.44828737E+01
  0.14998476E+01  0.44830148E+01
  0.15003974E+01  0.44830677E+01
  0.15009473E+01  0.44830340E+01
  0.15014971E+01  0.44829155E+01
  0.15020470E+01  0.44827132E+01
  0.15025969E+01  0.44824276E+01
  
