  0.00000000E+00 -0.64388199E+00
  0.54998869E-03 -0.64373275E+00
  0.10999774E-02 -0.64348803E+00
  0.16499661E-02 -0.64314958E+00
  0.21999547E-02 -0.64271890E+00
  0.27499434E-02 -0.64219705E+00
  0.32999321E-02 -0.64158457E+00
  0.38499208E-02 -0.64088157E+00
  0.43999095E-02 -0.64008782E+00
  0.49498982E-02 -0.63920294E+00
  0.54998869E-02 -0.63822648E+00
  0.60498756E-02 -0.63715801E+00
  0.65998642E-02 -0.63599712E+00
  0.71498529E-02 -0.63474348E+00
  0.76998416E-02 -0.63339684E+00
  0.82498303E-02 -0.63195699E+00
  0.87998190E-02 -0.63042382E+00
  0.93498077E-02 -0.62879724E+00
  0.98997964E-02 -0.62707726E+00
  0.10449785E-01 -0.62526391E+00
  0.10999774E-01 -0.62335733E+00
  0.11549762E-01 -0.62135772E+00
  0.12099751E-01 -0.61926539E+00
  0.12649740E-01 -0.61708077E+00
  0.13199728E-01 -0.61480448E+00
  0.13749717E-01 -0.61243735E+00
  0.14299706E-01 -0.60998055E+00
  0.14849695E-01 -0.60743565E+00
  0.15399683E-01 -0.60480482E+00
  0.15949672E-01 -0.60209098E+00
  0.16499661E-01 -0.59929795E+00
  0.17049649E-01 -0.59643049E+00
  0.17599638E-01 -0.59349362E+00
  0.18149627E-01 -0.59049048E+00
  0.18699615E-01 -0.58741713E+00
  0.19249604E-01 -0.58425404E+00
  0.19799593E-01 -0.58096083E+00
  0.20349581E-01 -0.57749022E+00
  0.20899570E-01 -0.57382271E+00
  0.21449559E-01 -0.56998387E+00
  0.21999547E-01 -0.56601994E+00
  0.22549536E-01 -0.56196680E+00
  0.23099525E-01 -0.55784124E+00
  0.23649514E-01 -0.55364704E+00
  0.24199502E-01 -0.54938214E+00
  0.24749491E-01 -0.54504290E+00
  0.25299480E-01 -0.54062578E+00
  0.25849468E-01 -0.53612795E+00
  0.26399457E-01 -0.53154729E+00
  0.26949446E-01 -0.52688228E+00
  0.27499434E-01 -0.52213190E+00
  0.28049423E-01 -0.51729551E+00
  0.28599412E-01 -0.51237273E+00
  0.29149400E-01 -0.50736340E+00
  0.29699389E-01 -0.50226749E+00
  0.30249378E-01 -0.49708512E+00
  0.30799366E-01 -0.49181649E+00
  0.31349355E-01 -0.48646186E+00
  0.31899344E-01 -0.48102155E+00
  0.32449333E-01 -0.47549595E+00
  0.32999321E-01 -0.46988546E+00
  0.33549310E-01 -0.46419052E+00
  0.34099299E-01 -0.45841164E+00
  0.34649287E-01 -0.45254932E+00
  0.35199276E-01 -0.44660413E+00
  0.35749265E-01 -0.44057668E+00
  0.36299253E-01 -0.43446762E+00
  0.36849242E-01 -0.42827765E+00
  0.37399231E-01 -0.42200751E+00
  0.37949219E-01 -0.41565799E+00
  0.38499208E-01 -0.40922994E+00
  0.39049197E-01 -0.40272425E+00
  0.39599185E-01 -0.39614187E+00
  0.40149174E-01 -0.38948379E+00
  0.40699163E-01 -0.38275102E+00
  0.41249151E-01 -0.37594465E+00
  0.41799140E-01 -0.36906579E+00
  0.42349129E-01 -0.36211559E+00
  0.42899118E-01 -0.35509524E+00
  0.43449106E-01 -0.34800596E+00
  0.43999095E-01 -0.34084901E+00
  0.44549084E-01 -0.33362566E+00
  0.45099072E-01 -0.32633721E+00
  0.45649061E-01 -0.31898496E+00
  0.46199050E-01 -0.31157019E+00
  0.46749038E-01 -0.30409414E+00
  0.47299027E-01 -0.29655795E+00
  0.47849016E-01 -0.28896264E+00
  0.48399004E-01 -0.28130904E+00
  0.48948993E-01 -0.27359770E+00
  0.49498982E-01 -0.26582886E+00
  0.50048970E-01 -0.25800240E+00
  0.50598959E-01 -0.25011792E+00
  0.51148948E-01 -0.24217481E+00
  0.51698937E-01 -0.23417254E+00
  0.52248925E-01 -0.22611095E+00
  0.52798914E-01 -0.21799072E+00
  0.53348903E-01 -0.20981372E+00
  0.53898891E-01 -0.20158348E+00
  0.54448880E-01 -0.19330625E+00
  0.54998869E-01 -0.18499452E+00
  0.55548857E-01 -0.17668143E+00
  0.56098846E-01 -0.16842614E+00
  0.56648835E-01 -0.15985584E+00
  0.57198823E-01 -0.15118323E+00
  0.57748812E-01 -0.14259421E+00
  0.58298801E-01 -0.13400359E+00
  0.58848789E-01 -0.12539075E+00
  0.59398778E-01  0.21631610E+01
  0.59948767E-01  0.21620211E+01
  0.60498756E-01  0.21608694E+01
  0.61048744E-01  0.21597065E+01
  0.61598733E-01  0.21585326E+01
  0.62148722E-01  0.21573480E+01
  0.62698710E-01  0.21561530E+01
  0.63248699E-01  0.21549477E+01
  0.63798688E-01  0.21537324E+01
  0.64348676E-01  0.21525070E+01
  0.64898665E-01  0.21512719E+01
  0.65448654E-01  0.21500271E+01
  0.65998642E-01  0.21487726E+01
  0.66548631E-01  0.21475086E+01
  0.67098620E-01  0.21462352E+01
  0.67648608E-01  0.21449523E+01
  0.68198597E-01  0.21436599E+01
  0.68748586E-01  0.21423582E+01
  0.69298575E-01  0.21410471E+01
  0.69848563E-01  0.21397266E+01
  0.70398552E-01  0.21383967E+01
  0.70948541E-01  0.21370574E+01
  0.71498529E-01  0.21357085E+01
  0.72048518E-01  0.21343501E+01
  0.72598507E-01  0.21329821E+01
  0.73148495E-01  0.21316043E+01
  0.73698484E-01  0.21302168E+01
  0.74248473E-01  0.21288193E+01
  0.74798461E-01  0.21274119E+01
  0.75348450E-01  0.21259944E+01
  0.75898439E-01  0.21245667E+01
  0.76448427E-01  0.21231290E+01
  0.76998416E-01  0.21216817E+01
  0.77548405E-01  0.21202262E+01
  0.78098393E-01  0.21187669E+01
  0.78648382E-01  0.21173172E+01
  0.79198371E-01  0.21159104E+01
  0.79748360E-01  0.21145463E+01
  0.80298348E-01  0.21130582E+01
  0.80848337E-01  0.21114697E+01
  0.81398326E-01  0.21098793E+01
  0.81948314E-01  0.21082958E+01
  0.82498303E-01  0.21067122E+01
  0.83048292E-01  0.21051232E+01
  0.83598280E-01  0.21035257E+01
  0.84148269E-01  0.21019180E+01
  0.84698258E-01  0.21002991E+01
  0.85248246E-01  0.36406338E+01
  0.85798235E-01  0.36315947E+01
  0.86348224E-01  0.36225463E+01
  0.86898212E-01  0.36134888E+01
  0.87448201E-01  0.36044225E+01
  0.87998190E-01  0.35953478E+01
  0.88548179E-01  0.35862651E+01
  0.89098167E-01  0.35771747E+01
  0.89648156E-01  0.35680771E+01
  0.90198145E-01  0.35589727E+01
  0.90748133E-01  0.35498619E+01
  0.91298122E-01  0.35407450E+01
  0.91848111E-01  0.35316225E+01
  0.92398099E-01  0.35224946E+01
  0.92948088E-01  0.35133617E+01
  0.93498077E-01  0.35042243E+01
  0.94048065E-01  0.34950828E+01
  0.94598054E-01  0.34859375E+01
  0.95148043E-01  0.34767889E+01
  0.95698031E-01  0.34676376E+01
  0.96248020E-01  0.34584841E+01
  0.96798009E-01  0.34493293E+01
  0.97347998E-01  0.34401740E+01
  0.97897986E-01  0.34310198E+01
  0.98447975E-01  0.34218685E+01
  0.98997964E-01  0.34127232E+01
  0.99547952E-01  0.34035880E+01
  0.10009794E+00  0.33944675E+01
  0.10064793E+00  0.33853623E+01
  0.10119792E+00  0.33762571E+01
  0.10174791E+00  0.33671161E+01
  0.10229790E+00  0.33579194E+01
  0.10284788E+00  0.33486903E+01
  0.10339787E+00  0.33394600E+01
  0.10394786E+00  0.33302414E+01
  0.10449785E+00  0.33210355E+01
  0.10504784E+00  0.33118400E+01
  0.10559783E+00  0.33026525E+01
  0.10614782E+00  0.32934714E+01
  0.10669781E+00  0.32842957E+01
  0.10724779E+00  0.32751246E+01
  0.10779778E+00  0.32659577E+01
  0.10834777E+00  0.32567949E+01
  0.10889776E+00  0.32476359E+01
  0.10944775E+00  0.32384803E+01
  0.10999774E+00  0.32293277E+01
  0.11054773E+00  0.32201774E+01
  0.11109771E+00  0.32110283E+01
  0.11164770E+00  0.32018794E+01
  0.11219769E+00  0.31927296E+01
  0.11274768E+00  0.31835781E+01
  0.11329767E+00  0.31744247E+01
  0.11384766E+00  0.31652695E+01
  0.11439765E+00  0.31561134E+01
  0.11494764E+00  0.31469572E+01
  0.11549762E+00  0.31378016E+01
  0.11604761E+00  0.31286472E+01
  0.11659760E+00  0.31194941E+01
  0.11714759E+00  0.31103420E+01
  0.11769758E+00  0.31011900E+01
  0.11824757E+00  0.30920368E+01
  0.11879756E+00  0.30828799E+01
  0.11934754E+00  0.30737156E+01
  0.11989753E+00  0.30645381E+01
  0.12044752E+00  0.30553385E+01
  0.12099751E+00  0.30461050E+01
  0.12154750E+00  0.30368273E+01
  0.12209749E+00  0.30275163E+01
  0.12264748E+00  0.30182360E+01
  0.12319747E+00  0.30090710E+01
  0.12374745E+00  0.30000062E+01
  0.12429744E+00  0.29909372E+01
  0.12484743E+00  0.29818022E+01
  0.12539742E+00  0.29726926E+01
  0.12594741E+00  0.29638091E+01
  0.12649740E+00  0.29550467E+01
  0.12704739E+00  0.29462078E+01
  0.12759738E+00  0.29372803E+01
  0.12814736E+00  0.29283007E+01
  0.12869735E+00  0.29192938E+01
  0.12924734E+00  0.29102727E+01
  0.12979733E+00  0.29012444E+01
  0.13034732E+00  0.28922127E+01
  0.13089731E+00  0.28831797E+01
  0.13144730E+00  0.28741466E+01
  0.13199728E+00  0.28651144E+01
  0.13254727E+00  0.28560835E+01
  0.13309726E+00  0.28470543E+01
  0.13364725E+00  0.28380269E+01
  0.13419724E+00  0.28290016E+01
  0.13474723E+00  0.28199785E+01
  0.13529722E+00  0.28109575E+01
  0.13584721E+00  0.28019389E+01
  0.13639719E+00  0.27929225E+01
  0.13694718E+00  0.27839085E+01
  0.13749717E+00  0.27748969E+01
  0.13804716E+00  0.27658875E+01
  0.13859715E+00  0.27568806E+01
  0.13914714E+00  0.27478760E+01
  0.13969713E+00  0.27388738E+01
  0.14024712E+00  0.27298739E+01
  0.14079710E+00  0.27208765E+01
  0.14134709E+00  0.27118814E+01
  0.14189708E+00  0.27028888E+01
  0.14244707E+00  0.26938985E+01
  0.14299706E+00  0.26849106E+01
  0.14354705E+00  0.26759252E+01
  0.14409704E+00  0.26669421E+01
  0.14464702E+00  0.26579615E+01
  0.14519701E+00  0.26489833E+01
  0.14574700E+00  0.26400075E+01
  0.14629699E+00  0.26310342E+01
  0.14684698E+00  0.26220633E+01
  0.14739697E+00  0.26130949E+01
  0.14794696E+00  0.26041290E+01
  0.14849695E+00  0.25951655E+01
  0.14904693E+00  0.25862045E+01
  0.14959692E+00  0.25772460E+01
  0.15014691E+00  0.25682901E+01
  0.15069690E+00  0.25593366E+01
  0.15124689E+00  0.25503857E+01
  0.15179688E+00  0.25414374E+01
  0.15234687E+00  0.25324917E+01
  0.15289685E+00  0.25235486E+01
  0.15344684E+00  0.25146082E+01
  0.15399683E+00  0.25056705E+01
  0.15454682E+00  0.24967355E+01
  0.15509681E+00  0.24878034E+01
  0.15564680E+00  0.24788742E+01
  0.15619679E+00  0.24699480E+01
  0.15674678E+00  0.24610248E+01
  0.15729676E+00  0.24521046E+01
  0.15784675E+00  0.24431877E+01
  0.15839674E+00  0.24342739E+01
  0.15894673E+00  0.24253634E+01
  0.15949672E+00  0.24164563E+01
  0.16004671E+00  0.24075525E+01
  0.16059670E+00  0.23986521E+01
  0.16114669E+00  0.23897550E+01
  0.16169667E+00  0.23808613E+01
  0.16224666E+00  0.23719710E+01
  0.16279665E+00  0.23630840E+01
  0.16334664E+00  0.23542002E+01
  0.16389663E+00  0.23453197E+01
  0.16444662E+00  0.23364423E+01
  0.16499661E+00  0.23275680E+01
  0.16554659E+00  0.23186967E+01
  0.16609658E+00  0.23098284E+01
  0.16664657E+00  0.23009631E+01
  0.16719656E+00  0.22921005E+01
  0.16774655E+00  0.22832407E+01
  0.16829654E+00  0.22743835E+01
  0.16884653E+00  0.22655289E+01
  0.16939652E+00  0.22566767E+01
  0.16994650E+00  0.22478268E+01
  0.17049649E+00  0.22389790E+01
  0.17104648E+00  0.22301332E+01
  0.17159647E+00  0.22212892E+01
  0.17214646E+00  0.22124464E+01
  0.17269645E+00  0.22036044E+01
  0.17324644E+00  0.21947621E+01
  0.17379642E+00  0.21859182E+01
  0.17434641E+00  0.21770703E+01
  0.17489640E+00  0.21682147E+01
  0.17544639E+00  0.21593457E+01
  0.17599638E+00  0.21504548E+01
  0.17654637E+00  0.21415315E+01
  0.17709636E+00  0.21325732E+01
  0.17764635E+00  0.21236213E+01
  0.17819633E+00  0.21148012E+01
  0.17874632E+00  0.21061894E+01
  0.17929631E+00  0.20976593E+01
  0.17984630E+00  0.20890857E+01
  0.18039629E+00  0.20804507E+01
  0.18094628E+00  0.20717738E+01
  0.18149627E+00  0.20630733E+01
  0.18204626E+00  0.20543613E+01
  0.18259624E+00  0.20456448E+01
  0.18314623E+00  0.20369280E+01
  0.18369622E+00  0.20282136E+01
  0.18424621E+00  0.20195032E+01
  0.18479620E+00  0.20107979E+01
  0.18534619E+00  0.20020987E+01
  0.18589618E+00  0.19934062E+01
  0.18644616E+00  0.19847210E+01
  0.18699615E+00  0.19760436E+01
  0.18754614E+00  0.19673747E+01
  0.18809613E+00  0.19587149E+01
  0.18864612E+00  0.19500647E+01
  0.18919611E+00  0.19414250E+01
  0.18974610E+00  0.19327964E+01
  0.19029609E+00  0.19241796E+01
  0.19084607E+00  0.19155750E+01
  0.19139606E+00  0.19069823E+01
  0.19194605E+00  0.18984003E+01
  0.19249604E+00  0.18898267E+01
  0.19304603E+00  0.18812576E+01
  0.19359602E+00  0.18726888E+01
  0.19414601E+00  0.18641172E+01
  0.19469600E+00  0.18555418E+01
  0.19524598E+00  0.18469644E+01
  0.19579597E+00  0.18383883E+01
  0.19634596E+00  0.18298174E+01
  0.19689595E+00  0.18212547E+01
  0.19744594E+00  0.18127025E+01
  0.19799593E+00  0.18041620E+01
  0.19854592E+00  0.17956340E+01
  0.19909590E+00  0.17871189E+01
  0.19964589E+00  0.17786167E+01
  0.20019588E+00  0.17701275E+01
  0.20074587E+00  0.17616514E+01
  0.20129586E+00  0.17531883E+01
  0.20184585E+00  0.17447385E+01
  0.20239584E+00  0.17363020E+01
  0.20294583E+00  0.17278792E+01
  0.20349581E+00  0.17194701E+01
  0.20404580E+00  0.17110753E+01
  0.20459579E+00  0.17026949E+01
  0.20514578E+00  0.16943295E+01
  0.20569577E+00  0.16859795E+01
  0.20624576E+00  0.16776453E+01
  0.20679575E+00  0.16693276E+01
  0.20734573E+00  0.16610270E+01
  0.20789572E+00  0.16527440E+01
  0.20844571E+00  0.16444791E+01
  0.20899570E+00  0.16362327E+01
  0.20954569E+00  0.16280048E+01
  0.21009568E+00  0.16197945E+01
  0.21064567E+00  0.16115999E+01
  0.21119566E+00  0.16034176E+01
  0.21174564E+00  0.15952424E+01
  0.21229563E+00  0.15870681E+01
  0.21284562E+00  0.15788883E+01
  0.21339561E+00  0.15706993E+01
  0.21394560E+00  0.15625010E+01
  0.21449559E+00  0.15542978E+01
  0.21504558E+00  0.15460969E+01
  0.21559557E+00  0.15379063E+01
  0.21614555E+00  0.15297328E+01
  0.21669554E+00  0.15215814E+01
  0.21724553E+00  0.15134552E+01
  0.21779552E+00  0.15053557E+01
  0.21834551E+00  0.14972835E+01
  0.21889550E+00  0.14892384E+01
  0.21944549E+00  0.14812194E+01
  0.21999547E+00  0.14732256E+01
  0.22054546E+00  0.14652557E+01
  0.22109545E+00  0.14573087E+01
  0.22164544E+00  0.14493837E+01
  0.22219543E+00  0.14414800E+01
  0.22274542E+00  0.14335973E+01
  0.22329541E+00  0.14257353E+01
  0.22384540E+00  0.14178941E+01
  0.22439538E+00  0.14100739E+01
  0.22494537E+00  0.14022749E+01
  0.22549536E+00  0.13944975E+01
  0.22604535E+00  0.13867418E+01
  0.22659534E+00  0.13790082E+01
  0.22714533E+00  0.13712971E+01
  0.22769532E+00  0.13636088E+01
  0.22824530E+00  0.13559435E+01
  0.22879529E+00  0.13483017E+01
  0.22934528E+00  0.13406836E+01
  0.22989527E+00  0.13330895E+01
  0.23044526E+00  0.13255197E+01
  0.23099525E+00  0.13179743E+01
  0.23154524E+00  0.13104534E+01
  0.23209523E+00  0.13029569E+01
  0.23264521E+00  0.12954846E+01
  0.23319520E+00  0.12880360E+01
  0.23374519E+00  0.12806108E+01
  0.23429518E+00  0.12732084E+01
  0.23484517E+00  0.12658279E+01
  0.23539516E+00  0.12584688E+01
  0.23594515E+00  0.12511302E+01
  0.23649514E+00  0.12438115E+01
  0.23704512E+00  0.12365124E+01
  0.23759511E+00  0.12292327E+01
  0.23814510E+00  0.12219725E+01
  0.23869509E+00  0.12147323E+01
  0.23924508E+00  0.12075128E+01
  0.23979507E+00  0.12003148E+01
  0.24034506E+00  0.11931393E+01
  0.24089504E+00  0.11859871E+01
  0.24144503E+00  0.11788591E+01
  0.24199502E+00  0.11717558E+01
  0.24254501E+00  0.11646779E+01
  0.24309500E+00  0.11576257E+01
  0.24364499E+00  0.11505996E+01
  0.24419498E+00  0.11435997E+01
  0.24474497E+00  0.11366261E+01
  0.24529495E+00  0.11296787E+01
  0.24584494E+00  0.11227571E+01
  0.24639493E+00  0.11158607E+01
  0.24694492E+00  0.11089883E+01
  0.24749491E+00  0.11021375E+01
  0.24804490E+00  0.10953033E+01
  0.24859489E+00  0.10884736E+01
  0.24914488E+00  0.10816110E+01
  0.24969486E+00  0.10745371E+01
  0.25024485E+00  0.10662291E+01
  0.25079484E+00  0.10607593E+01
  0.25134483E+00  0.10546857E+01
  0.25189482E+00  0.10482338E+01
  0.25244481E+00  0.10417231E+01
  0.25299480E+00  0.10352004E+01
  0.25354478E+00  0.10286838E+01
  0.25409477E+00  0.10221830E+01
  0.25464476E+00  0.10157035E+01
  0.25519475E+00  0.10092484E+01
  0.25574474E+00  0.10028196E+01
  0.25629473E+00  0.99641830E+00
  0.25684472E+00  0.99004528E+00
  0.25739471E+00  0.98370097E+00
  0.25794469E+00  0.97738564E+00
  0.25849468E+00  0.97109947E+00
  0.25904467E+00  0.96484258E+00
  0.25959466E+00  0.95861507E+00
  0.26014465E+00  0.95241707E+00
  0.26069464E+00  0.94624874E+00
  0.26124463E+00  0.94011040E+00
  0.26179461E+00  0.93400246E+00
  0.26234460E+00  0.92792554E+00
  0.26289459E+00  0.92188033E+00
  0.26344458E+00  0.91586751E+00
  0.26399457E+00  0.90988751E+00
  0.26454456E+00  0.90394032E+00
  0.26509455E+00  0.89802553E+00
  0.26564454E+00  0.89214246E+00
  0.26619452E+00  0.88629048E+00
  0.26674451E+00  0.88046913E+00
  0.26729450E+00  0.87467822E+00
  0.26784449E+00  0.86891775E+00
  0.26839448E+00  0.86318788E+00
  0.26894447E+00  0.85748886E+00
  0.26949446E+00  0.85182098E+00
  0.27004445E+00  0.84618456E+00
  0.27059443E+00  0.84057991E+00
  0.27114442E+00  0.83500734E+00
  0.27169441E+00  0.82946711E+00
  0.27224440E+00  0.82395944E+00
  0.27279439E+00  0.81848447E+00
  0.27334438E+00  0.81304226E+00
  0.27389437E+00  0.80763275E+00
  0.27444435E+00  0.80225576E+00
  0.27499434E+00  0.79691101E+00
  0.27554433E+00  0.79159812E+00
  0.27609432E+00  0.78631667E+00
  0.27664431E+00  0.78106626E+00
  0.27719430E+00  0.77584655E+00
  0.27774429E+00  0.77065729E+00
  0.27829428E+00  0.76549834E+00
  0.27884426E+00  0.76036967E+00
  0.27939425E+00  0.67014719E+00
  0.27994424E+00  0.66803385E+00
  0.28049423E+00  0.66592395E+00
  0.28104422E+00  0.66381786E+00
  0.28159421E+00  0.66171599E+00
  0.28214420E+00  0.65961871E+00
  0.28269418E+00  0.65752638E+00
  0.28324417E+00  0.65543936E+00
  0.28379416E+00  0.65335797E+00
  0.28434415E+00  0.65128252E+00
  0.28489414E+00  0.64921329E+00
  0.28544413E+00  0.64715055E+00
  0.28599412E+00  0.64509456E+00
  0.28654411E+00  0.64304555E+00
  0.28709409E+00  0.64100377E+00
  0.28764408E+00  0.63896942E+00
  0.28819407E+00  0.63694271E+00
  0.28874406E+00  0.63492383E+00
  0.28929405E+00  0.63291298E+00
  0.28984404E+00  0.63091034E+00
  0.29039403E+00  0.62891606E+00
  0.29094402E+00  0.62693032E+00
  0.29149400E+00  0.62495326E+00
  0.29204399E+00  0.62298503E+00
  0.29259398E+00  0.62102577E+00
  0.29314397E+00  0.61907559E+00
  0.29369396E+00  0.61713459E+00
  0.29424395E+00  0.61520289E+00
  0.29479394E+00  0.61328054E+00
  0.29534392E+00  0.61136760E+00
  0.29589391E+00  0.60946409E+00
  0.29644390E+00  0.60757001E+00
  0.29699389E+00  0.60568531E+00
  0.29754388E+00  0.60380991E+00
  0.29809387E+00  0.60194368E+00
  0.29864386E+00  0.60008645E+00
  0.29919385E+00  0.59823801E+00
  0.29974383E+00  0.59639809E+00
  0.30029382E+00  0.59456643E+00
  0.30084381E+00  0.59274272E+00
  0.30139380E+00  0.59092670E+00
  0.30194379E+00  0.58911812E+00
  0.30249378E+00  0.58731679E+00
  0.30304377E+00  0.58552263E+00
  0.30359375E+00  0.58373563E+00
  0.30414374E+00  0.58195593E+00
  0.30469373E+00  0.58018374E+00
  0.30524372E+00  0.57841941E+00
  0.30579371E+00  0.57666336E+00
  0.30634370E+00  0.57491606E+00
  0.30689369E+00  0.57317802E+00
  0.30744368E+00  0.57144977E+00
  0.30799366E+00  0.56973179E+00
  0.30854365E+00  0.56802456E+00
  0.30909364E+00  0.56632851E+00
  0.30964363E+00  0.56464399E+00
  0.31019362E+00  0.56297132E+00
  0.31074361E+00  0.56131076E+00
  0.31129360E+00  0.55966252E+00
  0.31184359E+00  0.55802677E+00
  0.31239357E+00  0.55640362E+00
  0.31294356E+00  0.55479317E+00
  0.31349355E+00  0.55319546E+00
  0.31404354E+00  0.55161055E+00
  0.31459353E+00  0.55003843E+00
  0.31514352E+00  0.54847911E+00
  0.31569351E+00  0.54693258E+00
  0.31624349E+00  0.54539881E+00
  0.31679348E+00  0.54387779E+00
  0.31734347E+00  0.54236949E+00
  0.31789346E+00  0.54087388E+00
  0.31844345E+00  0.53939095E+00
  0.31899344E+00  0.53792069E+00
  0.31954343E+00  0.53646309E+00
  0.32009342E+00  0.53501816E+00
  0.32064340E+00  0.53358593E+00
  0.32119339E+00  0.53216642E+00
  0.32174338E+00  0.53075967E+00
  0.32229337E+00  0.52936573E+00
  0.32284336E+00  0.52798463E+00
  0.32339335E+00  0.52661644E+00
  0.32394334E+00  0.52526119E+00
  0.32449333E+00  0.52391891E+00
  0.32504331E+00  0.52258964E+00
  0.32559330E+00  0.52127339E+00
  0.32614329E+00  0.51997020E+00
  0.32669328E+00  0.51868007E+00
  0.32724327E+00  0.51740307E+00
  0.32779326E+00  0.51613927E+00
  0.32834325E+00  0.51488882E+00
  0.32889323E+00  0.51365195E+00
  0.32944322E+00  0.51242897E+00
  0.32999321E+00  0.51122031E+00
  0.33054320E+00  0.51002649E+00
  0.33109319E+00  0.50884804E+00
  0.33164318E+00  0.50768547E+00
  0.33219317E+00  0.50653917E+00
  0.33274316E+00  0.50540929E+00
  0.33329314E+00  0.50429571E+00
  0.33384313E+00  0.50319805E+00
  0.33439312E+00  0.50211568E+00
  0.33494311E+00  0.50104786E+00
  0.33549310E+00  0.49999378E+00
  0.33604309E+00  0.49895268E+00
  0.33659308E+00  0.49792387E+00
  0.33714306E+00  0.49690672E+00
  0.33769305E+00  0.49590066E+00
  0.33824304E+00  0.49490507E+00
  0.33879303E+00  0.49391923E+00
  0.33934302E+00  0.49294217E+00
  0.33989301E+00  0.49197262E+00
  0.34044300E+00  0.49100917E+00
  0.34099299E+00  0.49005150E+00
  0.34154297E+00  0.48910390E+00
  0.34209296E+00  0.48817935E+00
  0.34264295E+00  0.48729226E+00
  0.34319294E+00  0.48643930E+00
  0.34374293E+00  0.48560326E+00
  0.34429292E+00  0.48477296E+00
  0.34484291E+00  0.48394663E+00
  0.34539290E+00  0.48312627E+00
  0.34594288E+00  0.48231411E+00
  0.34649287E+00  0.48151172E+00
  0.34704286E+00  0.48072006E+00
  0.34759285E+00  0.47993972E+00
  0.34814284E+00  0.47917102E+00
  0.34869283E+00  0.47841416E+00
  0.34924282E+00  0.47766925E+00
  0.34979280E+00  0.47693635E+00
  0.35034279E+00  0.47621551E+00
  0.35089278E+00  0.47550673E+00
  0.35144277E+00  0.47481003E+00
  0.35199276E+00  0.47412538E+00
  0.35254275E+00  0.47345278E+00
  0.35309274E+00  0.47279221E+00
  0.35364273E+00  0.47214365E+00
  0.35419271E+00  0.47150707E+00
  0.35474270E+00  0.47088245E+00
  0.35529269E+00  0.47026976E+00
  0.35584268E+00  0.46966897E+00
  0.35639267E+00  0.46908005E+00
  0.35694266E+00  0.46850296E+00
  0.35749265E+00  0.46793768E+00
  0.35804263E+00  0.46738417E+00
  0.35859262E+00  0.46684240E+00
  0.35914261E+00  0.46631232E+00
  0.35969260E+00  0.46579391E+00
  0.36024259E+00  0.46528711E+00
  0.36079258E+00  0.46479190E+00
  0.36134257E+00  0.46430824E+00
  0.36189256E+00  0.46383608E+00
  0.36244254E+00  0.46337538E+00
  0.36299253E+00  0.46292610E+00
  0.36354252E+00  0.46248822E+00
  0.36409251E+00  0.46206170E+00
  0.36464250E+00  0.46164655E+00
  0.36519249E+00  0.46124282E+00
  0.36574248E+00  0.46085070E+00
  0.36629247E+00  0.46047062E+00
  0.36684245E+00  0.46010322E+00
  0.36739244E+00  0.45974851E+00
  0.36794243E+00  0.45940458E+00
  0.36849242E+00  0.45906957E+00
  0.36904241E+00  0.45874384E+00
  0.36959240E+00  0.45842840E+00
  0.37014239E+00  0.45812383E+00
  0.37069237E+00  0.45783026E+00
  0.37124236E+00  0.45754770E+00
  0.37179235E+00  0.45727612E+00
  0.37234234E+00  0.45701544E+00
  0.37289233E+00  0.45676561E+00
  0.37344232E+00  0.45652657E+00
  0.37399231E+00  0.45629828E+00
  0.37454230E+00  0.45608068E+00
  0.37509228E+00  0.42112156E+00
  0.37564227E+00  0.42156028E+00
  0.37619226E+00  0.42201013E+00
  0.37674225E+00  0.42247106E+00
  0.37729224E+00  0.42294297E+00
  0.37784223E+00  0.42342580E+00
  0.37839222E+00  0.42391945E+00
  0.37894221E+00  0.42442384E+00
  0.37949219E+00  0.42493889E+00
  0.38004218E+00  0.42546451E+00
  0.38059217E+00  0.42600062E+00
  0.38114216E+00  0.42654711E+00
  0.38169215E+00  0.42710391E+00
  0.38224214E+00  0.42767092E+00
  0.38279213E+00  0.42824804E+00
  0.38334211E+00  0.42883520E+00
  0.38389210E+00  0.42943231E+00
  0.38444209E+00  0.43003929E+00
  0.38499208E+00  0.43065609E+00
  0.38554207E+00  0.43128266E+00
  0.38609206E+00  0.43191898E+00
  0.38664205E+00  0.43256505E+00
  0.38719204E+00  0.43322091E+00
  0.38774202E+00  0.43388665E+00
  0.38829201E+00  0.43456239E+00
  0.38884200E+00  0.43524830E+00
  0.38939199E+00  0.43594461E+00
  0.38994198E+00  0.43665157E+00
  0.39049197E+00  0.43736948E+00
  0.39104196E+00  0.43809861E+00
  0.39159194E+00  0.43883923E+00
  0.39214193E+00  0.43959156E+00
  0.39269192E+00  0.44035573E+00
  0.39324191E+00  0.44113179E+00
  0.39379190E+00  0.44191966E+00
  0.39434189E+00  0.44271918E+00
  0.39489188E+00  0.44353010E+00
  0.39544187E+00  0.44435210E+00
  0.39599185E+00  0.44518486E+00
  0.39654184E+00  0.44602802E+00
  0.39709183E+00  0.44688130E+00
  0.39764182E+00  0.44774443E+00
  0.39819181E+00  0.44861724E+00
  0.39874180E+00  0.44949960E+00
  0.39929179E+00  0.45039146E+00
  0.39984178E+00  0.45129282E+00
  0.40039176E+00  0.45220371E+00
  0.40094175E+00  0.45312423E+00
  0.40149174E+00  0.45405445E+00
  0.40204173E+00  0.45499450E+00
  0.40259172E+00  0.45594453E+00
  0.40314171E+00  0.45690472E+00
  0.40369170E+00  0.45787538E+00
  0.40424168E+00  0.45885694E+00
  0.40479167E+00  0.45985010E+00
  0.40534166E+00  0.46085591E+00
  0.40589165E+00  0.46187600E+00
  0.40644164E+00  0.46291265E+00
  0.40699163E+00  0.46396861E+00
  0.40754162E+00  0.46504542E+00
  0.40809161E+00  0.46613766E+00
  0.40864159E+00  0.46722325E+00
  0.40919158E+00  0.46826829E+00
  0.40974157E+00  0.46926648E+00
  0.41029156E+00  0.47025128E+00
  0.41084155E+00  0.47125291E+00
  0.41139154E+00  0.47227972E+00
  0.41194153E+00  0.47332910E+00
  0.41249151E+00  0.47439652E+00
  0.41304150E+00  0.47547835E+00
  0.41359149E+00  0.47657212E+00
  0.41414148E+00  0.47767616E+00
  0.41469147E+00  0.47878939E+00
  0.41524146E+00  0.47991104E+00
  0.41579145E+00  0.48104057E+00
  0.41634144E+00  0.48217756E+00
  0.41689142E+00  0.48332167E+00
  0.41744141E+00  0.48447262E+00
  0.41799140E+00  0.48563015E+00
  0.41854139E+00  0.48679402E+00
  0.41909138E+00  0.48796399E+00
  0.41964137E+00  0.48913984E+00
  0.42019136E+00  0.49032139E+00
  0.42074135E+00  0.49150849E+00
  0.42129133E+00  0.49270107E+00
  0.42184132E+00  0.49389922E+00
  0.42239131E+00  0.49510327E+00
  0.42294130E+00  0.49631392E+00
  0.42349129E+00  0.49753224E+00
  0.42404128E+00  0.49875975E+00
  0.42459127E+00  0.49999814E+00
  0.42514125E+00  0.50124890E+00
  0.42569124E+00  0.50251273E+00
  0.42624123E+00  0.50378922E+00
  0.42679122E+00  0.50507693E+00
  0.42734121E+00  0.50637384E+00
  0.42789120E+00  0.50767791E+00
  0.42844119E+00  0.50898756E+00
  0.42899118E+00  0.51030173E+00
  0.42954116E+00  0.51161988E+00
  0.43009115E+00  0.51294183E+00
  0.43064114E+00  0.51426760E+00
  0.43119113E+00  0.51559732E+00
  0.43174112E+00  0.51693119E+00
  0.43229111E+00  0.51826937E+00
  0.43284110E+00  0.51961203E+00
  0.43339109E+00  0.52095929E+00
  0.43394107E+00  0.52231128E+00
  0.43449106E+00  0.52366806E+00
  0.43504105E+00  0.52502970E+00
  0.43559104E+00  0.52639623E+00
  0.43614103E+00  0.52776767E+00
  0.43669102E+00  0.52914404E+00
  0.43724101E+00  0.53052534E+00
  0.43779099E+00  0.53191156E+00
  0.43834098E+00  0.53330267E+00
  0.43889097E+00  0.53469866E+00
  0.43944096E+00  0.53609951E+00
  0.43999095E+00  0.53750518E+00
  0.44054094E+00  0.53891565E+00
  0.44109093E+00  0.54033088E+00
  0.44164092E+00  0.54175085E+00
  0.44219090E+00  0.54317552E+00
  0.44274089E+00  0.54460486E+00
  0.44329088E+00  0.54603883E+00
  0.44384087E+00  0.54747740E+00
  0.44439086E+00  0.54892054E+00
  0.44494085E+00  0.55036821E+00
  0.44549084E+00  0.55182038E+00
  0.44604082E+00  0.55327700E+00
  0.44659081E+00  0.55473803E+00
  0.44714080E+00  0.55620342E+00
  0.44769079E+00  0.55767312E+00
  0.44824078E+00  0.55914708E+00
  0.44879077E+00  0.56062522E+00
  0.44934076E+00  0.56210748E+00
  0.44989075E+00  0.56359377E+00
  0.45044073E+00  0.56508403E+00
  0.45099072E+00  0.56657817E+00
  0.45154071E+00  0.56807609E+00
  0.45209070E+00  0.56957770E+00
  0.45264069E+00  0.57108292E+00
  0.45319068E+00  0.57259165E+00
  0.45374067E+00  0.57410380E+00
  0.45429066E+00  0.57561927E+00
  0.45484064E+00  0.57713797E+00
  0.45539063E+00  0.57865979E+00
  0.45594062E+00  0.58018456E+00
  0.45649061E+00  0.58171210E+00
  0.45704060E+00  0.58324202E+00
  0.45759059E+00  0.58477371E+00
  0.45814058E+00  0.58630628E+00
  0.45869056E+00  0.58783928E+00
  0.45924055E+00  0.58937441E+00
  0.45979054E+00  0.59091501E+00
  0.46034053E+00  0.59246201E+00
  0.46089052E+00  0.59401383E+00
  0.46144051E+00  0.59556904E+00
  0.46199050E+00  0.59712699E+00
  0.46254049E+00  0.59868745E+00
  0.46309047E+00  0.60025027E+00
  0.46364046E+00  0.60181521E+00
  0.46419045E+00  0.60338183E+00
  0.46474044E+00  0.60494951E+00
  0.46529043E+00  0.60651746E+00
  0.46584042E+00  0.60808501E+00
  0.46639041E+00  0.60965172E+00
  0.46694039E+00  0.61121756E+00
  0.46749038E+00  0.61278284E+00
  0.46804037E+00  0.61434806E+00
  0.46859036E+00  0.61591370E+00
  0.46914035E+00  0.61748012E+00
  0.46969034E+00  0.61904755E+00
  0.47024033E+00  0.62061608E+00
  0.47079032E+00  0.62218568E+00
  0.47134030E+00  0.62375627E+00
  0.47189029E+00  0.62532774E+00
  0.47244028E+00  0.62689991E+00
  0.47299027E+00  0.62847263E+00
  0.47354026E+00  0.63004572E+00
  0.47409025E+00  0.63161899E+00
  0.47464024E+00  0.63319226E+00
  0.47519023E+00  0.63476533E+00
  0.47574021E+00  0.63633800E+00
  0.47629020E+00  0.63791007E+00
  0.47684019E+00  0.63948133E+00
  0.47739018E+00  0.64105155E+00
  0.47794017E+00  0.64262051E+00
  0.47849016E+00  0.64418798E+00
  0.47904015E+00  0.64575374E+00
  0.47959013E+00  0.64731756E+00
  0.48014012E+00  0.64887924E+00
  0.48069011E+00  0.65043858E+00
  0.48124010E+00  0.65199544E+00
  0.48179009E+00  0.65354975E+00
  0.48234008E+00  0.65510149E+00
  0.48289007E+00  0.65665075E+00
  0.48344006E+00  0.65819776E+00
  0.48399004E+00  0.65974283E+00
  0.48454003E+00  0.66128637E+00
  0.48509002E+00  0.66282883E+00
  0.48564001E+00  0.66437064E+00
  0.48619000E+00  0.66591209E+00
  0.48673999E+00  0.66745334E+00
  0.48728998E+00  0.66899430E+00
  0.48783996E+00  0.67053470E+00
  0.48838995E+00  0.67207411E+00
  0.48893994E+00  0.67361202E+00
  0.48948993E+00  0.67514790E+00
  0.49003992E+00  0.67668126E+00
  0.49058991E+00  0.67821166E+00
  0.49113990E+00  0.67973877E+00
  0.49168989E+00  0.68126232E+00
  0.49223987E+00  0.68278212E+00
  0.49278986E+00  0.68429806E+00
  0.49333985E+00  0.68581005E+00
  0.49388984E+00  0.68731808E+00
  0.49443983E+00  0.68882217E+00
  0.49498982E+00  0.69032237E+00
  0.49553981E+00  0.69181878E+00
  0.49608980E+00  0.69331151E+00
  0.49663978E+00  0.69480075E+00
  0.49718977E+00  0.69628667E+00
  0.49773976E+00  0.69776949E+00
  0.49828975E+00  0.69924944E+00
  0.49883974E+00  0.70072672E+00
  0.49938973E+00  0.70220151E+00
  0.49993972E+00  0.70367397E+00
  0.50048970E+00  0.70514415E+00
  0.50103969E+00  0.70661209E+00
  0.50158968E+00  0.70807772E+00
  0.50213967E+00  0.70954095E+00
  0.50268966E+00  0.71100162E+00
  0.50323965E+00  0.71245950E+00
  0.50378964E+00  0.71391428E+00
  0.50433963E+00  0.71536545E+00
  0.50488961E+00  0.71681222E+00
  0.50543960E+00  0.71825324E+00
  0.50598959E+00  0.71968645E+00
  0.50653958E+00  0.72110888E+00
  0.50708957E+00  0.72251708E+00
  0.50763956E+00  0.72390814E+00
  0.50818955E+00  0.72528146E+00
  0.50873954E+00  0.72663978E+00
  0.50928952E+00  0.72798831E+00
  0.50983951E+00  0.72933243E+00
  0.51038950E+00  0.73067566E+00
  0.51093949E+00  0.73201931E+00
  0.51148948E+00  0.73336311E+00
  0.51203947E+00  0.73470604E+00
  0.51258946E+00  0.73604691E+00
  0.51313944E+00  0.73738464E+00
  0.51368943E+00  0.73871835E+00
  0.51423942E+00  0.74004734E+00
  0.51478941E+00  0.74137112E+00
  0.51533940E+00  0.74268929E+00
  0.51588939E+00  0.74400156E+00
  0.51643938E+00  0.74530771E+00
  0.51698937E+00  0.74660757E+00
  0.51753935E+00  0.74790100E+00
  0.51808934E+00  0.74918789E+00
  0.51863933E+00  0.75046814E+00
  0.51918932E+00  0.75174167E+00
  0.51973931E+00  0.75300842E+00
  0.52028930E+00  0.75426829E+00
  0.52083929E+00  0.75552124E+00
  0.52138927E+00  0.75676719E+00
  0.52193926E+00  0.75800607E+00
  0.52248925E+00  0.75923783E+00
  0.52303924E+00  0.76046239E+00
  0.52358923E+00  0.76167970E+00
  0.52413922E+00  0.76288968E+00
  0.52468921E+00  0.76409226E+00
  0.52523920E+00  0.76528739E+00
  0.52578918E+00  0.76647500E+00
  0.52633917E+00  0.76765502E+00
  0.52688916E+00  0.76882739E+00
  0.52743915E+00  0.76999206E+00
  0.52798914E+00  0.77114895E+00
  0.52853913E+00  0.77229802E+00
  0.52908912E+00  0.77343921E+00
  0.52963911E+00  0.77457247E+00
  0.53018909E+00  0.77569775E+00
  0.53073908E+00  0.77681500E+00
  0.53128907E+00  0.77792418E+00
  0.53183906E+00  0.77902525E+00
  0.53238905E+00  0.78011817E+00
  0.53293904E+00  0.78120292E+00
  0.53348903E+00  0.78227944E+00
  0.53403901E+00  0.78334772E+00
  0.53458900E+00  0.78440772E+00
  0.53513899E+00  0.78545941E+00
  0.53568898E+00  0.78650276E+00
  0.53623897E+00  0.78753772E+00
  0.53678896E+00  0.78856428E+00
  0.53733895E+00  0.78958238E+00
  0.53788894E+00  0.79059199E+00
  0.53843892E+00  0.79159306E+00
  0.53898891E+00  0.79258556E+00
  0.53953890E+00  0.79356944E+00
  0.54008889E+00  0.79454465E+00
  0.54063888E+00  0.79551115E+00
  0.54118887E+00  0.79646889E+00
  0.54173886E+00  0.79741783E+00
  0.54228884E+00  0.79835793E+00
  0.54283883E+00  0.79928915E+00
  0.54338882E+00  0.80021147E+00
  0.54393881E+00  0.80112486E+00
  0.54448880E+00  0.80202934E+00
  0.54503879E+00  0.80292491E+00
  0.54558878E+00  0.80381162E+00
  0.54613877E+00  0.80468954E+00
  0.54668875E+00  0.80555875E+00
  0.54723874E+00  0.80641937E+00
  0.54778873E+00  0.80727149E+00
  0.54833872E+00  0.80811518E+00
  0.54888871E+00  0.80895039E+00
  0.54943870E+00  0.80977698E+00
  0.54998902E+00  0.81059464E+00
  0.55053934E+00  0.81163224E+00
  0.55108967E+00  0.81264466E+00
  0.55163999E+00  0.81363195E+00
  0.55219031E+00  0.81459413E+00
  0.55274063E+00  0.81553118E+00
  0.55329096E+00  0.81644308E+00
  0.55384128E+00  0.81732980E+00
  0.55439160E+00  0.81819129E+00
  0.55494192E+00  0.81902753E+00
  0.55549225E+00  0.81983849E+00
  0.55604257E+00  0.82062415E+00
  0.55659289E+00  0.82138450E+00
  0.55714321E+00  0.82211952E+00
  0.55769354E+00  0.82282919E+00
  0.55824386E+00  0.82351353E+00
  0.55879418E+00  0.82417252E+00
  0.55934450E+00  0.82480617E+00
  0.55989483E+00  0.82541447E+00
  0.56044515E+00  0.82599745E+00
  0.56099547E+00  0.82655509E+00
  0.56154579E+00  0.82708743E+00
  0.56209612E+00  0.82759446E+00
  0.56264644E+00  0.82807622E+00
  0.56319676E+00  0.82853270E+00
  0.56374708E+00  0.82896395E+00
  0.56429741E+00  0.82936997E+00
  0.56484773E+00  0.82975079E+00
  0.56539805E+00  0.83010645E+00
  0.56594837E+00  0.83043697E+00
  0.56649870E+00  0.83074238E+00
  0.56704902E+00  0.83102271E+00
  0.56759934E+00  0.83127801E+00
  0.56814966E+00  0.83150830E+00
  0.56869998E+00  0.83171363E+00
  0.56925031E+00  0.83189404E+00
  0.56980063E+00  0.83204957E+00
  0.57035095E+00  0.83218027E+00
  0.57090127E+00  0.83228618E+00
  0.57145160E+00  0.83236736E+00
  0.57200192E+00  0.83242385E+00
  0.57255224E+00  0.83245570E+00
  0.57310256E+00  0.83246298E+00
  0.57365289E+00  0.83244573E+00
  0.57420321E+00  0.83240402E+00
  0.57475353E+00  0.83233791E+00
  0.57530385E+00  0.83224744E+00
  0.57585418E+00  0.83213270E+00
  0.57640450E+00  0.83199374E+00
  0.57695482E+00  0.83183063E+00
  0.57750514E+00  0.83164344E+00
  0.57805547E+00  0.83143223E+00
  0.57860579E+00  0.83119708E+00
  0.57915611E+00  0.83093806E+00
  0.57970643E+00  0.83065524E+00
  0.58025676E+00  0.83034869E+00
  0.58080708E+00  0.83001851E+00
  0.58135740E+00  0.82966475E+00
  0.58190772E+00  0.82928750E+00
  0.58245805E+00  0.82888685E+00
  0.58300837E+00  0.82846286E+00
  0.58355869E+00  0.82801563E+00
  0.58410901E+00  0.82754524E+00
  0.58465934E+00  0.82705177E+00
  0.58520966E+00  0.82653531E+00
  0.58575998E+00  0.82599595E+00
  0.58631030E+00  0.82543377E+00
  0.58686063E+00  0.82484886E+00
  0.58741095E+00  0.82424132E+00
  0.58796127E+00  0.82361123E+00
  0.58851159E+00  0.82295869E+00
  0.58906192E+00  0.82228379E+00
  0.58961224E+00  0.82158662E+00
  0.59016256E+00  0.82086729E+00
  0.59071288E+00  0.82012588E+00
  0.59126321E+00  0.81936249E+00
  0.59181353E+00  0.81857723E+00
  0.59236385E+00  0.81777019E+00
  0.59291417E+00  0.81694148E+00
  0.59346450E+00  0.81609119E+00
  0.59401482E+00  0.81521944E+00
  0.59456514E+00  0.81432631E+00
  0.59511546E+00  0.81341193E+00
  0.59566579E+00  0.81247640E+00
  0.59621611E+00  0.81151982E+00
  0.59676643E+00  0.81054232E+00
  0.59731675E+00  0.80954399E+00
  0.59786708E+00  0.80852496E+00
  0.59841740E+00  0.80748533E+00
  0.59896772E+00  0.80642523E+00
  0.59951804E+00  0.80534478E+00
  0.60006837E+00  0.80424409E+00
  0.60061869E+00  0.80312328E+00
  0.60116901E+00  0.80198248E+00
  0.60171933E+00  0.80082182E+00
  0.60226966E+00  0.79964141E+00
  0.60281998E+00  0.79844140E+00
  0.60337030E+00  0.79722190E+00
  0.60392062E+00  0.79598304E+00
  0.60447095E+00  0.79472497E+00
  0.60502127E+00  0.79344781E+00
  0.60557159E+00  0.79215169E+00
  0.60612191E+00  0.79083676E+00
  0.60667224E+00  0.78950315E+00
  0.60722256E+00  0.78815099E+00
  0.60777288E+00  0.78678044E+00
  0.60832320E+00  0.78539162E+00
  0.60887353E+00  0.78398469E+00
  0.60942385E+00  0.78255978E+00
  0.60997417E+00  0.78111705E+00
  0.61052449E+00  0.77965663E+00
  0.61107482E+00  0.77817868E+00
  0.61162514E+00  0.77668336E+00
  0.61217546E+00  0.77517081E+00
  0.61272578E+00  0.77364119E+00
  0.61327611E+00  0.77209467E+00
  0.61382643E+00  0.77053140E+00
  0.61437675E+00  0.76895155E+00
  0.61492707E+00  0.76735530E+00
  0.61547740E+00  0.76574282E+00
  0.61602772E+00  0.76411428E+00
  0.61657804E+00  0.76246987E+00
  0.61712836E+00  0.76080978E+00
  0.61767869E+00  0.75913420E+00
  0.61822901E+00  0.75744332E+00
  0.61877933E+00  0.75573736E+00
  0.61932965E+00  0.75401652E+00
  0.61987998E+00  0.75228102E+00
  0.62043030E+00  0.75053109E+00
  0.62098062E+00  0.74876695E+00
  0.62153094E+00  0.74698885E+00
  0.62208127E+00  0.74519704E+00
  0.62263159E+00  0.74339178E+00
  0.62318191E+00  0.74157333E+00
  0.62373223E+00  0.73974199E+00
  0.62428256E+00  0.73789803E+00
  0.62483288E+00  0.73604177E+00
  0.62538320E+00  0.73417349E+00
  0.62593352E+00  0.73229352E+00
  0.62648385E+00  0.73040213E+00
  0.62703417E+00  0.72849960E+00
  0.62758449E+00  0.72658614E+00
  0.62813481E+00  0.72466192E+00
  0.62868514E+00  0.72272697E+00
  0.62923546E+00  0.72078122E+00
  0.62978578E+00  0.71882446E+00
  0.63033610E+00  0.71685640E+00
  0.63088643E+00  0.71487674E+00
  0.63143675E+00  0.71288533E+00
  0.63198707E+00  0.71088228E+00
  0.63253739E+00  0.70886810E+00
  0.63308772E+00  0.70684362E+00
  0.63363804E+00  0.70480990E+00
  0.63418836E+00  0.70276798E+00
  0.63473868E+00  0.70071870E+00
  0.63528901E+00  0.69866252E+00
  0.63583933E+00  0.69659934E+00
  0.63638965E+00  0.69452843E+00
  0.63693997E+00  0.69244832E+00
  0.63749030E+00  0.69035686E+00
  0.63804062E+00  0.68825132E+00
  0.63859094E+00  0.68612884E+00
  0.63914126E+00  0.68398697E+00
  0.63969159E+00  0.68182436E+00
  0.64024191E+00  0.67964124E+00
  0.64079223E+00  0.67743947E+00
  0.64134255E+00  0.67522213E+00
  0.64189288E+00  0.67299279E+00
  0.64244320E+00  0.67075488E+00
  0.64299352E+00  0.66851117E+00
  0.64354384E+00  0.66626364E+00
  0.64409417E+00  0.66401349E+00
  0.64464449E+00  0.66176134E+00
  0.64519481E+00  0.65950736E+00
  0.64574513E+00  0.65725147E+00
  0.64629546E+00  0.65499346E+00
  0.64684578E+00  0.65273304E+00
  0.64739610E+00  0.65046990E+00
  0.64794642E+00  0.64820377E+00
  0.64849675E+00  0.64593441E+00
  0.64904707E+00  0.64366160E+00
  0.64959739E+00  0.64138519E+00
  0.65014771E+00  0.63910504E+00
  0.65069804E+00  0.63682106E+00
  0.65124836E+00  0.63453318E+00
  0.65179868E+00  0.63224136E+00
  0.65234900E+00  0.62994559E+00
  0.65289933E+00  0.62764587E+00
  0.65344965E+00  0.62534224E+00
  0.65399997E+00  0.62303472E+00
  0.65455029E+00  0.62072337E+00
  0.65510062E+00  0.61840827E+00
  0.65565094E+00  0.61608947E+00
  0.65620126E+00  0.61376708E+00
  0.65675158E+00  0.61144118E+00
  0.65730191E+00  0.60911187E+00
  0.65785223E+00  0.60677926E+00
  0.65840255E+00  0.60444347E+00
  0.65895287E+00  0.60210461E+00
  0.65950320E+00  0.59976281E+00
  0.66005352E+00  0.59741819E+00
  0.66060384E+00  0.59507089E+00
  0.66115416E+00  0.59272103E+00
  0.66170449E+00  0.59036876E+00
  0.66225481E+00  0.58801420E+00
  0.66280513E+00  0.58565751E+00
  0.66335545E+00  0.58329881E+00
  0.66390578E+00  0.58093827E+00
  0.66445610E+00  0.57857601E+00
  0.66500642E+00  0.57621218E+00
  0.66555674E+00  0.57384694E+00
  0.66610707E+00  0.57148042E+00
  0.66665739E+00  0.56911277E+00
  0.66720771E+00  0.56674415E+00
  0.66775803E+00  0.56437470E+00
  0.66830836E+00  0.56200457E+00
  0.66885868E+00  0.55963391E+00
  0.66940900E+00  0.55726287E+00
  0.66995932E+00  0.55489159E+00
  0.67050965E+00  0.55252024E+00
  0.67105997E+00  0.55014896E+00
  0.67161029E+00  0.54777791E+00
  0.67216061E+00  0.54540723E+00
  0.67271094E+00  0.54303708E+00
  0.67326126E+00  0.54066761E+00
  0.67381158E+00  0.53829898E+00
  0.67436190E+00  0.53593133E+00
  0.67491223E+00  0.53356481E+00
  0.67546255E+00  0.53119958E+00
  0.67601287E+00  0.52883578E+00
  0.67656319E+00  0.52647357E+00
  0.67711352E+00  0.52411306E+00
  0.67766384E+00  0.52175441E+00
  0.67821416E+00  0.51939774E+00
  0.67876448E+00  0.51704317E+00
  0.67931481E+00  0.51469080E+00
  0.67986513E+00  0.51234073E+00
  0.68041545E+00  0.50999303E+00
  0.68096577E+00  0.50764776E+00
  0.68151610E+00  0.50530493E+00
  0.68206642E+00  0.50296456E+00
  0.68261674E+00  0.50062660E+00
  0.68316706E+00  0.49829098E+00
  0.68371739E+00  0.49595758E+00
  0.68426771E+00  0.49362626E+00
  0.68481803E+00  0.49129681E+00
  0.68536835E+00  0.48896903E+00
  0.68591867E+00  0.48664267E+00
  0.68646900E+00  0.48431752E+00
  0.68701932E+00  0.48199337E+00
  0.68756964E+00  0.47967011E+00
  0.68811996E+00  0.47734768E+00
  0.68867029E+00  0.47502616E+00
  0.68922061E+00  0.47270571E+00
  0.68977093E+00  0.47038660E+00
  0.69032125E+00  0.46806918E+00
  0.69087158E+00  0.46575385E+00
  0.69142190E+00  0.46344106E+00
  0.69197222E+00  0.46113124E+00
  0.69252254E+00  0.45882483E+00
  0.69307287E+00  0.45652225E+00
  0.69362319E+00  0.45422391E+00
  0.69417351E+00  0.45193020E+00
  0.69472383E+00  0.44964148E+00
  0.69527416E+00  0.44735816E+00
  0.69582448E+00  0.44508064E+00
  0.69637480E+00  0.44280946E+00
  0.69692512E+00  0.44054538E+00
  0.69747545E+00  0.43828975E+00
  0.69802577E+00  0.43604542E+00
  0.69857609E+00  0.43381999E+00
  0.69912641E+00  0.43164002E+00
  0.69967674E+00  0.42959662E+00
  0.70022706E+00  0.42723943E+00
  0.70077738E+00  0.42483195E+00
  0.70132770E+00  0.42258185E+00
  0.70187803E+00  0.42036294E+00
  0.70242835E+00  0.41815571E+00
  0.70297867E+00  0.41595616E+00
  0.70352899E+00  0.41376313E+00
  0.70407932E+00  0.41157618E+00
  0.70462964E+00  0.40939509E+00
  0.70517996E+00  0.40721978E+00
  0.70573028E+00  0.40505033E+00
  0.70628061E+00  0.40288697E+00
  0.70683093E+00  0.40073007E+00
  0.70738125E+00  0.39858006E+00
  0.70793157E+00  0.39643732E+00
  0.70848190E+00  0.39430208E+00
  0.70903222E+00  0.39217441E+00
  0.70958254E+00  0.39005428E+00
  0.71013286E+00  0.38794160E+00
  0.71068319E+00  0.38583630E+00
  0.71123351E+00  0.38373832E+00
  0.71178383E+00  0.38164763E+00
  0.71233415E+00  0.37956425E+00
  0.71288448E+00  0.37748820E+00
  0.71343480E+00  0.37541950E+00
  0.71398512E+00  0.37335822E+00
  0.71453544E+00  0.37130440E+00
  0.71508577E+00  0.36925811E+00
  0.71563609E+00  0.36721941E+00
  0.71618641E+00  0.36518838E+00
  0.71673673E+00  0.36316511E+00
  0.71728706E+00  0.36114968E+00
  0.71783738E+00  0.35914219E+00
  0.71838770E+00  0.35714276E+00
  0.71893802E+00  0.35515151E+00
  0.71948835E+00  0.35316858E+00
  0.72003867E+00  0.35119412E+00
  0.72058899E+00  0.34922830E+00
  0.72113931E+00  0.34727131E+00
  0.72168964E+00  0.34532335E+00
  0.72223996E+00  0.34338462E+00
  0.72279028E+00  0.34145534E+00
  0.72334060E+00  0.33953573E+00
  0.72389093E+00  0.56796312E+00
  0.72444125E+00  0.56646641E+00
  0.72499157E+00  0.56497961E+00
  0.72554189E+00  0.56350293E+00
  0.72609222E+00  0.56203658E+00
  0.72664254E+00  0.56058070E+00
  0.72719286E+00  0.55913539E+00
  0.72774318E+00  0.55770070E+00
  0.72829351E+00  0.55627665E+00
  0.72884383E+00  0.55486319E+00
  0.72939415E+00  0.55346025E+00
  0.72994447E+00  0.55206774E+00
  0.73049480E+00  0.55068553E+00
  0.73104512E+00  0.54931348E+00
  0.73159544E+00  0.54795144E+00
  0.73214576E+00  0.54659926E+00
  0.73269609E+00  0.54525679E+00
  0.73324641E+00  0.54392388E+00
  0.73379673E+00  0.54260040E+00
  0.73434705E+00  0.54128622E+00
  0.73489738E+00  0.53998122E+00
  0.73544770E+00  0.53868530E+00
  0.73599802E+00  0.53739838E+00
  0.73654834E+00  0.53612039E+00
  0.73709867E+00  0.53485126E+00
  0.73764899E+00  0.53359098E+00
  0.73819931E+00  0.53233952E+00
  0.73874963E+00  0.53109691E+00
  0.73929996E+00  0.52986318E+00
  0.73985028E+00  0.52863840E+00
  0.74040060E+00  0.52742269E+00
  0.74095092E+00  0.52621618E+00
  0.74150125E+00  0.52501903E+00
  0.74205157E+00  0.52383146E+00
  0.74260189E+00  0.52265366E+00
  0.74315221E+00  0.52148586E+00
  0.74370254E+00  0.52032826E+00
  0.74425286E+00  0.51918106E+00
  0.74480318E+00  0.51804438E+00
  0.74535350E+00  0.51691830E+00
  0.74590383E+00  0.51580284E+00
  0.74645415E+00  0.51469793E+00
  0.74700447E+00  0.51360344E+00
  0.74755479E+00  0.51251919E+00
  0.74810512E+00  0.51144493E+00
  0.74865544E+00  0.51038040E+00
  0.74920576E+00  0.50932530E+00
  0.74975608E+00  0.50827937E+00
  0.75030641E+00  0.50724234E+00
  0.75085673E+00  0.50621400E+00
  0.75140705E+00  0.50519423E+00
  0.75195737E+00  0.50418298E+00
  0.75250770E+00  0.50318033E+00
  0.75305802E+00  0.50218648E+00
  0.75360834E+00  0.50120178E+00
  0.75415866E+00  0.50022671E+00
  0.75470899E+00  0.49926184E+00
  0.75525931E+00  0.49830780E+00
  0.75580963E+00  0.49736522E+00
  0.75635995E+00  0.49643464E+00
  0.75691028E+00  0.49551649E+00
  0.75746060E+00  0.49461104E+00
  0.75801092E+00  0.49371840E+00
  0.75856124E+00  0.49283851E+00
  0.75911157E+00  0.49197121E+00
  0.75966189E+00  0.49111624E+00
  0.76021221E+00  0.49027331E+00
  0.76076253E+00  0.48944213E+00
  0.76131286E+00  0.48862241E+00
  0.76186318E+00  0.48781392E+00
  0.76241350E+00  0.48701645E+00
  0.76296382E+00  0.48622984E+00
  0.76351415E+00  0.48545399E+00
  0.76406447E+00  0.48468882E+00
  0.76461479E+00  0.48393431E+00
  0.76516511E+00  0.48319046E+00
  0.76571544E+00  0.48245728E+00
  0.76626576E+00  0.48173483E+00
  0.76681608E+00  0.48102318E+00
  0.76736640E+00  0.48032240E+00
  0.76791673E+00  0.47963259E+00
  0.76846705E+00  0.47895385E+00
  0.76901737E+00  0.47828630E+00
  0.76956769E+00  0.47763005E+00
  0.77011802E+00  0.47698524E+00
  0.77066834E+00  0.47635199E+00
  0.77121866E+00  0.47573045E+00
  0.77176898E+00  0.47512074E+00
  0.77231931E+00  0.47452299E+00
  0.77286963E+00  0.47393733E+00
  0.77341995E+00  0.47336385E+00
  0.77397027E+00  0.47280264E+00
  0.77452060E+00  0.47225372E+00
  0.77507092E+00  0.47171706E+00
  0.77562124E+00  0.47119255E+00
  0.77617156E+00  0.47067998E+00
  0.77672189E+00  0.47017905E+00
  0.77727221E+00  0.46968938E+00
  0.77782253E+00  0.46921055E+00
  0.77837285E+00  0.46874214E+00
  0.77892318E+00  0.46828382E+00
  0.77947350E+00  0.46783539E+00
  0.78002382E+00  0.46739681E+00
  0.78057414E+00  0.46696819E+00
  0.78112447E+00  0.46654977E+00
  0.78167479E+00  0.46614186E+00
  0.78222511E+00  0.46574477E+00
  0.78277543E+00  0.46535881E+00
  0.78332576E+00  0.46498423E+00
  0.78387608E+00  0.46462126E+00
  0.78442640E+00  0.46427009E+00
  0.78497672E+00  0.46393089E+00
  0.78552705E+00  0.46360383E+00
  0.78607737E+00  0.46328909E+00
  0.78662769E+00  0.46298687E+00
  0.78717801E+00  0.46269742E+00
  0.78772834E+00  0.46242098E+00
  0.78827866E+00  0.46215786E+00
  0.78882898E+00  0.46190834E+00
  0.78937930E+00  0.46167269E+00
  0.78992963E+00  0.46145112E+00
  0.79047995E+00  0.46124375E+00
  0.79103027E+00  0.46105061E+00
  0.79158059E+00  0.46087160E+00
  0.79213092E+00  0.46070648E+00
  0.79268124E+00  0.46055494E+00
  0.79323156E+00  0.46041655E+00
  0.79378188E+00  0.46029085E+00
  0.79433221E+00  0.46017735E+00
  0.79488253E+00  0.46007558E+00
  0.79543285E+00  0.45998505E+00
  0.79598317E+00  0.45990536E+00
  0.79653350E+00  0.45983610E+00
  0.79708382E+00  0.45977693E+00
  0.79763414E+00  0.45972752E+00
  0.79818446E+00  0.45968758E+00
  0.79873479E+00  0.45965685E+00
  0.79928511E+00  0.45963508E+00
  0.79983543E+00  0.45962204E+00
  0.80038575E+00  0.45961754E+00
  0.80093608E+00  0.45962141E+00
  0.80148640E+00  0.45963355E+00
  0.80203672E+00  0.45965390E+00
  0.80258704E+00  0.45968255E+00
  0.80313737E+00  0.45971969E+00
  0.80368769E+00  0.45976568E+00
  0.80423801E+00  0.45982108E+00
  0.80478833E+00  0.45988659E+00
  0.80533865E+00  0.45996304E+00
  0.80588898E+00  0.46005129E+00
  0.80643930E+00  0.46015212E+00
  0.80698962E+00  0.46026607E+00
  0.80753994E+00  0.46039339E+00
  0.80809027E+00  0.46053397E+00
  0.80864059E+00  0.46068738E+00
  0.80919091E+00  0.46085294E+00
  0.80974123E+00  0.46102983E+00
  0.81029156E+00  0.46121721E+00
  0.81084188E+00  0.46141427E+00
  0.81139220E+00  0.46162030E+00
  0.81194252E+00  0.46183471E+00
  0.81249285E+00  0.46205704E+00
  0.81304317E+00  0.46228690E+00
  0.81359349E+00  0.46252401E+00
  0.81414381E+00  0.46276815E+00
  0.81469414E+00  0.46301914E+00
  0.81524446E+00  0.46327685E+00
  0.81579478E+00  0.46354117E+00
  0.81634510E+00  0.46381197E+00
  0.81689543E+00  0.46408918E+00
  0.81744575E+00  0.46437269E+00
  0.81799607E+00  0.46466242E+00
  0.81854639E+00  0.46495826E+00
  0.81909672E+00  0.46526013E+00
  0.81964704E+00  0.46556793E+00
  0.82019736E+00  0.46588157E+00
  0.82074768E+00  0.46620093E+00
  0.82129801E+00  0.46652593E+00
  0.82184833E+00  0.46685648E+00
  0.82239865E+00  0.46719251E+00
  0.82294897E+00  0.46753394E+00
  0.82349930E+00  0.46788075E+00
  0.82404962E+00  0.46823295E+00
  0.82459994E+00  0.46859063E+00
  0.82515026E+00  0.46895398E+00
  0.82570059E+00  0.46932337E+00
  0.82625091E+00  0.46969943E+00
  0.82680123E+00  0.47008326E+00
  0.82735155E+00  0.47047665E+00
  0.82790188E+00  0.47088244E+00
  0.82845220E+00  0.47130493E+00
  0.82900252E+00  0.47174981E+00
  0.82955284E+00  0.47222189E+00
  0.83010317E+00  0.47271765E+00
  0.83065349E+00  0.47321401E+00
  0.83120381E+00  0.47367288E+00
  0.83175413E+00  0.47407485E+00
  0.83230446E+00  0.47443629E+00
  0.83285478E+00  0.47478462E+00
  0.83340510E+00  0.47513706E+00
  0.83395542E+00  0.47549987E+00
  0.83450575E+00  0.47587387E+00
  0.83505607E+00  0.47625817E+00
  0.83560639E+00  0.47665188E+00
  0.83615671E+00  0.47705489E+00
  0.83670704E+00  0.47746857E+00
  0.83725736E+00  0.47789689E+00
  0.83780768E+00  0.47834909E+00
  0.83835800E+00  0.47884542E+00
  0.83890833E+00  0.47942848E+00
  0.83945865E+00  0.48016636E+00
  0.84000897E+00  0.48103173E+00
  0.84055929E+00  0.48163503E+00
  0.84110962E+00  0.48181518E+00
  0.84165994E+00  0.48192515E+00
  0.84221026E+00  0.48211730E+00
  0.84276058E+00  0.48238237E+00
  0.84331091E+00  0.48269284E+00
  0.84386123E+00  0.48302993E+00
  0.84441155E+00  0.48338254E+00
  0.84496187E+00  0.48374409E+00
  0.84551220E+00  0.48411059E+00
  0.84606252E+00  0.48447952E+00
  0.84661284E+00  0.48484924E+00
  0.84716316E+00  0.48521866E+00
  0.84771349E+00  0.48558703E+00
  0.84826381E+00  0.48595379E+00
  0.84881413E+00  0.48631854E+00
  0.84936445E+00  0.48668095E+00
  0.84991478E+00  0.48704073E+00
  0.85046510E+00  0.48739762E+00
  0.85101542E+00  0.48775139E+00
  0.85156574E+00  0.48810180E+00
  0.85211607E+00  0.48844863E+00
  0.85266639E+00  0.48879166E+00
  0.85321671E+00  0.48913069E+00
  0.85376703E+00  0.48946551E+00
  0.85431736E+00  0.48979589E+00
  0.85486768E+00  0.49012165E+00
  0.85541800E+00  0.49044256E+00
  0.85596832E+00  0.49075841E+00
  0.85651865E+00  0.49106901E+00
  0.85706897E+00  0.49137412E+00
  0.85761929E+00  0.49167353E+00
  0.85816961E+00  0.49196703E+00
  0.85871994E+00  0.49225437E+00
  0.85927026E+00  0.49253534E+00
  0.85982058E+00  0.49280968E+00
  0.86037090E+00  0.49307716E+00
  0.86092123E+00  0.49333752E+00
  0.86147155E+00  0.49359050E+00
  0.86202187E+00  0.49383583E+00
  0.86257219E+00  0.49407325E+00
  0.86312252E+00  0.49430249E+00
  0.86367284E+00  0.49452327E+00
  0.86422316E+00  0.49473536E+00
  0.86477348E+00  0.49493852E+00
  0.86532381E+00  0.49513259E+00
  0.86587413E+00  0.49531750E+00
  0.86642445E+00  0.49549333E+00
  0.86697477E+00  0.49566035E+00
  0.86752462E+00  0.49581874E+00
  0.86807447E+00  0.49546397E+00
  0.86862431E+00  0.49510066E+00
  0.86917416E+00  0.49473528E+00
  0.86972400E+00  0.49436516E+00
  0.87027385E+00  0.49398857E+00
  0.87082370E+00  0.49360477E+00
  0.87137354E+00  0.49321342E+00
  0.87192339E+00  0.49281430E+00
  0.87247323E+00  0.49240726E+00
  0.87302308E+00  0.49199214E+00
  0.87357293E+00  0.49156877E+00
  0.87412277E+00  0.49113696E+00
  0.87467262E+00  0.49069651E+00
  0.87522246E+00  0.49024724E+00
  0.87577231E+00  0.48978894E+00
  0.87632216E+00  0.48932142E+00
  0.87687200E+00  0.48884449E+00
  0.87742185E+00  0.48835797E+00
  0.87797169E+00  0.48786170E+00
  0.87852154E+00  0.48735554E+00
  0.87907139E+00  0.48683935E+00
  0.87962123E+00  0.48631301E+00
  0.88017108E+00  0.48577644E+00
  0.88072092E+00  0.48522956E+00
  0.88127077E+00  0.48467233E+00
  0.88182062E+00  0.48410474E+00
  0.88237046E+00  0.48352679E+00
  0.88292031E+00  0.48293852E+00
  0.88347015E+00  0.48234004E+00
  0.88402000E+00  0.48173145E+00
  0.88456985E+00  0.48111293E+00
  0.88511969E+00  0.48048467E+00
  0.88566954E+00  0.47984691E+00
  0.88621939E+00  0.47919990E+00
  0.88676923E+00  0.47854384E+00
  0.88731908E+00  0.47787886E+00
  0.88786892E+00  0.47720488E+00
  0.88841877E+00  0.47652145E+00
  0.88896862E+00  0.47582759E+00
  0.88951846E+00  0.47512158E+00
  0.89006831E+00  0.47440083E+00
  0.89061815E+00  0.47366203E+00
  0.89116800E+00  0.47290155E+00
  0.89171785E+00  0.47211615E+00
  0.89226769E+00  0.47130362E+00
  0.89281754E+00  0.47046308E+00
  0.89336738E+00  0.46959493E+00
  0.89391723E+00  0.46870086E+00
  0.89446708E+00  0.46778421E+00
  0.89501692E+00  0.46685007E+00
  0.89556677E+00  0.46590392E+00
  0.89611661E+00  0.46494984E+00
  0.89666646E+00  0.46398958E+00
  0.89721631E+00  0.46302303E+00
  0.89776615E+00  0.46204914E+00
  0.89831600E+00  0.46106659E+00
  0.89886584E+00  0.46007412E+00
  0.89941569E+00  0.45907068E+00
  0.89996554E+00  0.45805542E+00
  0.90051538E+00  0.45702763E+00
  0.90106523E+00  0.45598677E+00
  0.90161507E+00  0.45493239E+00
  0.90216492E+00  0.45386411E+00
  0.90271477E+00  0.45278162E+00
  0.90326461E+00  0.45168466E+00
  0.90381446E+00  0.45057300E+00
  0.90436430E+00  0.44944645E+00
  0.90491415E+00  0.44830483E+00
  0.90546400E+00  0.44714801E+00
  0.90601384E+00  0.44597585E+00
  0.90656369E+00  0.44478821E+00
  0.90711353E+00  0.44358501E+00
  0.90766338E+00  0.44236613E+00
  0.90821323E+00  0.44113149E+00
  0.90876307E+00  0.43988098E+00
  0.90931292E+00  0.43861452E+00
  0.90986276E+00  0.43733203E+00
  0.91041261E+00  0.43603339E+00
  0.91096246E+00  0.43471852E+00
  0.91151230E+00  0.43338729E+00
  0.91206215E+00  0.43203958E+00
  0.91261200E+00  0.43067524E+00
  0.91316184E+00  0.42929411E+00
  0.91371169E+00  0.42789599E+00
  0.91426153E+00  0.42648069E+00
  0.91481138E+00  0.42504799E+00
  0.91536123E+00  0.42359767E+00
  0.91591107E+00  0.42212951E+00
  0.91646092E+00  0.42064330E+00
  0.91701076E+00  0.41913888E+00
  0.91756061E+00  0.41761612E+00
  0.91811046E+00  0.41607494E+00
  0.91866030E+00  0.41451528E+00
  0.91921015E+00  0.41293716E+00
  0.91975999E+00  0.41134061E+00
  0.92030984E+00  0.40972568E+00
  0.92085969E+00  0.40809244E+00
  0.92140953E+00  0.40644095E+00
  0.92195938E+00  0.40477127E+00
  0.92250922E+00  0.40308343E+00
  0.92305907E+00  0.40137746E+00
  0.92360892E+00  0.39965336E+00
  0.92415876E+00  0.39791112E+00
  0.92470861E+00  0.39615070E+00
  0.92525845E+00  0.39437206E+00
  0.92580830E+00  0.39257513E+00
  0.92635815E+00  0.39075985E+00
  0.92690799E+00  0.38892614E+00
  0.92745784E+00  0.38707390E+00
  0.92800768E+00  0.38520305E+00
  0.92855753E+00  0.38331347E+00
  0.92910738E+00  0.38140506E+00
  0.92965722E+00  0.37947770E+00
  0.93020707E+00  0.37753126E+00
  0.93075691E+00  0.37556562E+00
  0.93130676E+00  0.37358064E+00
  0.93185661E+00  0.37157617E+00
  0.93240645E+00  0.36955205E+00
  0.93295630E+00  0.36750814E+00
  0.93350614E+00  0.36544428E+00
  0.93405599E+00  0.36336030E+00
  0.93460584E+00  0.36125604E+00
  0.93515568E+00  0.35913136E+00
  0.93570553E+00  0.35698612E+00
  0.93625537E+00  0.35482024E+00
  0.93680522E+00  0.35263363E+00
  0.93735507E+00  0.35042629E+00
  0.93790491E+00  0.34819827E+00
  0.93845476E+00  0.34594970E+00
  0.93900460E+00  0.34368078E+00
  0.93955445E+00  0.34139181E+00
  0.94010430E+00  0.33908313E+00
  0.94065414E+00  0.33675517E+00
  0.94120399E+00  0.33440834E+00
  0.94175384E+00  0.33204308E+00
  0.94230368E+00  0.32965975E+00
  0.94285353E+00  0.32725865E+00
  0.94340337E+00  0.32483996E+00
  0.94395322E+00  0.32240376E+00
  0.94450307E+00  0.31994999E+00
  0.94505291E+00  0.31747850E+00
  0.94560276E+00  0.31498904E+00
  0.94615260E+00  0.31248130E+00
  0.94670245E+00  0.30995492E+00
  0.94725230E+00  0.30740950E+00
  0.94780214E+00  0.30484464E+00
  0.94835199E+00  0.30225992E+00
  0.94890183E+00  0.29965492E+00
  0.94945168E+00  0.29702924E+00
  0.95000153E+00  0.29438243E+00
  0.95055137E+00  0.29171405E+00
  0.95110122E+00  0.28902365E+00
  0.95165106E+00  0.28631072E+00
  0.95220091E+00  0.28357472E+00
  0.95275076E+00  0.28081507E+00
  0.95330060E+00  0.27803111E+00
  0.95385045E+00  0.27522215E+00
  0.95440029E+00  0.27238747E+00
  0.95495014E+00  0.26952633E+00
  0.95549999E+00  0.26663815E+00
  0.95604983E+00  0.26372256E+00
  0.95659968E+00  0.26077973E+00
  0.95714952E+00  0.25781069E+00
  0.95769937E+00  0.25481777E+00
  0.95824922E+00  0.25180479E+00
  0.95879906E+00  0.24877663E+00
  0.95934891E+00  0.24573765E+00
  0.95989875E+00  0.24268940E+00
  0.96044860E+00  0.23962929E+00
  0.96099845E+00  0.23655159E+00
  0.96154829E+00  0.23345036E+00
  0.96209814E+00  0.23032176E+00
  0.96264798E+00  0.22716472E+00
  0.96319783E+00  0.22398041E+00
  0.96374768E+00  0.22077132E+00
  0.96429752E+00  0.21754056E+00
  0.96484737E+00  0.21429149E+00
  0.96539721E+00  0.21102744E+00
  0.96594706E+00  0.20775166E+00
  0.96649691E+00  0.20446727E+00
  0.96704675E+00  0.20117731E+00
  0.96759660E+00  0.19788479E+00
  0.96814645E+00  0.19459251E+00
  0.96869629E+00  0.19130210E+00
  0.96924614E+00  0.18801098E+00
  0.96979598E+00  0.18470690E+00
  0.97034583E+00  0.18136665E+00
  0.97089568E+00  0.17797163E+00
  0.97144552E+00  0.17452763E+00
  0.97199537E+00  0.17105580E+00
  0.97254521E+00  0.16757163E+00
  0.97309506E+00  0.16407994E+00
  0.97364491E+00  0.16057979E+00
  0.97419475E+00  0.15706863E+00
  0.97474460E+00  0.15354406E+00
  0.97529444E+00  0.15000423E+00
  0.97584429E+00  0.14644788E+00
  0.97639414E+00  0.14287414E+00
  0.97694398E+00  0.13928250E+00
  0.97749383E+00  0.13567264E+00
  0.97804367E+00  0.13204436E+00
  0.97859352E+00  0.12839758E+00
  0.97914337E+00  0.12473226E+00
  0.97969321E+00  0.12104837E+00
  0.98024306E+00  0.11734593E+00
  0.98079290E+00  0.11362492E+00
  0.98134275E+00  0.10988534E+00
  0.98189260E+00  0.10612717E+00
  0.98244244E+00  0.10235037E+00
  0.98299229E+00  0.98554854E-01
  0.98354213E+00  0.94740502E-01
  0.98409198E+00  0.90907109E-01
  0.98464183E+00  0.87054335E-01
  0.98519167E+00  0.83181599E-01
  0.98574152E+00  0.79287877E-01
  0.98629136E+00  0.75371239E-01
  0.98684121E+00  0.71427763E-01
  0.98739106E+00  0.67448579E-01
  0.98794090E+00  0.63410759E-01
  0.98849075E+00  0.59246655E-01
  0.98904059E+00  0.54808885E-01
  0.98959044E+00  0.50712211E-01
  0.99014029E+00  0.47244485E-01
  0.99069013E+00  0.43436157E-01
  0.99123998E+00  0.39459912E-01
  0.99178982E+00  0.35418204E-01
  0.99233967E+00  0.31341301E-01
  0.99288952E+00  0.27239499E-01
  0.99343936E+00  0.23116954E-01
  0.99398921E+00  0.18975630E-01
  0.99453906E+00  0.14816607E-01
  0.99508890E+00  0.10640604E-01
  0.99563875E+00  0.64482165E-02
  0.99618859E+00  0.22400578E-02
  0.99673844E+00 -0.19831070E-02
  0.99728829E+00 -0.62201973E-02
  0.99783813E+00 -0.10469555E-01
  0.99838798E+00 -0.14728492E-01
  0.99893782E+00 -0.18992503E-01
  0.99948767E+00 -0.23254064E-01
  0.10000375E+01 -0.27501854E-01
  0.10005874E+01 -0.31726902E-01
  0.10011372E+01 -0.35957927E-01
  0.10016871E+01 -0.40308763E-01
  0.10022369E+01 -0.44834873E-01
  0.10027867E+01 -0.49413695E-01
  0.10033366E+01 -0.53961877E-01
  0.10038864E+01 -0.58476927E-01
  0.10044363E+01 -0.62972709E-01
  0.10049861E+01 -0.67458905E-01
  0.10055360E+01 -0.71940783E-01
  0.10060858E+01 -0.76421454E-01
  0.10066357E+01 -0.80903378E-01
  0.10071855E+01 -0.85388991E-01
  0.10077354E+01 -0.32293467E+00
  0.10082852E+01 -0.32710700E+00
  0.10088351E+01 -0.33128822E+00
  0.10093849E+01 -0.33547975E+00
  0.10099347E+01 -0.33968260E+00
  0.10104846E+01 -0.34389743E+00
  0.10110344E+01 -0.34812459E+00
  0.10115843E+01 -0.35236419E+00
  0.10121341E+01 -0.35661616E+00
  0.10126840E+01 -0.36088032E+00
  0.10132338E+01 -0.36515639E+00
  0.10137837E+01 -0.36944405E+00
  0.10143335E+01 -0.37374296E+00
  0.10148834E+01 -0.37805277E+00
  0.10154332E+01 -0.38237312E+00
  0.10159831E+01 -0.38670367E+00
  0.10165329E+01 -0.39104410E+00
  0.10170827E+01 -0.39539409E+00
  0.10176326E+01 -0.39975335E+00
  0.10181824E+01 -0.40412157E+00
  0.10187323E+01 -0.40849848E+00
  0.10192821E+01 -0.41288381E+00
  0.10198320E+01 -0.41727729E+00
  0.10203818E+01 -0.42167865E+00
  0.10209317E+01 -0.42608761E+00
  0.10214815E+01 -0.43050388E+00
  0.10220314E+01 -0.43492755E+00
  0.10225812E+01 -0.43935882E+00
  0.10231310E+01 -0.44379656E+00
  0.10236809E+01 -0.44824060E+00
  0.10242307E+01 -0.45269086E+00
  0.10247806E+01 -0.45714714E+00
  0.10253304E+01 -0.46160926E+00
  0.10258803E+01 -0.46607698E+00
  0.10264301E+01 -0.47055010E+00
  0.10269800E+01 -0.47502840E+00
  0.10275298E+01 -0.47951166E+00
  0.10280797E+01 -0.48399968E+00
  0.10286295E+01 -0.48849224E+00
  0.10291794E+01 -0.49298913E+00
  0.10297292E+01 -0.49749017E+00
  0.10302790E+01 -0.50199515E+00
  0.10308289E+01 -0.50650388E+00
  0.10313787E+01 -0.51101618E+00
  0.10319286E+01 -0.51553188E+00
  0.10324784E+01 -0.52005080E+00
  0.10330283E+01 -0.52457281E+00
  0.10335781E+01 -0.52909777E+00
  0.10341280E+01 -0.53362556E+00
  0.10346778E+01 -0.53815609E+00
  0.10352277E+01 -0.54268931E+00
  0.10357775E+01 -0.54722519E+00
  0.10363274E+01 -0.55176374E+00
  0.10368772E+01 -0.55630503E+00
  0.10374270E+01 -0.56084920E+00
  0.10379769E+01 -0.56539643E+00
  0.10385267E+01 -0.56994702E+00
  0.10390766E+01 -0.57450133E+00
  0.10396264E+01 -0.57905979E+00
  0.10401763E+01 -0.58362294E+00
  0.10407261E+01 -0.58819130E+00
  0.10412760E+01 -0.59276537E+00
  0.10418258E+01 -0.59734546E+00
  0.10423757E+01 -0.60193148E+00
  0.10429255E+01 -0.60652262E+00
  0.10434754E+01 -0.61111709E+00
  0.10440252E+01 -0.61571175E+00
  0.10445750E+01 -0.62030206E+00
  0.10451249E+01 -0.62488241E+00
  0.10456747E+01 -0.62944691E+00
  0.10462246E+01 -0.63399059E+00
  0.10467744E+01 -0.63851046E+00
  0.10473243E+01 -0.64300606E+00
  0.10478741E+01 -0.64747921E+00
  0.10484240E+01 -0.65193323E+00
  0.10489738E+01 -0.65637195E+00
  0.10495237E+01 -0.66079896E+00
  0.10500735E+01 -0.66521714E+00
  0.10506234E+01 -0.66962856E+00
  0.10511732E+01 -0.67403452E+00
  0.10517230E+01 -0.67843571E+00
  0.10522729E+01 -0.68283236E+00
  0.10528227E+01 -0.68722439E+00
  0.10533726E+01 -0.69161151E+00
  0.10539224E+01 -0.69599333E+00
  0.10544723E+01 -0.70036936E+00
  0.10550221E+01 -0.70473910E+00
  0.10555720E+01 -0.70910203E+00
  0.10561218E+01 -0.71345764E+00
  0.10566717E+01 -0.71780542E+00
  0.10572215E+01 -0.72214489E+00
  0.10577713E+01 -0.72647556E+00
  0.10583212E+01 -0.73079697E+00
  0.10588710E+01 -0.73510867E+00
  0.10594209E+01 -0.73941021E+00
  0.10599707E+01 -0.74370117E+00
  0.10605206E+01 -0.74798112E+00
  0.10610704E+01 -0.75224965E+00
  0.10616203E+01 -0.75650633E+00
  0.10621701E+01 -0.76075077E+00
  0.10627200E+01 -0.76498256E+00
  0.10632698E+01 -0.76920130E+00
  0.10638197E+01 -0.77340659E+00
  0.10643695E+01 -0.77759804E+00
  0.10649193E+01 -0.78177526E+00
  0.10654692E+01 -0.78593785E+00
  0.10660190E+01 -0.79008544E+00
  0.10665689E+01 -0.79421764E+00
  0.10671187E+01 -0.79833406E+00
  0.10676686E+01 -0.80243432E+00
  0.10682184E+01 -0.80651804E+00
  0.10687683E+01 -0.81058482E+00
  0.10693181E+01 -0.81463428E+00
  0.10698680E+01 -0.81866601E+00
  0.10704178E+01 -0.82267963E+00
  0.10709677E+01 -0.82667473E+00
  0.10715175E+01 -0.83065091E+00
  0.10720673E+01 -0.83460777E+00
  0.10726172E+01 -0.83854489E+00
  0.10731670E+01 -0.84246189E+00
  0.10737169E+01 -0.84635835E+00
  0.10742667E+01 -0.85023389E+00
  0.10748166E+01 -0.85408811E+00
  0.10753664E+01 -0.85792060E+00
  0.10759163E+01 -0.86173100E+00
  0.10764661E+01 -0.86551889E+00
  0.10770160E+01 -0.86928389E+00
  0.10775658E+01 -0.87302562E+00
  0.10781157E+01 -0.87674368E+00
  0.10786655E+01 -0.88043768E+00
  0.10792153E+01 -0.88410722E+00
  0.10797652E+01 -0.88775189E+00
  0.10803150E+01 -0.89137130E+00
  0.10808649E+01 -0.89496504E+00
  0.10814147E+01 -0.89853269E+00
  0.10819646E+01 -0.90207383E+00
  0.10825144E+01 -0.90558803E+00
  0.10830643E+01 -0.90907486E+00
  0.10836141E+01 -0.91253388E+00
  0.10841640E+01 -0.91596465E+00
  0.10847138E+01 -0.91936672E+00
  0.10852637E+01 -0.92273964E+00
  0.10858135E+01 -0.92608295E+00
  0.10863633E+01 -0.92939620E+00
  0.10869132E+01 -0.93267896E+00
  0.10874630E+01 -0.93593078E+00
  0.10880129E+01 -0.93915124E+00
  0.10885627E+01 -0.94233993E+00
  0.10891126E+01 -0.94549645E+00
  0.10896624E+01 -0.94862045E+00
  0.10902123E+01 -0.95171156E+00
  0.10907621E+01 -0.95476946E+00
  0.10913120E+01 -0.95779385E+00
  0.10918618E+01 -0.96078446E+00
  0.10924117E+01 -0.96374100E+00
  0.10929615E+01 -0.96666323E+00
  0.10935113E+01 -0.96955089E+00
  0.10940612E+01 -0.97240375E+00
  0.10946110E+01 -0.97522154E+00
  0.10951609E+01 -0.97800401E+00
  0.10957107E+01 -0.98075089E+00
  0.10962606E+01 -0.98346188E+00
  0.10968104E+01 -0.98613666E+00
  0.10973603E+01 -0.98877492E+00
  0.10979101E+01 -0.99137628E+00
  0.10984600E+01 -0.99394036E+00
  0.10990098E+01 -0.99646678E+00
  0.10995596E+01 -0.99895510E+00
  0.11001095E+01 -0.10014049E+01
  0.11006593E+01 -0.10038157E+01
  0.11012092E+01 -0.10061870E+01
  0.11017590E+01 -0.10085185E+01
  0.11023089E+01 -0.10108096E+01
  0.11028587E+01 -0.10130598E+01
  0.11034086E+01 -0.10152687E+01
  0.11039584E+01 -0.10174359E+01
  0.11045083E+01 -0.10195610E+01
  0.11050581E+01 -0.10216434E+01
  0.11056080E+01 -0.10236828E+01
  0.11061578E+01 -0.10256788E+01
  0.11067076E+01 -0.10276309E+01
  0.11072575E+01 -0.10295389E+01
  0.11078073E+01 -0.10314023E+01
  0.11083572E+01 -0.10332207E+01
  0.11089070E+01 -0.10349939E+01
  0.11094569E+01 -0.10367213E+01
  0.11100067E+01 -0.10384028E+01
  0.11105566E+01 -0.10400378E+01
  0.11111064E+01 -0.10416261E+01
  0.11116563E+01 -0.10431674E+01
  0.11122061E+01 -0.10446612E+01
  0.11127560E+01 -0.10461073E+01
  0.11133058E+01 -0.10475053E+01
  0.11138556E+01 -0.10488550E+01
  0.11144055E+01 -0.10501559E+01
  0.11149553E+01 -0.10514078E+01
  0.11155052E+01 -0.10526104E+01
  0.11160550E+01 -0.10537634E+01
  0.11166049E+01 -0.10548666E+01
  0.11171547E+01 -0.10559196E+01
  0.11177046E+01 -0.10569224E+01
  0.11182544E+01 -0.10578745E+01
  0.11188043E+01 -0.10587758E+01
  0.11193541E+01 -0.10596262E+01
  0.11199040E+01 -0.10604254E+01
  0.11204538E+01 -0.10611732E+01
  0.11210036E+01 -0.10618694E+01
  0.11215535E+01 -0.10625140E+01
  0.11221033E+01 -0.10631066E+01
  0.11226532E+01 -0.10636471E+01
  0.11232030E+01 -0.10641352E+01
  0.11237529E+01 -0.10645708E+01
  0.11243027E+01 -0.10649535E+01
  0.11248526E+01 -0.10652831E+01
  0.11254024E+01 -0.10655593E+01
  0.11259523E+01 -0.10657817E+01
  0.11265021E+01 -0.10659500E+01
  0.11270520E+01 -0.10660639E+01
  0.11276018E+01 -0.10661230E+01
  0.11281516E+01 -0.10661269E+01
  0.11287015E+01 -0.10660752E+01
  0.11292513E+01 -0.10659676E+01
  0.11298012E+01 -0.10658036E+01
  0.11303510E+01 -0.10655829E+01
  0.11309009E+01 -0.10653051E+01
  0.11314507E+01 -0.10649698E+01
  0.11320006E+01 -0.10645768E+01
  0.11325504E+01 -0.10641257E+01
  0.11331003E+01 -0.10636163E+01
  0.11336501E+01 -0.10630483E+01
  0.11341999E+01 -0.10624214E+01
  0.11347498E+01 -0.10617356E+01
  0.11352996E+01 -0.10609905E+01
  0.11358495E+01 -0.10601861E+01
  0.11363993E+01 -0.10593222E+01
  0.11369492E+01 -0.10583986E+01
  0.11374990E+01 -0.10574154E+01
  0.11380489E+01 -0.10563724E+01
  0.11385987E+01 -0.10552695E+01
  0.11391486E+01 -0.10541067E+01
  0.11396984E+01 -0.10528840E+01
  0.11402483E+01 -0.10516015E+01
  0.11407981E+01 -0.10502593E+01
  0.11413479E+01 -0.10488576E+01
  0.11418978E+01 -0.10473970E+01
  0.11424476E+01 -0.10458778E+01
  0.11429975E+01 -0.10443011E+01
  0.11435473E+01 -0.10426682E+01
  0.11440972E+01 -0.10409807E+01
  0.11446470E+01 -0.10392407E+01
  0.11451969E+01 -0.10374492E+01
  0.11457467E+01 -0.10356034E+01
  0.11462966E+01 -0.10336884E+01
  0.11468464E+01 -0.10316705E+01
  0.11473963E+01 -0.10295172E+01
  0.11479461E+01 -0.10272428E+01
  0.11484959E+01 -0.10248990E+01
  0.11490458E+01 -0.10225182E+01
  0.11495956E+01 -0.10201036E+01
  0.11501455E+01 -0.10176474E+01
  0.11506953E+01 -0.10151419E+01
  0.11512452E+01 -0.10125819E+01
  0.11517950E+01 -0.10099642E+01
  0.11523449E+01 -0.10072869E+01
  0.11528947E+01 -0.10045488E+01
  0.11534446E+01 -0.10017495E+01
  0.11539944E+01 -0.99888850E+00
  0.11545443E+01 -0.99596577E+00
  0.11550941E+01 -0.99298124E+00
  0.11556439E+01 -0.80052537E+00
  0.11561938E+01 -0.79636885E+00
  0.11567436E+01 -0.79214928E+00
  0.11572935E+01 -0.78786673E+00
  0.11578433E+01 -0.78352148E+00
  0.11583932E+01 -0.77911409E+00
  0.11589430E+01 -0.77464540E+00
  0.11594929E+01 -0.77011649E+00
  0.11600427E+01 -0.76552839E+00
  0.11605926E+01 -0.76088173E+00
  0.11611424E+01 -0.75617666E+00
  0.11616923E+01 -0.75141321E+00
  0.11622421E+01 -0.74659183E+00
  0.11627919E+01 -0.74171373E+00
  0.11633418E+01 -0.73678044E+00
  0.11638916E+01 -0.73179289E+00
  0.11644415E+01 -0.72675045E+00
  0.11649913E+01 -0.72165107E+00
  0.11655412E+01 -0.71649205E+00
  0.11660910E+01 -0.71127102E+00
  0.11666409E+01 -0.70598641E+00
  0.11671907E+01 -0.70063744E+00
  0.11677406E+01 -0.69522393E+00
  0.11682904E+01 -0.68974604E+00
  0.11688402E+01 -0.68420411E+00
  0.11693901E+01 -0.67859854E+00
  0.11699399E+01 -0.67292977E+00
  0.11704898E+01 -0.66719823E+00
  0.11710396E+01 -0.66140437E+00
  0.11715895E+01 -0.65554866E+00
  0.11721393E+01 -0.64963163E+00
  0.11726892E+01 -0.64365389E+00
  0.11732390E+01 -0.63761617E+00
  0.11737889E+01 -0.63151939E+00
  0.11743387E+01 -0.62536460E+00
  0.11748886E+01 -0.61915301E+00
  0.11754384E+01 -0.61288580E+00
  0.11759882E+01 -0.60656395E+00
  0.11765381E+01 -0.60018793E+00
  0.11770879E+01 -0.59375760E+00
  0.11776378E+01 -0.58727227E+00
  0.11781876E+01 -0.58073095E+00
  0.11787375E+01 -0.57413271E+00
  0.11792873E+01 -0.56747695E+00
  0.11798372E+01 -0.56076346E+00
  0.11803870E+01 -0.55399236E+00
  0.11809369E+01 -0.54716406E+00
  0.11814867E+01 -0.54027906E+00
  0.11820366E+01 -0.53333796E+00
  0.11825864E+01 -0.52634136E+00
  0.11831362E+01 -0.51928987E+00
  0.11836861E+01 -0.51218405E+00
  0.11842359E+01 -0.50502451E+00
  0.11847858E+01 -0.49781182E+00
  0.11853356E+01 -0.49054658E+00
  0.11858855E+01 -0.48322941E+00
  0.11864353E+01 -0.47586098E+00
  0.11869852E+01 -0.46844193E+00
  0.11875350E+01 -0.46097293E+00
  0.11880849E+01 -0.45345462E+00
  0.11886347E+01 -0.44588758E+00
  0.11891846E+01 -0.43827233E+00
  0.11897344E+01 -0.43060931E+00
  0.11902842E+01 -0.42289894E+00
  0.11908341E+01 -0.41514160E+00
  0.11913839E+01 -0.40733766E+00
  0.11919338E+01 -0.39948750E+00
  0.11924836E+01 -0.39159152E+00
  0.11930335E+01 -0.38365015E+00
  0.11935833E+01 -0.37566382E+00
  0.11941332E+01 -0.36763299E+00
  0.11946830E+01 -0.35955812E+00
  0.11952329E+01 -0.35143968E+00
  0.11957827E+01 -0.34327816E+00
  0.11963326E+01 -0.33507402E+00
  0.11968824E+01 -0.32682775E+00
  0.11974322E+01 -0.31853983E+00
  0.11979821E+01 -0.31021075E+00
  0.11985319E+01 -0.30184100E+00
  0.11990818E+01 -0.29343106E+00
  0.11996316E+01 -0.28498143E+00
  0.12001815E+01 -0.27649260E+00
  0.12007313E+01 -0.26796508E+00
  0.12012812E+01 -0.25939934E+00
  0.12018310E+01 -0.25079586E+00
  0.12023809E+01 -0.24215512E+00
  0.12029307E+01 -0.23347751E+00
  0.12034806E+01 -0.22476340E+00
  0.12040304E+01 -0.21601306E+00
  0.12045802E+01 -0.20722666E+00
  0.12051301E+01 -0.19840428E+00
  0.12056799E+01 -0.18954615E+00
  0.12062298E+01 -0.18065374E+00
  0.12067796E+01 -0.17173399E+00
  0.12073295E+01 -0.16281030E+00
  0.12078793E+01 -0.15391791E+00
  0.12084292E+01 -0.14502089E+00
  0.12089790E+01 -0.13604537E+00
  0.12095289E+01 -0.12700010E+00
  0.12100787E+01 -0.11791227E+00
  0.12106285E+01 -0.10879414E+00
  0.12111784E+01 -0.99649856E-01
  0.12117282E+01 -0.90480905E-01
  0.12122781E+01 -0.81287961E-01
  0.12128279E+01 -0.72071503E-01
  0.12133778E+01 -0.62831981E-01
  0.12139276E+01 -0.53569867E-01
  0.12144775E+01 -0.44285659E-01
  0.12150273E+01 -0.34979874E-01
  0.12155772E+01 -0.25653044E-01
  0.12161270E+01 -0.16305696E-01
  0.12166769E+01 -0.69383505E-02
  0.12172267E+01  0.24484993E-02
  0.12177765E+01  0.11854395E-01
  0.12183264E+01  0.21278923E-01
  0.12188762E+01  0.30721713E-01
  0.12194261E+01  0.40182419E-01
  0.12199759E+01  0.49660667E-01
  0.12205258E+01  0.59155953E-01
  0.12210756E+01  0.68667510E-01
  0.12216255E+01  0.78194173E-01
  0.12221753E+01  0.87734329E-01
  0.12227252E+01  0.97286042E-01
  0.12232750E+01  0.10684734E+00
  0.12238249E+01  0.11641653E+00
  0.12243747E+01  0.12599242E+00
  0.12249245E+01  0.13557427E+00
  0.12254744E+01  0.14516169E+00
  0.12260242E+01  0.15475443E+00
  0.12265741E+01  0.16435226E+00
  0.12271239E+01  0.17395488E+00
  0.12276738E+01  0.18356190E+00
  0.12282236E+01  0.19317288E+00
  0.12287735E+01  0.20278731E+00
  0.12293233E+01  0.21240465E+00
  0.12298732E+01  0.22202440E+00
  0.12304230E+01  0.23164609E+00
  0.12309729E+01  0.24126934E+00
  0.12315227E+01  0.25089387E+00
  0.12320725E+01  0.26051953E+00
  0.12326224E+01  0.27014635E+00
  0.12331722E+01  0.27977459E+00
  0.12337221E+01  0.28940485E+00
  0.12342719E+01  0.29903827E+00
  0.12348218E+01  0.30867695E+00
  0.12353716E+01  0.31832453E+00
  0.12359215E+01  0.32798733E+00
  0.12364713E+01  0.33767547E+00
  0.12370212E+01  0.34740153E+00
  0.12375710E+01  0.35716449E+00
  0.12381209E+01  0.36689731E+00
  0.12386707E+01  0.37645550E+00
  0.12392205E+01  0.38582708E+00
  0.12397704E+01  0.39516366E+00
  0.12403202E+01  0.40454511E+00
  0.12408701E+01  0.41396916E+00
  0.12414199E+01  0.42341694E+00
  0.12419698E+01  0.43287391E+00
  0.12425196E+01  0.44233099E+00
  0.12430695E+01  0.45178266E+00
  0.12436193E+01  0.46122549E+00
  0.12441692E+01  0.47065720E+00
  0.12447190E+01  0.48007629E+00
  0.12452688E+01  0.48948166E+00
  0.12458187E+01  0.49887257E+00
  0.12463685E+01  0.50824851E+00
  0.12469184E+01  0.51760917E+00
  0.12474682E+01  0.52695425E+00
  0.12480181E+01  0.53628312E+00
  0.12485679E+01  0.54559382E+00
  0.12491178E+01  0.55488206E+00
  0.12496676E+01  0.56414194E+00
  0.12502175E+01  0.57995760E+00
  0.12507673E+01  0.59220579E+00
  0.12513172E+01  0.60445663E+00
  0.12518670E+01  0.61670721E+00
  0.12524168E+01  0.62894944E+00
  0.12529667E+01  0.64116340E+00
  0.12535165E+01  0.65331198E+00
  0.12540664E+01  0.66547088E+00
  0.12546162E+01  0.67790995E+00
  0.12551661E+01  0.69037590E+00
  0.12557159E+01  0.70276625E+00
  0.12562658E+01  0.71512371E+00
  0.12568156E+01  0.72747156E+00
  0.12573655E+01  0.73981931E+00
  0.12579153E+01  0.75217140E+00
  0.12584652E+01  0.76453026E+00
  0.12590150E+01  0.77689743E+00
  0.12595648E+01  0.78927369E+00
  0.12601147E+01  0.80165878E+00
  0.12606645E+01  0.81405053E+00
  0.12612144E+01  0.82644358E+00
  0.12617642E+01  0.83882787E+00
  0.12623141E+01  0.85118810E+00
  0.12628639E+01  0.86350636E+00
  0.12634138E+01  0.87576934E+00
  0.12639636E+01  0.88797705E+00
  0.12645135E+01  0.90014515E+00
  0.12650633E+01  0.91229730E+00
  0.12656132E+01  0.92445424E+00
  0.12661630E+01  0.93662808E+00
  0.12667128E+01  0.94882270E+00
  0.12672627E+01  0.96103702E+00
  0.12678125E+01  0.97326781E+00
  0.12683624E+01  0.98551147E+00
  0.12689122E+01  0.99776481E+00
  0.12694621E+01  0.10100252E+01
  0.12700119E+01  0.10222904E+01
  0.12705618E+01  0.10345585E+01
  0.12711116E+01  0.10468276E+01
  0.12716615E+01  0.10590960E+01
  0.12722113E+01  0.10713622E+01
  0.12727612E+01  0.10836248E+01
  0.12733110E+01  0.10958828E+01
  0.12738608E+01  0.11081354E+01
  0.12744107E+01  0.11203818E+01
  0.12749605E+01  0.11326216E+01
  0.12755104E+01  0.11448544E+01
  0.12760602E+01  0.11570797E+01
  0.12766101E+01  0.11692974E+01
  0.12771599E+01  0.11815069E+01
  0.12777098E+01  0.11937081E+01
  0.12782596E+01  0.12059006E+01
  0.12788095E+01  0.12180838E+01
  0.12793593E+01  0.12302574E+01
  0.12799091E+01  0.12424207E+01
  0.12804590E+01  0.12545736E+01
  0.12810088E+01  0.12667161E+01
  0.12815587E+01  0.12788489E+01
  0.12821085E+01  0.12909726E+01
  0.12826584E+01  0.13030882E+01
  0.12832082E+01  0.13151960E+01
  0.12837581E+01  0.13272966E+01
  0.12843079E+01  0.13393902E+01
  0.12848578E+01  0.13514769E+01
  0.12854076E+01  0.13635568E+01
  0.12859575E+01  0.13756294E+01
  0.12865073E+01  0.13876939E+01
  0.12870571E+01  0.13997486E+01
  0.12876070E+01  0.14117906E+01
  0.12881568E+01  0.14238155E+01
  0.12887067E+01  0.14358171E+01
  0.12892565E+01  0.14477888E+01
  0.12898064E+01  0.14597238E+01
  0.12903562E+01  0.14716173E+01
  0.12909061E+01  0.14834682E+01
  0.12914559E+01  0.14952789E+01
  0.12920058E+01  0.15070547E+01
  0.12925556E+01  0.15188024E+01
  0.12931055E+01  0.15305282E+01
  0.12936553E+01  0.15422366E+01
  0.12942051E+01  0.15539308E+01
  0.12947550E+01  0.15656123E+01
  0.12953048E+01  0.15772814E+01
  0.12958547E+01  0.15889381E+01
  0.12964045E+01  0.16005817E+01
  0.12969544E+01  0.16122116E+01
  0.12975042E+01  0.16238272E+01
  0.12980541E+01  0.16354279E+01
  0.12986039E+01  0.16470131E+01
  0.12991538E+01  0.16585825E+01
  0.12997036E+01  0.16701356E+01
  0.13002535E+01  0.16816720E+01
  0.13008033E+01  0.16931913E+01
  0.13013531E+01  0.17046928E+01
  0.13019030E+01  0.17161759E+01
  0.13024528E+01  0.17276397E+01
  0.13030027E+01  0.17390834E+01
  0.13035525E+01  0.17505060E+01
  0.13041024E+01  0.17619065E+01
  0.13046522E+01  0.17732844E+01
  0.13052021E+01  0.17846394E+01
  0.13057519E+01  0.17959718E+01
  0.13063018E+01  0.18072819E+01
  0.13068516E+01  0.18185702E+01
  0.13074015E+01  0.18298370E+01
  0.13079513E+01  0.18410826E+01
  0.13085011E+01  0.18523071E+01
  0.13090510E+01  0.18635106E+01
  0.13096008E+01  0.18746932E+01
  0.13101507E+01  0.18858552E+01
  0.13107005E+01  0.18969973E+01
  0.13112504E+01  0.19081201E+01
  0.13118002E+01  0.19192244E+01
  0.13123501E+01  0.19303106E+01
  0.13128999E+01  0.19413786E+01
  0.13134498E+01  0.19524275E+01
  0.13139996E+01  0.19634564E+01
  0.13145495E+01  0.19744642E+01
  0.13150993E+01  0.19854502E+01
  0.13156491E+01  0.19964137E+01
  0.13161990E+01  0.20073545E+01
  0.13167488E+01  0.20182725E+01
  0.13172987E+01  0.20291680E+01
  0.13178485E+01  0.20400409E+01
  0.13183984E+01  0.20508916E+01
  0.13189482E+01  0.20617206E+01
  0.13194981E+01  0.20725283E+01
  0.13200479E+01  0.20833152E+01
  0.13205978E+01  0.20940818E+01
  0.13211476E+01  0.21048284E+01
  0.13216974E+01  0.21155550E+01
  0.13222473E+01  0.21262612E+01
  0.13227971E+01  0.21369465E+01
  0.13233470E+01  0.21476102E+01
  0.13238968E+01  0.21582515E+01
  0.13244467E+01  0.21688699E+01
  0.13249965E+01  0.21794652E+01
  0.13255464E+01  0.21900370E+01
  0.13260962E+01  0.22005855E+01
  0.13266461E+01  0.22111107E+01
  0.13271959E+01  0.22216126E+01
  0.13277458E+01  0.22320904E+01
  0.13282956E+01  0.22425431E+01
  0.13288454E+01  0.22529686E+01
  0.13293953E+01  0.22633649E+01
  0.13299451E+01  0.22737310E+01
  0.13304950E+01  0.22840680E+01
  0.13310448E+01  0.22943784E+01
  0.13315947E+01  0.23046650E+01
  0.13321445E+01  0.23149299E+01
  0.13326944E+01  0.23251743E+01
  0.13332442E+01  0.23353986E+01
  0.13337941E+01  0.23456030E+01
  0.13343439E+01  0.23557873E+01
  0.13348938E+01  0.23659513E+01
  0.13354436E+01  0.23760948E+01
  0.13359934E+01  0.23862177E+01
  0.13365433E+01  0.23963199E+01
  0.13370931E+01  0.24064011E+01
  0.13376430E+01  0.24164614E+01
  0.13381928E+01  0.24265006E+01
  0.13387427E+01  0.24365187E+01
  0.13392925E+01  0.24465156E+01
  0.13398424E+01  0.24564915E+01
  0.13403922E+01  0.24664463E+01
  0.13409421E+01  0.24763800E+01
  0.13414919E+01  0.24862928E+01
  0.13420418E+01  0.24961847E+01
  0.13425916E+01  0.25060557E+01
  0.13431414E+01  0.25159061E+01
  0.13436913E+01  0.25257359E+01
  0.13442411E+01  0.25355453E+01
  0.13447910E+01  0.25453343E+01
  0.13453408E+01  0.25551031E+01
  0.13458907E+01  0.25648519E+01
  0.13464405E+01  0.25745808E+01
  0.13469904E+01  0.25842899E+01
  0.13475402E+01  0.25939793E+01
  0.13480901E+01  0.26036494E+01
  0.13486399E+01  0.26133001E+01
  0.13491898E+01  0.26229317E+01
  0.13497396E+01  0.26325443E+01
  0.13502894E+01  0.26421380E+01
  0.13508393E+01  0.26517132E+01
  0.13513891E+01  0.26612698E+01
  0.13519390E+01  0.26708081E+01
  0.13524888E+01  0.26803283E+01
  0.13530387E+01  0.26898305E+01
  0.13535885E+01  0.26993149E+01
  0.13541384E+01  0.27087816E+01
  0.13546882E+01  0.27182309E+01
  0.13552381E+01  0.27276629E+01
  0.13557879E+01  0.27370778E+01
  0.13563377E+01  0.27464758E+01
  0.13568876E+01  0.27558570E+01
  0.13574374E+01  0.27652216E+01
  0.13579873E+01  0.27745697E+01
  0.13585371E+01  0.27839016E+01
  0.13590870E+01  0.27932174E+01
  0.13596368E+01  0.28025172E+01
  0.13601867E+01  0.28118012E+01
  0.13607365E+01  0.28210696E+01
  0.13612864E+01  0.28303224E+01
  0.13618362E+01  0.28395599E+01
  0.13623861E+01  0.28487821E+01
  0.13629359E+01  0.28579892E+01
  0.13634857E+01  0.28671812E+01
  0.13640356E+01  0.28763582E+01
  0.13645854E+01  0.28855204E+01
  0.13651353E+01  0.28946676E+01
  0.13656851E+01  0.29037999E+01
  0.13662350E+01  0.29129172E+01
  0.13667848E+01  0.29220194E+01
  0.13673347E+01  0.29311062E+01
  0.13678845E+01  0.29401775E+01
  0.13684344E+01  0.29492327E+01
  0.13689842E+01  0.29582715E+01
  0.13695341E+01  0.29672931E+01
  0.13700839E+01  0.29762971E+01
  0.13706337E+01  0.29852832E+01
  0.13711836E+01  0.29942520E+01
  0.13717334E+01  0.30032053E+01
  0.13722833E+01  0.30121468E+01
  0.13728331E+01  0.30210820E+01
  0.13733830E+01  0.30300163E+01
  0.13739328E+01  0.30389528E+01
  0.13744827E+01  0.30478907E+01
  0.13750325E+01  0.30568261E+01
  0.13755824E+01  0.30657544E+01
  0.13761322E+01  0.30746717E+01
  0.13766821E+01  0.30835758E+01
  0.13772319E+01  0.30924656E+01
  0.13777817E+01  0.31013413E+01
  0.13783316E+01  0.31102039E+01
  0.13788814E+01  0.31190548E+01
  0.13794313E+01  0.31278960E+01
  0.13799811E+01  0.31367296E+01
  0.13805310E+01  0.31455577E+01
  0.13810808E+01  0.31543822E+01
  0.13816307E+01  0.31632042E+01
  0.13821805E+01  0.31720239E+01
  0.13827304E+01  0.31808407E+01
  0.13832802E+01  0.31896532E+01
  0.13838301E+01  0.31984600E+01
  0.13843799E+01  0.32072596E+01
  0.13849297E+01  0.32160508E+01
  0.13854796E+01  0.32248329E+01
  0.13860294E+01  0.32336053E+01
  0.13865793E+01  0.32423680E+01
  0.13871291E+01  0.32511210E+01
  0.13876790E+01  0.32598645E+01
  0.13882288E+01  0.32685989E+01
  0.13887787E+01  0.32773245E+01
  0.13893285E+01  0.32860418E+01
  0.13898784E+01  0.32947512E+01
  0.13904282E+01  0.33034529E+01
  0.13909781E+01  0.33121472E+01
  0.13915279E+01  0.33208342E+01
  0.13920777E+01  0.33295140E+01
  0.13926276E+01  0.33381869E+01
  0.13931774E+01  0.33468528E+01
  0.13937273E+01  0.33555119E+01
  0.13942771E+01  0.33641644E+01
  0.13948270E+01  0.33728105E+01
  0.13953768E+01  0.33814505E+01
  0.13959267E+01  0.33900849E+01
  0.13964765E+01  0.33987142E+01
  0.13970264E+01  0.34073390E+01
  0.13975762E+01  0.34159606E+01
  0.13981260E+01  0.34245806E+01
  0.13986759E+01  0.34332012E+01
  0.13992257E+01  0.34418257E+01
  0.13997756E+01  0.34504568E+01
  0.14003254E+01  0.34590920E+01
  0.14008753E+01  0.34677128E+01
  0.14014251E+01  0.34762846E+01
  0.14019750E+01  0.34847954E+01
  0.14025248E+01  0.34932757E+01
  0.14030747E+01  0.35017556E+01
  0.14036245E+01  0.35102440E+01
  0.14041744E+01  0.35187389E+01
  0.14047242E+01  0.35272361E+01
  0.14052740E+01  0.35357325E+01
  0.14058239E+01  0.35442257E+01
  0.14063737E+01  0.35527142E+01
  0.14069236E+01  0.35611971E+01
  0.14074734E+01  0.35696736E+01
  0.14080233E+01  0.35781432E+01
  0.14085731E+01  0.35866053E+01
  0.14091230E+01  0.35950598E+01
  0.14096728E+01  0.36035062E+01
  0.14102227E+01  0.36119444E+01
  0.14107725E+01  0.36203739E+01
  0.14113224E+01  0.36287947E+01
  0.14118722E+01  0.36372065E+01
  0.14124220E+01  0.36456091E+01
  0.14129719E+01  0.36540022E+01
  0.14135217E+01  0.36623859E+01
  0.14140716E+01  0.36707600E+01
  0.14146214E+01  0.36791245E+01
  0.14151713E+01  0.36874793E+01
  0.14157211E+01  0.36958243E+01
  0.14162710E+01  0.37041596E+01
  0.14168208E+01  0.37124848E+01
  0.14173707E+01  0.22072349E+01
  0.14179205E+01  0.22078069E+01
  0.14184704E+01  0.22083715E+01
  0.14190202E+01  0.22089284E+01
  0.14195700E+01  0.22094771E+01
  0.14201199E+01  0.22100173E+01
  0.14206697E+01  0.22105486E+01
  0.14212196E+01  0.22110707E+01
  0.14217694E+01  0.22115837E+01
  0.14223193E+01  0.22120876E+01
  0.14228691E+01  0.22125826E+01
  0.14234190E+01  0.22130692E+01
  0.14239688E+01  0.22135477E+01
  0.14245187E+01  0.22140187E+01
  0.14250685E+01  0.22144828E+01
  0.14256184E+01  0.22149405E+01
  0.14261682E+01  0.22153923E+01
  0.14267180E+01  0.22158385E+01
  0.14272679E+01  0.22162797E+01
  0.14278177E+01  0.22167161E+01
  0.14283676E+01  0.22171478E+01
  0.14289174E+01  0.22175753E+01
  0.14294673E+01  0.22179985E+01
  0.14300171E+01  0.22184175E+01
  0.14305670E+01  0.22188326E+01
  0.14311168E+01  0.22192437E+01
  0.14316667E+01  0.22196509E+01
  0.14322165E+01  0.22200541E+01
  0.14327663E+01  0.22204535E+01
  0.14333162E+01  0.22208491E+01
  0.14338660E+01  0.22212408E+01
  0.14344159E+01  0.22216286E+01
  0.14349657E+01  0.22220125E+01
  0.14355156E+01  0.22223925E+01
  0.14360654E+01  0.22227685E+01
  0.14366153E+01  0.22231405E+01
  0.14371651E+01  0.22235086E+01
  0.14377150E+01  0.22238725E+01
  0.14382648E+01  0.22242323E+01
  0.14388147E+01  0.22245881E+01
  0.14393645E+01  0.22249398E+01
  0.14399143E+01  0.22252876E+01
  0.14404642E+01  0.22256319E+01
  0.14410140E+01  0.22259734E+01
  0.14415639E+01  0.22263136E+01
  0.14421137E+01  0.22266557E+01
  0.14426636E+01  0.22270065E+01
  0.14432134E+01  0.22273823E+01
  0.14437633E+01 -0.11632643E+00
  0.14443131E+01 -0.12453098E+00
  0.14448630E+01 -0.13150892E+00
  0.14454128E+01 -0.13312709E+00
  0.14459627E+01 -0.14845892E+00
  0.14465125E+01 -0.15862395E+00
  0.14470623E+01 -0.16743380E+00
  0.14476122E+01 -0.17594466E+00
  0.14481620E+01 -0.18432696E+00
  0.14487119E+01 -0.19262192E+00
  0.14492617E+01 -0.20084148E+00
  0.14498116E+01 -0.20898987E+00
  0.14503614E+01 -0.21706991E+00
  0.14509113E+01 -0.22508479E+00
  0.14514611E+01 -0.23303810E+00
  0.14520110E+01 -0.24093298E+00
  0.14525608E+01 -0.24877102E+00
  0.14531107E+01 -0.25655114E+00
  0.14536605E+01 -0.26426905E+00
  0.14542103E+01 -0.27191845E+00
  0.14547602E+01 -0.27949440E+00
  0.14553100E+01 -0.28699709E+00
  0.14558599E+01 -0.29443196E+00
  0.14564097E+01 -0.30180593E+00
  0.14569596E+01 -0.30912371E+00
  0.14575094E+01 -0.31638685E+00
  0.14580593E+01 -0.32359466E+00
  0.14586091E+01 -0.33074533E+00
  0.14591590E+01 -0.33783675E+00
  0.14597088E+01 -0.34486687E+00
  0.14602587E+01 -0.35183382E+00
  0.14608085E+01 -0.35873595E+00
  0.14613583E+01 -0.36557179E+00
  0.14619082E+01 -0.37234001E+00
  0.14624580E+01 -0.37903942E+00
  0.14630079E+01 -0.38566893E+00
  0.14635577E+01 -0.39222751E+00
  0.14641076E+01 -0.39871420E+00
  0.14646574E+01 -0.40512809E+00
  0.14652073E+01 -0.41146832E+00
  0.14657571E+01 -0.41773406E+00
  0.14663070E+01 -0.42392452E+00
  0.14668568E+01 -0.43003894E+00
  0.14674066E+01 -0.43607660E+00
  0.14679565E+01 -0.44203679E+00
  0.14685063E+01 -0.44791887E+00
  0.14690562E+01 -0.45372217E+00
  0.14696060E+01 -0.45944610E+00
  0.14701559E+01 -0.46509007E+00
  0.14707057E+01 -0.47065353E+00
  0.14712556E+01 -0.47613596E+00
  0.14718054E+01 -0.48153687E+00
  0.14723553E+01 -0.48685582E+00
  0.14729051E+01 -0.49209239E+00
  0.14734550E+01 -0.49724622E+00
  0.14740048E+01 -0.50231703E+00
  0.14745546E+01 -0.50730456E+00
  0.14751045E+01 -0.51220870E+00
  0.14756543E+01 -0.51702943E+00
  0.14762042E+01 -0.52176691E+00
  0.14767540E+01 -0.52642154E+00
  0.14773039E+01 -0.53099404E+00
  0.14778537E+01 -0.53548563E+00
  0.14784036E+01 -0.53989822E+00
  0.14789534E+01 -0.54423464E+00
  0.14795033E+01 -0.54849888E+00
  0.14800531E+01 -0.55269567E+00
  0.14806030E+01 -0.55682837E+00
  0.14811528E+01 -0.56089234E+00
  0.14817026E+01 -0.56486325E+00
  0.14822525E+01 -0.56869432E+00
  0.14828023E+01 -0.57234915E+00
  0.14833522E+01 -0.57584222E+00
  0.14839020E+01 -0.57921990E+00
  0.14844519E+01 -0.58251660E+00
  0.14850017E+01 -0.58574437E+00
  0.14855516E+01 -0.58890283E+00
  0.14861014E+01 -0.59198785E+00
  0.14866513E+01 -0.59499511E+00
  0.14872011E+01 -0.59792119E+00
  0.14877510E+01 -0.60076352E+00
  0.14883008E+01 -0.60352028E+00
  0.14888506E+01 -0.60619014E+00
  0.14894005E+01 -0.60877214E+00
  0.14899503E+01 -0.61126560E+00
  0.14905002E+01 -0.61367000E+00
  0.14910500E+01 -0.61598497E+00
  0.14915999E+01 -0.61821025E+00
  0.14921497E+01 -0.62034564E+00
  0.14926996E+01 -0.62239104E+00
  0.14932494E+01 -0.62434639E+00
  0.14937993E+01 -0.62621169E+00
  0.14943491E+01 -0.62798701E+00
  0.14948990E+01 -0.62967247E+00
  0.14954488E+01 -0.63126825E+00
  0.14959986E+01 -0.63277461E+00
  0.14965485E+01 -0.63419185E+00
  0.14970983E+01 -0.63552032E+00
  0.14976482E+01 -0.63676037E+00
  0.14981980E+01 -0.63791231E+00
  0.14987479E+01 -0.63897630E+00
  0.14992977E+01 -0.63995223E+00
  0.14998476E+01 -0.64083951E+00
  0.15003974E+01 -0.64163692E+00
  0.15009473E+01 -0.64234254E+00
  0.15014971E+01 -0.64295382E+00
  0.15020470E+01 -0.64346786E+00
  0.15025969E+01 -0.64388199E+00
  
