  0.00000000E+00  0.44853607E+01
  0.54998869E-03  0.44854394E+01
  0.10999774E-02  0.44854265E+01
  0.16499661E-02  0.44853222E+01
  0.21999547E-02  0.44851264E+01
  0.27499434E-02  0.44848392E+01
  0.32999321E-02  0.44844605E+01
  0.38499208E-02  0.44839903E+01
  0.43999095E-02  0.44834284E+01
  0.49498982E-02  0.44827751E+01
  0.54998869E-02  0.44820303E+01
  0.60498756E-02  0.44811940E+01
  0.65998642E-02  0.44802664E+01
  0.71498529E-02  0.44792477E+01
  0.76998416E-02  0.44781380E+01
  0.82498303E-02  0.44769374E+01
  0.87998190E-02  0.44756463E+01
  0.93498077E-02  0.44742648E+01
  0.98997964E-02  0.44727932E+01
  0.10449785E-01  0.44712317E+01
  0.10999774E-01  0.44695808E+01
  0.11549762E-01  0.44678407E+01
  0.12099751E-01  0.44660118E+01
  0.12649740E-01  0.44640946E+01
  0.13199728E-01  0.44620896E+01
  0.13749717E-01  0.44599975E+01
  0.14299706E-01  0.44578190E+01
  0.14849695E-01  0.44555554E+01
  0.15399683E-01  0.44532080E+01
  0.15949672E-01  0.44507786E+01
  0.16499661E-01  0.44482691E+01
  0.17049649E-01  0.44456791E+01
  0.17599638E-01  0.44430029E+01
  0.18149627E-01  0.44402276E+01
  0.18699615E-01  0.44373454E+01
  0.19249604E-01  0.44343634E+01
  0.19799593E-01  0.44312943E+01
  0.20349581E-01  0.44281453E+01
  0.20899570E-01  0.44249181E+01
  0.21449559E-01  0.44216125E+01
  0.21999547E-01  0.44182279E+01
  0.22549536E-01  0.44147639E+01
  0.23099525E-01  0.44112203E+01
  0.23649514E-01  0.44075972E+01
  0.24199502E-01  0.44038946E+01
  0.24749491E-01  0.44001130E+01
  0.25299480E-01  0.43962526E+01
  0.25849468E-01  0.43923140E+01
  0.26399457E-01  0.43882974E+01
  0.26949446E-01  0.43842035E+01
  0.27499434E-01  0.43800328E+01
  0.28049423E-01  0.43757857E+01
  0.28599412E-01  0.43714627E+01
  0.29149400E-01  0.43670646E+01
  0.29699389E-01  0.43625917E+01
  0.30249378E-01  0.43580447E+01
  0.30799366E-01  0.43534243E+01
  0.31349355E-01  0.43487309E+01
  0.31899344E-01  0.43439651E+01
  0.32449333E-01  0.43391277E+01
  0.32999321E-01  0.43342191E+01
  0.33549310E-01  0.43292401E+01
  0.34099299E-01  0.43241913E+01
  0.34649287E-01  0.43190732E+01
  0.35199276E-01  0.43138866E+01
  0.35749265E-01  0.43086321E+01
  0.36299253E-01  0.43033103E+01
  0.36849242E-01  0.42979219E+01
  0.37399231E-01  0.42924677E+01
  0.37949219E-01  0.42869481E+01
  0.38499208E-01  0.42813640E+01
  0.39049197E-01  0.42757159E+01
  0.39599185E-01  0.42700047E+01
  0.40149174E-01  0.42642310E+01
  0.40699163E-01  0.42583954E+01
  0.41249151E-01  0.42524987E+01
  0.41799140E-01  0.42465417E+01
  0.42349129E-01  0.42405249E+01
  0.42899118E-01  0.42344492E+01
  0.43449106E-01  0.42283152E+01
  0.43999095E-01  0.42221236E+01
  0.44549084E-01  0.42158752E+01
  0.45099072E-01  0.42095705E+01
  0.45649061E-01  0.42032103E+01
  0.46199050E-01  0.41967950E+01
  0.46749038E-01  0.41903251E+01
  0.47299027E-01  0.41838008E+01
  0.47849016E-01  0.41772219E+01
  0.48399004E-01  0.41705878E+01
  0.48948993E-01  0.41638964E+01
  0.49498982E-01  0.41571433E+01
  0.50048970E-01  0.41503192E+01
  0.50598959E-01  0.41434100E+01
  0.51148948E-01  0.41364264E+01
  0.51698937E-01  0.41294827E+01
  0.52248925E-01  0.41226197E+01
  0.52798914E-01  0.41157079E+01
  0.53348903E-01  0.41087101E+01
  0.53898891E-01  0.41016412E+01
  0.54448880E-01  0.40945142E+01
  0.54998869E-01  0.40873368E+01
  0.55548857E-01  0.40801138E+01
  0.56098846E-01  0.40728499E+01
  0.56648835E-01  0.40655532E+01
  0.57198823E-01  0.40582542E+01
  0.57748812E-01  0.40511946E+01
  0.58298801E-01  0.40440556E+01
  0.58848789E-01  0.40359817E+01
  0.59398778E-01  0.40283804E+01
  0.59948767E-01  0.40208037E+01
  0.60498756E-01  0.40132047E+01
  0.61048744E-01  0.40055747E+01
  0.61598733E-01  0.39979116E+01
  0.62148722E-01  0.39902149E+01
  0.62698710E-01  0.39824849E+01
  0.63248699E-01  0.39747220E+01
  0.63798688E-01  0.39669267E+01
  0.64348676E-01  0.39590996E+01
  0.64898665E-01  0.39512412E+01
  0.65448654E-01  0.39433522E+01
  0.65998642E-01  0.39354331E+01
  0.66548631E-01  0.39274846E+01
  0.67098620E-01  0.39195073E+01
  0.67648608E-01  0.39115017E+01
  0.68198597E-01  0.39034685E+01
  0.68748586E-01  0.38954083E+01
  0.69298575E-01  0.38873217E+01
  0.69848563E-01  0.38792092E+01
  0.70398552E-01  0.38710714E+01
  0.70948541E-01  0.38629089E+01
  0.71498529E-01  0.38547224E+01
  0.72048518E-01  0.38465123E+01
  0.72598507E-01  0.38382794E+01
  0.73148495E-01  0.38300241E+01
  0.73698484E-01  0.38217470E+01
  0.74248473E-01  0.38134489E+01
  0.74798461E-01  0.38051303E+01
  0.75348450E-01  0.37967919E+01
  0.75898439E-01  0.37884344E+01
  0.76448427E-01  0.37800583E+01
  0.76998416E-01  0.37716642E+01
  0.77548405E-01  0.37632520E+01
  0.78098393E-01  0.37548215E+01
  0.78648382E-01  0.37463717E+01
  0.79198371E-01  0.37379021E+01
  0.79748360E-01  0.37294132E+01
  0.80298348E-01  0.37209064E+01
  0.80848337E-01  0.37123835E+01
  0.81398326E-01  0.37038456E+01
  0.81948314E-01  0.36952936E+01
  0.82498303E-01  0.36867280E+01
  0.83048292E-01  0.36781491E+01
  0.83598280E-01  0.36695573E+01
  0.84148269E-01  0.36609529E+01
  0.84698258E-01  0.36523362E+01
  0.85248246E-01  0.36437075E+01
  0.85798235E-01  0.36350671E+01
  0.86348224E-01  0.36264154E+01
  0.86898212E-01  0.36177527E+01
  0.87448201E-01  0.36090795E+01
  0.87998190E-01  0.36003961E+01
  0.88548179E-01  0.35917029E+01
  0.89098167E-01  0.35830004E+01
  0.89648156E-01  0.35742889E+01
  0.90198145E-01  0.35655688E+01
  0.90748133E-01  0.35568405E+01
  0.91298122E-01  0.35481042E+01
  0.91848111E-01  0.35393604E+01
  0.92398099E-01  0.35306093E+01
  0.92948088E-01  0.35218515E+01
  0.93498077E-01  0.35130871E+01
  0.94048065E-01  0.35043166E+01
  0.94598054E-01  0.34955405E+01
  0.95148043E-01  0.34867591E+01
  0.95698031E-01  0.34779729E+01
  0.96248020E-01  0.34691824E+01
  0.96798009E-01  0.34603884E+01
  0.97347998E-01  0.34515913E+01
  0.97897986E-01  0.34427921E+01
  0.98447975E-01  0.34339912E+01
  0.98997964E-01  0.34251893E+01
  0.99547952E-01  0.34163857E+01
  0.10009794E+00  0.34075790E+01
  0.10064793E+00  0.33987661E+01
  0.10119792E+00  0.33899439E+01
  0.10174791E+00  0.33811112E+01
  0.10229790E+00  0.33722691E+01
  0.10284788E+00  0.33634207E+01
  0.10339787E+00  0.33545690E+01
  0.10394786E+00  0.33457161E+01
  0.10449785E+00  0.33368631E+01
  0.10504784E+00  0.33280107E+01
  0.10559783E+00  0.33191590E+01
  0.10614782E+00  0.33103082E+01
  0.10669781E+00  0.33014584E+01
  0.10724779E+00  0.32926095E+01
  0.10779778E+00  0.32837616E+01
  0.10834777E+00  0.32749146E+01
  0.10889776E+00  0.32660683E+01
  0.10944775E+00  0.32572224E+01
  0.10999774E+00  0.32483765E+01
  0.11054773E+00  0.32395300E+01
  0.11109771E+00  0.32306821E+01
  0.11164770E+00  0.32218318E+01
  0.11219769E+00  0.32129784E+01
  0.11274768E+00  0.32041210E+01
  0.11329767E+00  0.31952591E+01
  0.11384766E+00  0.31863924E+01
  0.11439765E+00  0.31775210E+01
  0.11494764E+00  0.31686452E+01
  0.11549762E+00  0.31597654E+01
  0.11604761E+00  0.31508823E+01
  0.11659760E+00  0.31419960E+01
  0.11714759E+00  0.31331068E+01
  0.11769758E+00  0.31242143E+01
  0.11824757E+00  0.31153180E+01
  0.11879756E+00  0.31064169E+01
  0.11934754E+00  0.30975099E+01
  0.11989753E+00  0.30885970E+01
  0.12044752E+00  0.30796808E+01
  0.12099751E+00  0.30707693E+01
  0.12154750E+00  0.30618773E+01
  0.12209749E+00  0.30530205E+01
  0.12264748E+00  0.30442047E+01
  0.12319747E+00  0.30354191E+01
  0.12374745E+00  0.30266444E+01
  0.12429744E+00  0.30178627E+01
  0.12484743E+00  0.30090636E+01
  0.12539742E+00  0.30002459E+01
  0.12594741E+00  0.29914147E+01
  0.12649740E+00  0.29825768E+01
  0.12704739E+00  0.29737374E+01
  0.12759738E+00  0.29648993E+01
  0.12814736E+00  0.29560639E+01
  0.12869735E+00  0.29472316E+01
  0.12924734E+00  0.29384026E+01
  0.12979733E+00  0.29295767E+01
  0.13034732E+00  0.29207539E+01
  0.13089731E+00  0.29119342E+01
  0.13144730E+00  0.29031175E+01
  0.13199728E+00  0.28943037E+01
  0.13254727E+00  0.28854928E+01
  0.13309726E+00  0.28766849E+01
  0.13364725E+00  0.28678800E+01
  0.13419724E+00  0.28590779E+01
  0.13474723E+00  0.28502788E+01
  0.13529722E+00  0.28414827E+01
  0.13584721E+00  0.28326895E+01
  0.13639719E+00  0.28238992E+01
  0.13694718E+00  0.28151119E+01
  0.13749717E+00  0.28063276E+01
  0.13804716E+00  0.27975461E+01
  0.13859715E+00  0.27887677E+01
  0.13914714E+00  0.27799921E+01
  0.13969713E+00  0.27712194E+01
  0.14024712E+00  0.27624497E+01
  0.14079710E+00  0.27536828E+01
  0.14134709E+00  0.27449187E+01
  0.14189708E+00  0.27361574E+01
  0.14244707E+00  0.27273989E+01
  0.14299706E+00  0.27186432E+01
  0.14354705E+00  0.27098902E+01
  0.14409704E+00  0.27011399E+01
  0.14464702E+00  0.26923923E+01
  0.14519701E+00  0.26836473E+01
  0.14574700E+00  0.26749048E+01
  0.14629699E+00  0.26661650E+01
  0.14684698E+00  0.26574277E+01
  0.14739697E+00  0.26486929E+01
  0.14794696E+00  0.26399605E+01
  0.14849695E+00  0.26312306E+01
  0.14904693E+00  0.26225032E+01
  0.14959692E+00  0.26137781E+01
  0.15014691E+00  0.26050555E+01
  0.15069690E+00  0.25963352E+01
  0.15124689E+00  0.25876173E+01
  0.15179688E+00  0.25789017E+01
  0.15234687E+00  0.25701884E+01
  0.15289685E+00  0.25614775E+01
  0.15344684E+00  0.25527689E+01
  0.15399683E+00  0.25440626E+01
  0.15454682E+00  0.25353586E+01
  0.15509681E+00  0.25266570E+01
  0.15564680E+00  0.25179577E+01
  0.15619679E+00  0.25092607E+01
  0.15674678E+00  0.25005661E+01
  0.15729676E+00  0.24918739E+01
  0.15784675E+00  0.24831840E+01
  0.15839674E+00  0.24744965E+01
  0.15894673E+00  0.24658114E+01
  0.15949672E+00  0.24571287E+01
  0.16004671E+00  0.24484484E+01
  0.16059670E+00  0.24397706E+01
  0.16114669E+00  0.24310951E+01
  0.16169667E+00  0.24224222E+01
  0.16224666E+00  0.24137517E+01
  0.16279665E+00  0.24050837E+01
  0.16334664E+00  0.23964182E+01
  0.16389663E+00  0.23877553E+01
  0.16444662E+00  0.23790950E+01
  0.16499661E+00  0.23704373E+01
  0.16554659E+00  0.23617824E+01
  0.16609658E+00  0.23531303E+01
  0.16664657E+00  0.23444813E+01
  0.16719656E+00  0.23358354E+01
  0.16774655E+00  0.23271930E+01
  0.16829654E+00  0.23185542E+01
  0.16884653E+00  0.23099196E+01
  0.16939652E+00  0.23012893E+01
  0.16994650E+00  0.22926639E+01
  0.17049649E+00  0.22840435E+01
  0.17104648E+00  0.22754283E+01
  0.17159647E+00  0.22668185E+01
  0.17214646E+00  0.22582140E+01
  0.17269645E+00  0.22496145E+01
  0.17324644E+00  0.22410199E+01
  0.17379642E+00  0.22324300E+01
  0.17434641E+00  0.22238446E+01
  0.17489640E+00  0.22152636E+01
  0.17544639E+00  0.22066867E+01
  0.17599638E+00  0.21981136E+01
  0.17654637E+00  0.21895436E+01
  0.17709636E+00  0.21809757E+01
  0.17764635E+00  0.21724093E+01
  0.17819633E+00  0.21638447E+01
  0.17874632E+00  0.21552826E+01
  0.17929631E+00  0.21467237E+01
  0.17984630E+00  0.21381686E+01
  0.18039629E+00  0.21296179E+01
  0.18094628E+00  0.21210721E+01
  0.18149627E+00  0.21125318E+01
  0.18204626E+00  0.21039974E+01
  0.18259624E+00  0.20954690E+01
  0.18314623E+00  0.20869469E+01
  0.18369622E+00  0.20784310E+01
  0.18424621E+00  0.20699215E+01
  0.18479620E+00  0.20614183E+01
  0.18534619E+00  0.20529215E+01
  0.18589618E+00  0.20444309E+01
  0.18644616E+00  0.20359467E+01
  0.18699615E+00  0.20274687E+01
  0.18754614E+00  0.20189972E+01
  0.18809613E+00  0.20105320E+01
  0.18864612E+00  0.20020732E+01
  0.18919611E+00  0.19936210E+01
  0.18974610E+00  0.19851755E+01
  0.19029609E+00  0.19767369E+01
  0.19084607E+00  0.19683055E+01
  0.19139606E+00  0.19598818E+01
  0.19194605E+00  0.19514663E+01
  0.19249604E+00  0.19430598E+01
  0.19304603E+00  0.19346628E+01
  0.19359602E+00  0.19262763E+01
  0.19414601E+00  0.19179008E+01
  0.19469600E+00  0.19095371E+01
  0.19524598E+00  0.19011856E+01
  0.19579597E+00  0.18928469E+01
  0.19634596E+00  0.18845213E+01
  0.19689595E+00  0.18762090E+01
  0.19744594E+00  0.18679104E+01
  0.19799593E+00  0.18596252E+01
  0.19854592E+00  0.18513526E+01
  0.19909590E+00  0.18430908E+01
  0.19964589E+00  0.18348366E+01
  0.20019588E+00  0.18265856E+01
  0.20074587E+00  0.18183327E+01
  0.20129586E+00  0.18100738E+01
  0.20184585E+00  0.18018066E+01
  0.20239584E+00  0.17935318E+01
  0.20294583E+00  0.17852526E+01
  0.20349581E+00  0.17769728E+01
  0.20404580E+00  0.17686962E+01
  0.20459579E+00  0.17604254E+01
  0.20514578E+00  0.17521618E+01
  0.20569577E+00  0.17439060E+01
  0.20624576E+00  0.17356578E+01
  0.20679575E+00  0.17274169E+01
  0.20734573E+00  0.17191828E+01
  0.20789572E+00  0.17109554E+01
  0.20844571E+00  0.17027349E+01
  0.20899570E+00  0.16945226E+01
  0.20954569E+00  0.16863207E+01
  0.21009568E+00  0.16781331E+01
  0.21064567E+00  0.16699648E+01
  0.21119566E+00  0.16618225E+01
  0.21174564E+00  0.16537133E+01
  0.21229563E+00  0.16456442E+01
  0.21284562E+00  0.16376205E+01
  0.21339561E+00  0.16296450E+01
  0.21394560E+00  0.16217170E+01
  0.21449559E+00  0.16138327E+01
  0.21504558E+00  0.16059858E+01
  0.21559557E+00  0.15981692E+01
  0.21614555E+00  0.15903756E+01
  0.21669554E+00  0.15825990E+01
  0.21724553E+00  0.15748349E+01
  0.21779552E+00  0.15670802E+01
  0.21834551E+00  0.15593334E+01
  0.21889550E+00  0.15515939E+01
  0.21944549E+00  0.15438620E+01
  0.21999547E+00  0.15361385E+01
  0.22054546E+00  0.15284241E+01
  0.22109545E+00  0.15207199E+01
  0.22164544E+00  0.15130266E+01
  0.22219543E+00  0.15053451E+01
  0.22274542E+00  0.14976761E+01
  0.22329541E+00  0.14900201E+01
  0.22384540E+00  0.14823777E+01
  0.22439538E+00  0.14747495E+01
  0.22494537E+00  0.14671363E+01
  0.22549536E+00  0.14595389E+01
  0.22604535E+00  0.14519582E+01
  0.22659534E+00  0.14443955E+01
  0.22714533E+00  0.14368518E+01
  0.22769532E+00  0.14293283E+01
  0.22824530E+00  0.14218263E+01
  0.22879529E+00  0.14143465E+01
  0.22934528E+00  0.14068894E+01
  0.22989527E+00  0.13994554E+01
  0.23044526E+00  0.13920445E+01
  0.23099525E+00  0.13846564E+01
  0.23154524E+00  0.13772908E+01
  0.23209523E+00  0.13699475E+01
  0.23264521E+00  0.13626264E+01
  0.23319520E+00  0.13553277E+01
  0.23374519E+00  0.13480518E+01
  0.23429518E+00  0.13407992E+01
  0.23484517E+00  0.13335708E+01
  0.23539516E+00  0.13263675E+01
  0.23594515E+00  0.13191904E+01
  0.23649514E+00  0.13120403E+01
  0.23704512E+00  0.13049181E+01
  0.23759511E+00  0.12978244E+01
  0.23814510E+00  0.12907596E+01
  0.23869509E+00  0.12837238E+01
  0.23924508E+00  0.12767169E+01
  0.23979507E+00  0.12697386E+01
  0.24034506E+00  0.12627884E+01
  0.24089504E+00  0.12558660E+01
  0.24144503E+00  0.12489709E+01
  0.24199502E+00  0.12421028E+01
  0.24254501E+00  0.12352612E+01
  0.24309500E+00  0.12284462E+01
  0.24364499E+00  0.12216576E+01
  0.24419498E+00  0.12148954E+01
  0.24474497E+00  0.12081600E+01
  0.24529495E+00  0.12014516E+01
  0.24584494E+00  0.11947707E+01
  0.24639493E+00  0.11881180E+01
  0.24694492E+00  0.11814944E+01
  0.24749491E+00  0.11749010E+01
  0.24804490E+00  0.11683391E+01
  0.24859489E+00  0.11618100E+01
  0.24914488E+00  0.11553141E+01
  0.24969486E+00  0.11488492E+01
  0.25024485E+00  0.11424080E+01
  0.25079484E+00  0.11359771E+01
  0.25134483E+00  0.11295435E+01
  0.25189482E+00  0.11231064E+01
  0.25244481E+00  0.11166780E+01
  0.25299480E+00  0.11102726E+01
  0.25354478E+00  0.11038982E+01
  0.25409477E+00  0.10975572E+01
  0.25464476E+00  0.10912493E+01
  0.25519475E+00  0.10849738E+01
  0.25574474E+00  0.10787298E+01
  0.25629473E+00  0.10725168E+01
  0.25684472E+00  0.10663345E+01
  0.25739471E+00  0.10601828E+01
  0.25794469E+00  0.10540617E+01
  0.25849468E+00  0.10479711E+01
  0.25904467E+00  0.10419111E+01
  0.25959466E+00  0.10358816E+01
  0.26014465E+00  0.10298826E+01
  0.26069464E+00  0.10239138E+01
  0.26124463E+00  0.10179749E+01
  0.26179461E+00  0.10120654E+01
  0.26234460E+00  0.10061844E+01
  0.26289459E+00  0.10003307E+01
  0.26344458E+00  0.99450265E+00
  0.26399457E+00  0.98869944E+00
  0.26454456E+00  0.98292415E+00
  0.26509455E+00  0.97718812E+00
  0.26564454E+00  0.97150383E+00
  0.26619452E+00  0.96586710E+00
  0.26674451E+00  0.96026351E+00
  0.26729450E+00  0.95468549E+00
  0.26784449E+00  0.94913256E+00
  0.26839448E+00  0.94360633E+00
  0.26894447E+00  0.93810833E+00
  0.26949446E+00  0.93263955E+00
  0.27004445E+00  0.92720056E+00
  0.27059443E+00  0.92179162E+00
  0.27114442E+00  0.91641280E+00
  0.27169441E+00  0.91106406E+00
  0.27224440E+00  0.90574532E+00
  0.27279439E+00  0.90045651E+00
  0.27334438E+00  0.89519762E+00
  0.27389437E+00  0.88996877E+00
  0.27444435E+00  0.88477026E+00
  0.27499434E+00  0.87960252E+00
  0.27554433E+00  0.87446615E+00
  0.27609432E+00  0.86936178E+00
  0.27664431E+00  0.86429000E+00
  0.27719430E+00  0.85925127E+00
  0.27774429E+00  0.85424589E+00
  0.27829428E+00  0.84927398E+00
  0.27884426E+00  0.84433552E+00
  0.27939425E+00  0.83943040E+00
  0.27994424E+00  0.83455846E+00
  0.28049423E+00  0.82971951E+00
  0.28104422E+00  0.82491337E+00
  0.28159421E+00  0.82013988E+00
  0.28214420E+00  0.81539891E+00
  0.28269418E+00  0.81069032E+00
  0.28324417E+00  0.80601402E+00
  0.28379416E+00  0.80136992E+00
  0.28434415E+00  0.79675795E+00
  0.28489414E+00  0.79217805E+00
  0.28544413E+00  0.78763014E+00
  0.28599412E+00  0.78311418E+00
  0.28654411E+00  0.77863011E+00
  0.28709409E+00  0.77417786E+00
  0.28764408E+00  0.76975739E+00
  0.28819407E+00  0.76536862E+00
  0.28874406E+00  0.76101150E+00
  0.28929405E+00  0.75668595E+00
  0.28984404E+00  0.75239190E+00
  0.29039403E+00  0.74812927E+00
  0.29094402E+00  0.74389797E+00
  0.29149400E+00  0.73969792E+00
  0.29204399E+00  0.73552901E+00
  0.29259398E+00  0.73139114E+00
  0.29314397E+00  0.72728421E+00
  0.29369396E+00  0.72320810E+00
  0.29424395E+00  0.71916270E+00
  0.29479394E+00  0.71514788E+00
  0.29534392E+00  0.71116353E+00
  0.29589391E+00  0.70720949E+00
  0.29644390E+00  0.70328565E+00
  0.29699389E+00  0.69939186E+00
  0.29754388E+00  0.69552799E+00
  0.29809387E+00  0.69169388E+00
  0.29864386E+00  0.68788939E+00
  0.29919385E+00  0.68411437E+00
  0.29974383E+00  0.68036867E+00
  0.30029382E+00  0.67665214E+00
  0.30084381E+00  0.67296462E+00
  0.30139380E+00  0.66930597E+00
  0.30194379E+00  0.66567603E+00
  0.30249378E+00  0.66207466E+00
  0.30304377E+00  0.65850171E+00
  0.30359375E+00  0.65495707E+00
  0.30414374E+00  0.65144063E+00
  0.30469373E+00  0.64795229E+00
  0.30524372E+00  0.64449201E+00
  0.30579371E+00  0.64105976E+00
  0.30634370E+00  0.63765560E+00
  0.30689369E+00  0.63427962E+00
  0.30744368E+00  0.63093199E+00
  0.30799366E+00  0.62761297E+00
  0.30854365E+00  0.62432290E+00
  0.30909364E+00  0.62106221E+00
  0.30964363E+00  0.61783140E+00
  0.31019362E+00  0.61463107E+00
  0.31074361E+00  0.61146181E+00
  0.31129360E+00  0.60832426E+00
  0.31184359E+00  0.60521901E+00
  0.31239357E+00  0.60214659E+00
  0.31294356E+00  0.59910741E+00
  0.31349355E+00  0.59610179E+00
  0.31404354E+00  0.59312986E+00
  0.31459353E+00  0.59019165E+00
  0.31514352E+00  0.58728709E+00
  0.31569351E+00  0.58441604E+00
  0.31624349E+00  0.58157842E+00
  0.31679348E+00  0.57877434E+00
  0.31734347E+00  0.57600442E+00
  0.31789346E+00  0.57327049E+00
  0.31844345E+00  0.57057733E+00
  0.31899344E+00  0.56793815E+00
  0.31954343E+00  0.56539545E+00
  0.32009342E+00  0.56311968E+00
  0.32064340E+00  0.56156797E+00
  0.32119339E+00  0.55853115E+00
  0.32174338E+00  0.55524750E+00
  0.32229337E+00  0.55249835E+00
  0.32284336E+00  0.54991756E+00
  0.32339335E+00  0.54740970E+00
  0.32394334E+00  0.54494730E+00
  0.32449333E+00  0.54252043E+00
  0.32504331E+00  0.54012478E+00
  0.32559330E+00  0.53775822E+00
  0.32614329E+00  0.53541962E+00
  0.32669328E+00  0.53310831E+00
  0.32724327E+00  0.53082388E+00
  0.32779326E+00  0.52856610E+00
  0.32834325E+00  0.52633487E+00
  0.32889323E+00  0.52413015E+00
  0.32944322E+00  0.52195197E+00
  0.32999321E+00  0.51980044E+00
  0.33054320E+00  0.51767566E+00
  0.33109319E+00  0.51557774E+00
  0.33164318E+00  0.51350678E+00
  0.33219317E+00  0.51146278E+00
  0.33274316E+00  0.50944571E+00
  0.33329314E+00  0.50745543E+00
  0.33384313E+00  0.50549176E+00
  0.33439312E+00  0.50355448E+00
  0.33494311E+00  0.50164334E+00
  0.33549310E+00  0.49975815E+00
  0.33604309E+00  0.49789878E+00
  0.33659308E+00  0.49606515E+00
  0.33714306E+00  0.49425727E+00
  0.33769305E+00  0.49247519E+00
  0.33824304E+00  0.49071894E+00
  0.33879303E+00  0.48898837E+00
  0.33934302E+00  0.48728287E+00
  0.33989301E+00  0.48560080E+00
  0.34044300E+00  0.48393874E+00
  0.34099299E+00  0.48229050E+00
  0.34154297E+00  0.48064692E+00
  0.34209296E+00  0.47899805E+00
  0.34264295E+00  0.47733869E+00
  0.34319294E+00  0.47567398E+00
  0.34374293E+00  0.47401813E+00
  0.34429292E+00  0.47238595E+00
  0.34484291E+00  0.47078561E+00
  0.34539290E+00  0.46921815E+00
  0.34594288E+00  0.46768115E+00
  0.34649287E+00  0.46617213E+00
  0.34704286E+00  0.46468953E+00
  0.34759285E+00  0.46323240E+00
  0.34814284E+00  0.46179984E+00
  0.34869283E+00  0.46039090E+00
  0.34924282E+00  0.45900467E+00
  0.34979280E+00  0.45764035E+00
  0.35034279E+00  0.45629727E+00
  0.35089278E+00  0.45497490E+00
  0.35144277E+00  0.45367281E+00
  0.35199276E+00  0.45239067E+00
  0.35254275E+00  0.45112820E+00
  0.35309274E+00  0.44988517E+00
  0.35364273E+00  0.44866135E+00
  0.35419271E+00  0.44745656E+00
  0.35474270E+00  0.44627063E+00
  0.35529269E+00  0.44510336E+00
  0.35584268E+00  0.44395459E+00
  0.35639267E+00  0.44282415E+00
  0.35694266E+00  0.44171187E+00
  0.35749265E+00  0.44061758E+00
  0.35804263E+00  0.43954110E+00
  0.35859262E+00  0.43848228E+00
  0.35914261E+00  0.43744093E+00
  0.35969260E+00  0.43641688E+00
  0.36024259E+00  0.43540997E+00
  0.36079258E+00  0.43442001E+00
  0.36134257E+00  0.43344683E+00
  0.36189256E+00  0.43249026E+00
  0.36244254E+00  0.43155009E+00
  0.36299253E+00  0.43062615E+00
  0.36354252E+00  0.42971823E+00
  0.36409251E+00  0.42882611E+00
  0.36464250E+00  0.42794957E+00
  0.36519249E+00  0.42708839E+00
  0.36574248E+00  0.42624234E+00
  0.36629247E+00  0.42541123E+00
  0.36684245E+00  0.42459494E+00
  0.36739244E+00  0.42379341E+00
  0.36794243E+00  0.42300671E+00
  0.36849242E+00  0.42223494E+00
  0.36904241E+00  0.42147817E+00
  0.36959240E+00  0.42073640E+00
  0.37014239E+00  0.42000951E+00
  0.37069237E+00  0.41929726E+00
  0.37124236E+00  0.41859942E+00
  0.37179235E+00  0.41791569E+00
  0.37234234E+00  0.41724583E+00
  0.37289233E+00  0.41658960E+00
  0.37344232E+00  0.41594677E+00
  0.37399231E+00  0.41531716E+00
  0.37454230E+00  0.41470057E+00
  0.37509228E+00  0.41409682E+00
  0.37564227E+00  0.41350574E+00
  0.37619226E+00  0.41292714E+00
  0.37674225E+00  0.41236088E+00
  0.37729224E+00  0.41180676E+00
  0.37784223E+00  0.41126462E+00
  0.37839222E+00  0.41073431E+00
  0.37894221E+00  0.41021564E+00
  0.37949219E+00  0.40970847E+00
  0.38004218E+00  0.40921264E+00
  0.38059217E+00  0.40872800E+00
  0.38114216E+00  0.40825444E+00
  0.38169215E+00  0.40779184E+00
  0.38224214E+00  0.40734012E+00
  0.38279213E+00  0.40689922E+00
  0.38334211E+00  0.40646912E+00
  0.38389210E+00  0.40604981E+00
  0.38444209E+00  0.40564134E+00
  0.38499208E+00  0.40524376E+00
  0.38554207E+00  0.40485715E+00
  0.38609206E+00  0.40448155E+00
  0.38664205E+00  0.40411702E+00
  0.38719204E+00  0.40376353E+00
  0.38774202E+00  0.40342100E+00
  0.38829201E+00  0.40308927E+00
  0.38884200E+00  0.40276809E+00
  0.38939199E+00  0.40245712E+00
  0.38994198E+00  0.40215595E+00
  0.39049197E+00  0.40186409E+00
  0.39104196E+00  0.40158103E+00
  0.39159194E+00  0.40130623E+00
  0.39214193E+00  0.40103915E+00
  0.39269192E+00  0.40077926E+00
  0.39324191E+00  0.40052608E+00
  0.39379190E+00  0.40027922E+00
  0.39434189E+00  0.40003833E+00
  0.39489188E+00  0.39980320E+00
  0.39544187E+00  0.39957372E+00
  0.39599185E+00  0.39934997E+00
  0.39654184E+00  0.39913219E+00
  0.39709183E+00  0.39892082E+00
  0.39764182E+00  0.39871654E+00
  0.39819181E+00  0.39852022E+00
  0.39874180E+00  0.39833290E+00
  0.39929179E+00  0.39815573E+00
  0.39984178E+00  0.39798982E+00
  0.40039176E+00  0.39783612E+00
  0.40094175E+00  0.39769533E+00
  0.40149174E+00  0.39756782E+00
  0.40204173E+00  0.39745366E+00
  0.40259172E+00  0.39735277E+00
  0.40314171E+00  0.39726504E+00
  0.40369170E+00  0.39719057E+00
  0.40424168E+00  0.39712983E+00
  0.40479167E+00  0.39708384E+00
  0.40534166E+00  0.39705423E+00
  0.40589165E+00  0.39704307E+00
  0.40644164E+00  0.39705210E+00
  0.40699163E+00  0.39708064E+00
  0.40754162E+00  0.39712159E+00
  0.40809161E+00  0.39715727E+00
  0.40864159E+00  0.39716233E+00
  0.40919158E+00  0.39711990E+00
  0.40974157E+00  0.39703653E+00
  0.41029156E+00  0.39693545E+00
  0.41084155E+00  0.39683813E+00
  0.41139154E+00  0.39675582E+00
  0.41194153E+00  0.39669157E+00
  0.41249151E+00  0.39664439E+00
  0.41304150E+00  0.39661205E+00
  0.41359149E+00  0.39659223E+00
  0.41414148E+00  0.39658297E+00
  0.41469147E+00  0.39658266E+00
  0.41524146E+00  0.39659002E+00
  0.41579145E+00  0.39660403E+00
  0.41634144E+00  0.39662381E+00
  0.41689142E+00  0.39664863E+00
  0.41744141E+00  0.39667779E+00
  0.41799140E+00  0.39671059E+00
  0.41854139E+00  0.39674634E+00
  0.41909138E+00  0.39678426E+00
  0.41964137E+00  0.39682345E+00
  0.42019136E+00  0.39686282E+00
  0.42074135E+00  0.39690106E+00
  0.42129133E+00  0.39693651E+00
  0.42184132E+00  0.39696713E+00
  0.42239131E+00  0.39699050E+00
  0.42294130E+00  0.39700404E+00
  0.42349129E+00  0.39700576E+00
  0.42404128E+00  0.39699623E+00
  0.42459127E+00  0.39698232E+00
  0.42514125E+00  0.39698220E+00
  0.42569124E+00  0.39702580E+00
  0.42624123E+00  0.39714150E+00
  0.42679122E+00  0.39733292E+00
  0.42734121E+00  0.39757331E+00
  0.42789120E+00  0.39782697E+00
  0.42844119E+00  0.39807008E+00
  0.42899118E+00  0.39829386E+00
  0.42954116E+00  0.39849856E+00
  0.43009115E+00  0.39868779E+00
  0.43064114E+00  0.39886561E+00
  0.43119113E+00  0.39903552E+00
  0.43174112E+00  0.39920021E+00
  0.43229111E+00  0.39936169E+00
  0.43284110E+00  0.39952141E+00
  0.43339109E+00  0.39968043E+00
  0.43394107E+00  0.39983953E+00
  0.43449106E+00  0.39999924E+00
  0.43504105E+00  0.40016000E+00
  0.43559104E+00  0.40032208E+00
  0.43614103E+00  0.40048572E+00
  0.43669102E+00  0.40065107E+00
  0.43724101E+00  0.40081824E+00
  0.43779099E+00  0.40098731E+00
  0.43834098E+00  0.40115835E+00
  0.43889097E+00  0.40133137E+00
  0.43944096E+00  0.40150640E+00
  0.43999095E+00  0.40168345E+00
  0.44054094E+00  0.40186250E+00
  0.44109093E+00  0.40204355E+00
  0.44164092E+00  0.40222657E+00
  0.44219090E+00  0.40241154E+00
  0.44274089E+00  0.40259843E+00
  0.44329088E+00  0.40278720E+00
  0.44384087E+00  0.40297781E+00
  0.44439086E+00  0.40317023E+00
  0.44494085E+00  0.40336440E+00
  0.44549084E+00  0.40356029E+00
  0.44604082E+00  0.40375786E+00
  0.44659081E+00  0.40395704E+00
  0.44714080E+00  0.40415781E+00
  0.44769079E+00  0.40436011E+00
  0.44824078E+00  0.40456390E+00
  0.44879077E+00  0.40476914E+00
  0.44934076E+00  0.40497577E+00
  0.44989075E+00  0.40518377E+00
  0.45044073E+00  0.40539308E+00
  0.45099072E+00  0.40560366E+00
  0.45154071E+00  0.40581549E+00
  0.45209070E+00  0.40602852E+00
  0.45264069E+00  0.40624271E+00
  0.45319068E+00  0.40645802E+00
  0.45374067E+00  0.40667443E+00
  0.45429066E+00  0.40689190E+00
  0.45484064E+00  0.40711039E+00
  0.45539063E+00  0.40732989E+00
  0.45594062E+00  0.40755035E+00
  0.45649061E+00  0.40777176E+00
  0.45704060E+00  0.40799412E+00
  0.45759059E+00  0.40821743E+00
  0.45814058E+00  0.40844174E+00
  0.45869056E+00  0.40866716E+00
  0.45924055E+00  0.40889402E+00
  0.45979054E+00  0.40912329E+00
  0.46034053E+00  0.40935910E+00
  0.46089052E+00  0.40962726E+00
  0.46144051E+00  0.40988592E+00
  0.46199050E+00  0.41006212E+00
  0.46254049E+00  0.41028235E+00
  0.46309047E+00  0.41051359E+00
  0.46364046E+00  0.41074941E+00
  0.46419045E+00  0.41098807E+00
  0.46474044E+00  0.41122823E+00
  0.46529043E+00  0.41146804E+00
  0.46584042E+00  0.41170517E+00
  0.46639041E+00  0.41193750E+00
  0.46694039E+00  0.41216410E+00
  0.46749038E+00  0.41238555E+00
  0.46804037E+00  0.41260334E+00
  0.46859036E+00  0.41281907E+00
  0.46914035E+00  0.41303392E+00
  0.46969034E+00  0.41324857E+00
  0.47024033E+00  0.41346329E+00
  0.47079032E+00  0.41367812E+00
  0.47134030E+00  0.41389299E+00
  0.47189029E+00  0.41410774E+00
  0.47244028E+00  0.41432222E+00
  0.47299027E+00  0.41453627E+00
  0.47354026E+00  0.41474975E+00
  0.47409025E+00  0.41496253E+00
  0.47464024E+00  0.41517450E+00
  0.47519023E+00  0.41538558E+00
  0.47574021E+00  0.41559569E+00
  0.47629020E+00  0.41580475E+00
  0.47684019E+00  0.41601273E+00
  0.47739018E+00  0.41621957E+00
  0.47794017E+00  0.41642526E+00
  0.47849016E+00  0.41662978E+00
  0.47904015E+00  0.41683312E+00
  0.47959013E+00  0.41703528E+00
  0.48014012E+00  0.41723629E+00
  0.48069011E+00  0.41743617E+00
  0.48124010E+00  0.41763498E+00
  0.48179009E+00  0.65370817E+00
  0.48234008E+00  0.65411139E+00
  0.48289007E+00  0.65451433E+00
  0.48344006E+00  0.65491706E+00
  0.48399004E+00  0.65531964E+00
  0.48454003E+00  0.65572208E+00
  0.48509002E+00  0.65612437E+00
  0.48564001E+00  0.65652644E+00
  0.48619000E+00  0.65692820E+00
  0.48673999E+00  0.65732953E+00
  0.48728998E+00  0.65773033E+00
  0.48783996E+00  0.65813051E+00
  0.48838995E+00  0.65852997E+00
  0.48893994E+00  0.65892864E+00
  0.48948993E+00  0.65932645E+00
  0.49003992E+00  0.65972338E+00
  0.49058991E+00  0.66011938E+00
  0.49113990E+00  0.66051444E+00
  0.49168989E+00  0.66090855E+00
  0.49223987E+00  0.66130174E+00
  0.49278986E+00  0.66169404E+00
  0.49333985E+00  0.66208553E+00
  0.49388984E+00  0.66247629E+00
  0.49443983E+00  0.66286647E+00
  0.49498982E+00  0.66325623E+00
  0.49553981E+00  0.66364580E+00
  0.49608980E+00  0.66403540E+00
  0.49663978E+00  0.66442522E+00
  0.49718977E+00  0.66481526E+00
  0.49773976E+00  0.66520517E+00
  0.49828975E+00  0.66559398E+00
  0.49883974E+00  0.66598011E+00
  0.49938973E+00  0.66636192E+00
  0.49993972E+00  0.66673869E+00
  0.50048970E+00  0.66711161E+00
  0.50103969E+00  0.66748450E+00
  0.50158968E+00  0.66786575E+00
  0.50213967E+00  0.66827891E+00
  0.50268966E+00  0.66883523E+00
  0.50323965E+00  0.67115808E+00
  0.50378964E+00  0.67196925E+00
  0.50433963E+00  0.66981476E+00
  0.50488961E+00  0.66995714E+00
  0.50543960E+00  0.67024419E+00
  0.50598959E+00  0.67056012E+00
  0.50653958E+00  0.67088368E+00
  0.50708957E+00  0.67120867E+00
  0.50763956E+00  0.67153272E+00
  0.50818955E+00  0.67185472E+00
  0.50873954E+00  0.67217411E+00
  0.50928952E+00  0.67249052E+00
  0.50983951E+00  0.67280373E+00
  0.51038950E+00  0.67311357E+00
  0.51093949E+00  0.67341993E+00
  0.51148948E+00  0.67372270E+00
  0.51203947E+00  0.67402180E+00
  0.51258946E+00  0.67431716E+00
  0.51313944E+00  0.67460870E+00
  0.51368943E+00  0.67489638E+00
  0.51423942E+00  0.67518014E+00
  0.51478941E+00  0.67545992E+00
  0.51533940E+00  0.67573569E+00
  0.51588939E+00  0.67600739E+00
  0.51643938E+00  0.67627497E+00
  0.51698937E+00  0.67653841E+00
  0.51753935E+00  0.67679765E+00
  0.51808934E+00  0.67705266E+00
  0.51863933E+00  0.67730339E+00
  0.51918932E+00  0.67754981E+00
  0.51973931E+00  0.67779189E+00
  0.52028930E+00  0.67802958E+00
  0.52083929E+00  0.67826285E+00
  0.52138927E+00  0.67849168E+00
  0.52193926E+00  0.67871601E+00
  0.52248925E+00  0.67893583E+00
  0.52303924E+00  0.67915110E+00
  0.52358923E+00  0.67936179E+00
  0.52413922E+00  0.67956787E+00
  0.52468921E+00  0.67976932E+00
  0.52523920E+00  0.67996609E+00
  0.52578918E+00  0.68015817E+00
  0.52633917E+00  0.68034553E+00
  0.52688916E+00  0.68052815E+00
  0.52743915E+00  0.68070601E+00
  0.52798914E+00  0.68087908E+00
  0.52853913E+00  0.68104736E+00
  0.52908912E+00  0.68121083E+00
  0.52963911E+00  0.68136950E+00
  0.53018909E+00  0.68152336E+00
  0.53073908E+00  0.68167242E+00
  0.53128907E+00  0.68181670E+00
  0.53183906E+00  0.68195623E+00
  0.53238905E+00  0.68209102E+00
  0.53293904E+00  0.68222112E+00
  0.53348903E+00  0.68234656E+00
  0.53403901E+00  0.68246737E+00
  0.53458900E+00  0.68258358E+00
  0.53513899E+00  0.68269519E+00
  0.53568898E+00  0.68280222E+00
  0.53623897E+00  0.68290464E+00
  0.53678896E+00  0.68300241E+00
  0.53733895E+00  0.68309547E+00
  0.53788894E+00  0.68318374E+00
  0.53843892E+00  0.68326713E+00
  0.53898891E+00  0.68334553E+00
  0.53953890E+00  0.68341883E+00
  0.54008889E+00  0.68348694E+00
  0.54063888E+00  0.68354977E+00
  0.54118887E+00  0.68360724E+00
  0.54173886E+00  0.68365930E+00
  0.54228884E+00  0.68370592E+00
  0.54283883E+00  0.68374708E+00
  0.54338882E+00  0.68378279E+00
  0.54393881E+00  0.68381307E+00
  0.54448880E+00  0.68383795E+00
  0.54503879E+00  0.68385746E+00
  0.54558878E+00  0.68387165E+00
  0.54613877E+00  0.68388054E+00
  0.54668875E+00  0.68388418E+00
  0.54723874E+00  0.68388256E+00
  0.54778873E+00  0.68387570E+00
  0.54833872E+00  0.68386359E+00
  0.54888871E+00  0.68384621E+00
  0.54943870E+00  0.68382356E+00
  0.54998902E+00  0.68379566E+00
  0.55053934E+00  0.68447516E+00
  0.55108967E+00  0.68512892E+00
  0.55163999E+00  0.68575666E+00
  0.55219031E+00  0.68635853E+00
  0.55274063E+00  0.68693488E+00
  0.55329096E+00  0.68748600E+00
  0.55384128E+00  0.68801208E+00
  0.55439160E+00  0.68851326E+00
  0.55494192E+00  0.68898962E+00
  0.55549225E+00  0.68944122E+00
  0.55604257E+00  0.68986810E+00
  0.55659289E+00  0.69027029E+00
  0.55714321E+00  0.69064782E+00
  0.55769354E+00  0.69100073E+00
  0.55824386E+00  0.69132904E+00
  0.55879418E+00  0.69163280E+00
  0.55934450E+00  0.69191202E+00
  0.55989483E+00  0.69216676E+00
  0.56044515E+00  0.69239705E+00
  0.56099547E+00  0.69260293E+00
  0.56154579E+00  0.69278445E+00
  0.56209612E+00  0.69294166E+00
  0.56264644E+00  0.69307460E+00
  0.56319676E+00  0.69318332E+00
  0.56374708E+00  0.69326788E+00
  0.56429741E+00  0.69332834E+00
  0.56484773E+00  0.69336474E+00
  0.56539805E+00  0.69337715E+00
  0.56594837E+00  0.69336563E+00
  0.56649870E+00  0.69333024E+00
  0.56704902E+00  0.69327104E+00
  0.56759934E+00  0.69318810E+00
  0.56814966E+00  0.69308150E+00
  0.56869998E+00  0.69295129E+00
  0.56925031E+00  0.69279755E+00
  0.56980063E+00  0.69262035E+00
  0.57035095E+00  0.69241977E+00
  0.57090127E+00  0.69219588E+00
  0.57145160E+00  0.69194876E+00
  0.57200192E+00  0.69167849E+00
  0.57255224E+00  0.69138516E+00
  0.57310256E+00  0.69106884E+00
  0.57365289E+00  0.69072963E+00
  0.57420321E+00  0.69036760E+00
  0.57475353E+00  0.68998284E+00
  0.57530385E+00  0.68957546E+00
  0.57585418E+00  0.68914553E+00
  0.57640450E+00  0.68869315E+00
  0.57695482E+00  0.68821842E+00
  0.57750514E+00  0.68772143E+00
  0.57805547E+00  0.68720228E+00
  0.57860579E+00  0.68666107E+00
  0.57915611E+00  0.68609790E+00
  0.57970643E+00  0.68551287E+00
  0.58025676E+00  0.68490609E+00
  0.58080708E+00  0.68427767E+00
  0.58135740E+00  0.68362770E+00
  0.58190772E+00  0.68295630E+00
  0.58245805E+00  0.68226358E+00
  0.58300837E+00  0.68154965E+00
  0.58355869E+00  0.68081462E+00
  0.58410901E+00  0.68005860E+00
  0.58465934E+00  0.67928171E+00
  0.58520966E+00  0.67848407E+00
  0.58575998E+00  0.67766578E+00
  0.58631030E+00  0.67682698E+00
  0.58686063E+00  0.67596777E+00
  0.58741095E+00  0.67508828E+00
  0.58796127E+00  0.67418863E+00
  0.58851159E+00  0.67326894E+00
  0.58906192E+00  0.67232933E+00
  0.58961224E+00  0.67136993E+00
  0.59016256E+00  0.67039086E+00
  0.59071288E+00  0.66939225E+00
  0.59126321E+00  0.66837421E+00
  0.59181353E+00  0.66733689E+00
  0.59236385E+00  0.66628040E+00
  0.59291417E+00  0.66520487E+00
  0.59346450E+00  0.66411043E+00
  0.59401482E+00  0.66299720E+00
  0.59456514E+00  0.66186533E+00
  0.59511546E+00  0.66071493E+00
  0.59566579E+00  0.65954613E+00
  0.59621611E+00  0.65835907E+00
  0.59676643E+00  0.65715388E+00
  0.59731675E+00  0.65593068E+00
  0.59786708E+00  0.65468962E+00
  0.59841740E+00  0.65343083E+00
  0.59896772E+00  0.65215444E+00
  0.59951804E+00  0.65086058E+00
  0.60006837E+00  0.64954941E+00
  0.60061869E+00  0.64822106E+00
  0.60116901E+00  0.64687567E+00
  0.60171933E+00  0.64551340E+00
  0.60226966E+00  0.64413438E+00
  0.60281998E+00  0.64273879E+00
  0.60337030E+00  0.64132676E+00
  0.60392062E+00  0.63989847E+00
  0.60447095E+00  0.63845408E+00
  0.60502127E+00  0.63699375E+00
  0.60557159E+00  0.63551765E+00
  0.60612191E+00  0.63402596E+00
  0.60667224E+00  0.63251884E+00
  0.60722256E+00  0.63099647E+00
  0.60777288E+00  0.62945903E+00
  0.60832320E+00  0.62790669E+00
  0.60887353E+00  0.62633962E+00
  0.60942385E+00  0.62475800E+00
  0.60997417E+00  0.62316199E+00
  0.61052449E+00  0.62155176E+00
  0.61107482E+00  0.61992748E+00
  0.61162514E+00  0.61828930E+00
  0.61217546E+00  0.61663738E+00
  0.61272578E+00  0.61497189E+00
  0.61327611E+00  0.61329296E+00
  0.61382643E+00  0.61160075E+00
  0.61437675E+00  0.60989541E+00
  0.61492707E+00  0.60817708E+00
  0.61547740E+00  0.60644591E+00
  0.61602772E+00  0.60470205E+00
  0.61657804E+00  0.60294562E+00
  0.61712836E+00  0.60117678E+00
  0.61767869E+00  0.59939566E+00
  0.61822901E+00  0.59760240E+00
  0.61877933E+00  0.59579714E+00
  0.61932965E+00  0.59398003E+00
  0.61987998E+00  0.59215119E+00
  0.62043030E+00  0.59031077E+00
  0.62098062E+00  0.58845890E+00
  0.62153094E+00  0.58659571E+00
  0.62208127E+00  0.58472135E+00
  0.62263159E+00  0.58283594E+00
  0.62318191E+00  0.58093961E+00
  0.62373223E+00  0.57903250E+00
  0.62428256E+00  0.57711472E+00
  0.62483288E+00  0.57518639E+00
  0.62538320E+00  0.57324764E+00
  0.62593352E+00  0.57129856E+00
  0.62648385E+00  0.56933926E+00
  0.62703417E+00  0.56736982E+00
  0.62758449E+00  0.56539032E+00
  0.62813481E+00  0.56340081E+00
  0.62868514E+00  0.56140131E+00
  0.62923546E+00  0.55939181E+00
  0.62978578E+00  0.55737222E+00
  0.63033610E+00  0.55534240E+00
  0.63088643E+00  0.55330206E+00
  0.63143675E+00  0.55125072E+00
  0.63198707E+00  0.54918757E+00
  0.63253739E+00  0.54711133E+00
  0.63308772E+00  0.54501981E+00
  0.63363804E+00  0.54290947E+00
  0.63418836E+00  0.54077474E+00
  0.63473868E+00  0.53860859E+00
  0.63528901E+00  0.53640960E+00
  0.63583933E+00  0.53420485E+00
  0.63638965E+00  0.53205611E+00
  0.63693997E+00  0.52997590E+00
  0.63749030E+00  0.52790408E+00
  0.63804062E+00  0.52580017E+00
  0.63859094E+00  0.52365979E+00
  0.63914126E+00  0.52149241E+00
  0.63969159E+00  0.51931381E+00
  0.64024191E+00  0.51714512E+00
  0.64079223E+00  0.51500476E+00
  0.64134255E+00  0.51289412E+00
  0.64189288E+00  0.51079607E+00
  0.64244320E+00  0.50869073E+00
  0.64299352E+00  0.50656731E+00
  0.64354384E+00  0.50442373E+00
  0.64409417E+00  0.50226201E+00
  0.64464449E+00  0.50008514E+00
  0.64519481E+00  0.49789581E+00
  0.64574513E+00  0.49569614E+00
  0.64629546E+00  0.49348770E+00
  0.64684578E+00  0.49127166E+00
  0.64739610E+00  0.48904887E+00
  0.64794642E+00  0.48682000E+00
  0.64849675E+00  0.48458553E+00
  0.64904707E+00  0.48234589E+00
  0.64959739E+00  0.48010141E+00
  0.65014771E+00  0.47785236E+00
  0.65069804E+00  0.47559900E+00
  0.65124836E+00  0.47334155E+00
  0.65179868E+00  0.47108020E+00
  0.65234900E+00  0.46881515E+00
  0.65289933E+00  0.46654656E+00
  0.65344965E+00  0.46427461E+00
  0.65399997E+00  0.46199946E+00
  0.65455029E+00  0.45972126E+00
  0.65510062E+00  0.45744017E+00
  0.65565094E+00  0.45515634E+00
  0.65620126E+00  0.45286991E+00
  0.65675158E+00  0.45058104E+00
  0.65730191E+00  0.44828986E+00
  0.65785223E+00  0.44599652E+00
  0.65840255E+00  0.44370116E+00
  0.65895287E+00  0.44140394E+00
  0.65950320E+00  0.43910498E+00
  0.66005352E+00  0.43680444E+00
  0.66060384E+00  0.43450245E+00
  0.66115416E+00  0.43219915E+00
  0.66170449E+00  0.42989470E+00
  0.66225481E+00  0.42758923E+00
  0.66280513E+00  0.42528288E+00
  0.66335545E+00  0.42297580E+00
  0.66390578E+00  0.42066812E+00
  0.66445610E+00  0.41836000E+00
  0.66500642E+00  0.41605157E+00
  0.66555674E+00  0.41374298E+00
  0.66610707E+00  0.41143437E+00
  0.66665739E+00  0.40912589E+00
  0.66720771E+00  0.40681769E+00
  0.66775803E+00  0.40450990E+00
  0.66830836E+00  0.40220268E+00
  0.66885868E+00  0.39989617E+00
  0.66940900E+00  0.39759052E+00
  0.66995932E+00  0.39528587E+00
  0.67050965E+00  0.39298239E+00
  0.67105997E+00  0.39068021E+00
  0.67161029E+00  0.38837949E+00
  0.67216061E+00  0.38608037E+00
  0.67271094E+00  0.38378301E+00
  0.67326126E+00  0.38148755E+00
  0.67381158E+00  0.37919414E+00
  0.67436190E+00  0.37690293E+00
  0.67491223E+00  0.37461406E+00
  0.67546255E+00  0.37232766E+00
  0.67601287E+00  0.37004389E+00
  0.67656319E+00  0.36776286E+00
  0.67711352E+00  0.36548472E+00
  0.67766384E+00  0.36320957E+00
  0.67821416E+00  0.36093755E+00
  0.67876448E+00  0.35866876E+00
  0.67931481E+00  0.35640332E+00
  0.67986513E+00  0.35414132E+00
  0.68041545E+00  0.35188286E+00
  0.68096577E+00  0.34962804E+00
  0.68151610E+00  0.34737695E+00
  0.68206642E+00  0.34512967E+00
  0.68261674E+00  0.34288628E+00
  0.68316706E+00  0.34064688E+00
  0.68371739E+00  0.33841154E+00
  0.68426771E+00  0.33618034E+00
  0.68481803E+00  0.33395337E+00
  0.68536835E+00  0.33173071E+00
  0.68591867E+00  0.32951244E+00
  0.68646900E+00  0.32729865E+00
  0.68701932E+00  0.32508944E+00
  0.68756964E+00  0.32288488E+00
  0.68811996E+00  0.32068510E+00
  0.68867029E+00  0.31849019E+00
  0.68922061E+00  0.31630029E+00
  0.68977093E+00  0.31411552E+00
  0.69032125E+00  0.31193602E+00
  0.69087158E+00  0.30976196E+00
  0.69142190E+00  0.30759348E+00
  0.69197222E+00  0.30543077E+00
  0.69252254E+00  0.30327399E+00
  0.69307287E+00  0.30112330E+00
  0.69362319E+00  0.29897884E+00
  0.69417351E+00  0.29684074E+00
  0.69472383E+00  0.29470906E+00
  0.69527416E+00  0.29258384E+00
  0.69582448E+00  0.29046503E+00
  0.69637480E+00  0.28835252E+00
  0.69692512E+00  0.28624620E+00
  0.69747545E+00  0.28414596E+00
  0.69802577E+00  0.28205189E+00
  0.69857609E+00  0.27996423E+00
  0.69912641E+00  0.27788343E+00
  0.69967674E+00  0.27581002E+00
  0.70022706E+00  0.27374448E+00
  0.70077738E+00  0.27168717E+00
  0.70132770E+00  0.26963825E+00
  0.70187803E+00  0.26759772E+00
  0.70242835E+00  0.26556528E+00
  0.70297867E+00  0.26354036E+00
  0.70352899E+00  0.26152204E+00
  0.70407932E+00  0.25950920E+00
  0.70462964E+00  0.25750065E+00
  0.70517996E+00  0.25549463E+00
  0.70573028E+00  0.25349038E+00
  0.70628061E+00  0.25149109E+00
  0.70683093E+00  0.24949963E+00
  0.70738125E+00  0.24751723E+00
  0.70793157E+00  0.24554450E+00
  0.70848190E+00  0.24358173E+00
  0.70903222E+00  0.24162895E+00
  0.70958254E+00  0.23968607E+00
  0.71013286E+00  0.23775298E+00
  0.71068319E+00  0.23582955E+00
  0.71123351E+00  0.23391570E+00
  0.71178383E+00  0.23201135E+00
  0.71233415E+00  0.23011649E+00
  0.71288448E+00  0.22823109E+00
  0.71343480E+00  0.22635517E+00
  0.71398512E+00  0.22448875E+00
  0.71453544E+00  0.22263189E+00
  0.71508577E+00  0.22078462E+00
  0.71563609E+00  0.21894703E+00
  0.71618641E+00  0.21711918E+00
  0.71673673E+00  0.21530117E+00
  0.71728706E+00  0.21349308E+00
  0.71783738E+00  0.21169505E+00
  0.71838770E+00  0.20990720E+00
  0.71893802E+00  0.20812971E+00
  0.71948835E+00  0.20636279E+00
  0.72003867E+00  0.20460670E+00
  0.72058899E+00  0.20286179E+00
  0.72113931E+00  0.20112854E+00
  0.72168964E+00  0.19940756E+00
  0.72223996E+00  0.19769970E+00
  0.72279028E+00  0.19600608E+00
  0.72334060E+00  0.19432814E+00
  0.72389093E+00  0.19266766E+00
  0.72444125E+00  0.19102669E+00
  0.72499157E+00  0.18940720E+00
  0.72554189E+00  0.18781052E+00
  0.72609222E+00  0.18623653E+00
  0.72664254E+00  0.18468290E+00
  0.72719286E+00  0.18314510E+00
  0.72774318E+00  0.18161733E+00
  0.72829351E+00  0.18009428E+00
  0.72884383E+00  0.17857261E+00
  0.72939415E+00  0.17705140E+00
  0.72994447E+00  0.17553164E+00
  0.73049480E+00  0.17401532E+00
  0.73104512E+00  0.17250465E+00
  0.73159544E+00  0.17100165E+00
  0.73214576E+00  0.16950793E+00
  0.73269609E+00  0.16802470E+00
  0.73324641E+00  0.16655281E+00
  0.73379673E+00  0.16509285E+00
  0.73434705E+00  0.16364520E+00
  0.73489738E+00  0.16221011E+00
  0.73544770E+00  0.16078772E+00
  0.73599802E+00  0.15937809E+00
  0.73654834E+00  0.15798124E+00
  0.73709867E+00  0.15659711E+00
  0.73764899E+00  0.15522564E+00
  0.73819931E+00  0.15386668E+00
  0.73874963E+00  0.15252004E+00
  0.73929996E+00  0.15118546E+00
  0.73985028E+00  0.14986262E+00
  0.74040060E+00  0.14855114E+00
  0.74095092E+00  0.14725061E+00
  0.74150125E+00  0.14596073E+00
  0.74205157E+00  0.14468155E+00
  0.74260189E+00  0.14341371E+00
  0.74315221E+00  0.14215873E+00
  0.74370254E+00  0.14091879E+00
  0.74425286E+00  0.13969607E+00
  0.74480318E+00  0.13849174E+00
  0.74535350E+00  0.13730560E+00
  0.74590383E+00  0.13613633E+00
  0.74645415E+00  0.13498229E+00
  0.74700447E+00  0.13384204E+00
  0.74755479E+00  0.13271452E+00
  0.74810512E+00  0.13159906E+00
  0.74865544E+00  0.13049525E+00
  0.74920576E+00  0.12940289E+00
  0.74975608E+00  0.12832190E+00
  0.75030641E+00  0.12725232E+00
  0.75085673E+00  0.12619426E+00
  0.75140705E+00  0.12514792E+00
  0.75195737E+00  0.12411355E+00
  0.75250770E+00  0.12309149E+00
  0.75305802E+00  0.12208210E+00
  0.75360834E+00  0.12108574E+00
  0.75415866E+00  0.12010280E+00
  0.75470899E+00  0.11913358E+00
  0.75525931E+00  0.11817837E+00
  0.75580963E+00  0.11723738E+00
  0.75635995E+00  0.11631077E+00
  0.75691028E+00  0.11539861E+00
  0.75746060E+00  0.11450095E+00
  0.75801092E+00  0.11361779E+00
  0.75856124E+00  0.11274908E+00
  0.75911157E+00  0.11189477E+00
  0.75966189E+00  0.11105478E+00
  0.76021221E+00  0.11022904E+00
  0.76076253E+00  0.10941747E+00
  0.76131286E+00  0.10861998E+00
  0.76186318E+00  0.10783649E+00
  0.76241350E+00  0.10706693E+00
  0.76296382E+00  0.10631122E+00
  0.76351415E+00  0.10556930E+00
  0.76406447E+00  0.10484111E+00
  0.76461479E+00  0.10412658E+00
  0.76516511E+00  0.10342567E+00
  0.76571544E+00  0.10273831E+00
  0.76626576E+00  0.10206448E+00
  0.76681608E+00  0.10140411E+00
  0.76736640E+00  0.10075717E+00
  0.76791673E+00  0.10012361E+00
  0.76846705E+00  0.99503407E-01
  0.76901737E+00  0.98896514E-01
  0.76956769E+00  0.98302898E-01
  0.77011802E+00  0.97722528E-01
  0.77066834E+00  0.97155373E-01
  0.77121866E+00  0.96601403E-01
  0.77176898E+00  0.96060593E-01
  0.77231931E+00  0.95532920E-01
  0.77286963E+00  0.95018363E-01
  0.77341995E+00  0.94516907E-01
  0.77397027E+00  0.94028539E-01
  0.77452060E+00  0.93553248E-01
  0.77507092E+00  0.93091023E-01
  0.77562124E+00  0.92641846E-01
  0.77617156E+00  0.92205687E-01
  0.77672189E+00  0.91782490E-01
  0.77727221E+00  0.91372161E-01
  0.77782253E+00  0.90974557E-01
  0.77837285E+00  0.90589485E-01
  0.77892318E+00  0.90216707E-01
  0.77947350E+00  0.89855967E-01
  0.78002382E+00  0.89507021E-01
  0.78057414E+00  0.89169665E-01
  0.78112447E+00  0.88843757E-01
  0.78167479E+00  0.88529212E-01
  0.78222511E+00  0.88225998E-01
  0.78277543E+00  0.87934116E-01
  0.78332576E+00  0.87653581E-01
  0.78387608E+00  0.87384412E-01
  0.78442640E+00  0.87126620E-01
  0.78497672E+00  0.86880203E-01
  0.78552705E+00  0.86645139E-01
  0.78607737E+00  0.86421379E-01
  0.78662769E+00  0.86208842E-01
  0.78717801E+00  0.86007401E-01
  0.78772834E+00  0.85816879E-01
  0.78827866E+00  0.85637043E-01
  0.78882898E+00  0.85467610E-01
  0.78937930E+00  0.85308268E-01
  0.78992963E+00  0.85158709E-01
  0.79047995E+00  0.85018659E-01
  0.79103027E+00  0.84887912E-01
  0.79158059E+00  0.84766338E-01
  0.79213092E+00  0.84653878E-01
  0.79268124E+00  0.84550519E-01
  0.79323156E+00  0.84456275E-01
  0.79378188E+00  0.84371157E-01
  0.79433221E+00  0.84295160E-01
  0.79488253E+00  0.84228259E-01
  0.79543285E+00  0.84170400E-01
  0.79598317E+00  0.84121508E-01
  0.79653350E+00  0.84081489E-01
  0.79708382E+00  0.84050237E-01
  0.79763414E+00  0.84027641E-01
  0.79818446E+00  0.84013598E-01
  0.79873479E+00  0.84008016E-01
  0.79928511E+00  0.84010838E-01
  0.79983543E+00  0.84022049E-01
  0.80038575E+00  0.84041696E-01
  0.80093608E+00  0.84069905E-01
  0.80148640E+00  0.84106886E-01
  0.80203672E+00  0.84152924E-01
  0.80258704E+00  0.84208347E-01
  0.80313737E+00  0.84273464E-01
  0.80368769E+00  0.84348487E-01
  0.80423801E+00  0.84433451E-01
  0.80478833E+00  0.84528167E-01
  0.80533865E+00  0.84632228E-01
  0.80588898E+00  0.84745069E-01
  0.80643930E+00  0.84866049E-01
  0.80698962E+00  0.84994543E-01
  0.80753994E+00  0.85129998E-01
  0.80809027E+00  0.85271968E-01
  0.80864059E+00  0.85420114E-01
  0.80919091E+00  0.85574188E-01
  0.80974123E+00  0.85734012E-01
  0.81029156E+00  0.85899456E-01
  0.81084188E+00  0.86070422E-01
  0.81139220E+00  0.86246827E-01
  0.81194252E+00  0.86428597E-01
  0.81249285E+00  0.86615658E-01
  0.81304317E+00  0.86807935E-01
  0.81359349E+00  0.87005346E-01
  0.81414381E+00  0.87207806E-01
  0.81469414E+00  0.87415222E-01
  0.81524446E+00  0.87627497E-01
  0.81579478E+00  0.87844527E-01
  0.81634510E+00  0.88066204E-01
  0.81689543E+00  0.88292415E-01
  0.81744575E+00  0.88523043E-01
  0.81799607E+00  0.88757967E-01
  0.81854639E+00  0.88997063E-01
  0.81909672E+00  0.89240206E-01
  0.81964704E+00  0.89487265E-01
  0.82019736E+00  0.89738112E-01
  0.82074768E+00  0.89992614E-01
  0.82129801E+00  0.90250638E-01
  0.82184833E+00  0.90512054E-01
  0.82239865E+00  0.90776730E-01
  0.82294897E+00  0.91044534E-01
  0.82349930E+00  0.91315341E-01
  0.82404962E+00  0.91589026E-01
  0.82459994E+00  0.91865469E-01
  0.82515026E+00  0.92144555E-01
  0.82570059E+00  0.92426177E-01
  0.82625091E+00  0.92710234E-01
  0.82680123E+00  0.92996633E-01
  0.82735155E+00  0.93285290E-01
  0.82790188E+00  0.93576127E-01
  0.82845220E+00  0.93869069E-01
  0.82900252E+00  0.94164037E-01
  0.82955284E+00  0.94460941E-01
  0.83010317E+00  0.94759658E-01
  0.83065349E+00  0.95060013E-01
  0.83120381E+00  0.95361761E-01
  0.83175413E+00  0.95664572E-01
  0.83230446E+00  0.95968053E-01
  0.83285478E+00  0.96271814E-01
  0.83340510E+00  0.96575604E-01
  0.83395542E+00  0.96879498E-01
  0.83450575E+00  0.97184117E-01
  0.83505607E+00  0.97490859E-01
  0.83560639E+00  0.97802201E-01
  0.83615671E+00  0.98122085E-01
  0.83670704E+00  0.98455849E-01
  0.83725736E+00  0.98805802E-01
  0.83780768E+00  0.99150219E-01
  0.83835800E+00  0.99425435E-01
  0.83890833E+00  0.99625286E-01
  0.83945865E+00  0.99827206E-01
  0.84000897E+00  0.10006034E+00
  0.84055929E+00  0.10031592E+00
  0.84110962E+00  0.10058353E+00
  0.84165994E+00  0.10085712E+00
  0.84221026E+00  0.10113349E+00
  0.84276058E+00  0.10141092E+00
  0.84331091E+00  0.10168842E+00
  0.84386123E+00  0.10196539E+00
  0.84441155E+00  0.10224139E+00
  0.84496187E+00  0.10251609E+00
  0.84551220E+00  0.10278917E+00
  0.84606252E+00  0.10306033E+00
  0.84661284E+00  0.10332925E+00
  0.84716316E+00  0.10359561E+00
  0.84771349E+00  0.10385906E+00
  0.84826381E+00  0.10411928E+00
  0.84881413E+00  0.10437596E+00
  0.84936445E+00  0.10462881E+00
  0.84991478E+00  0.10487760E+00
  0.85046510E+00  0.10512211E+00
  0.85101542E+00  0.10536215E+00
  0.85156574E+00  0.10559759E+00
  0.85211607E+00  0.10582828E+00
  0.85266639E+00  0.10605409E+00
  0.85321671E+00  0.10627493E+00
  0.85376703E+00  0.10649067E+00
  0.85431736E+00  0.10670118E+00
  0.85486768E+00  0.10690636E+00
  0.85541800E+00  0.10710605E+00
  0.85596832E+00  0.10730013E+00
  0.85651865E+00  0.10748845E+00
  0.85706897E+00  0.10767083E+00
  0.85761929E+00  0.10784713E+00
  0.85816961E+00  0.10801717E+00
  0.85871994E+00  0.10818077E+00
  0.85927026E+00  0.10833775E+00
  0.85982058E+00  0.10848793E+00
  0.86037090E+00  0.10863113E+00
  0.86092123E+00  0.10876718E+00
  0.86147155E+00  0.10889590E+00
  0.86202187E+00  0.10901714E+00
  0.86257219E+00  0.10913075E+00
  0.86312252E+00  0.10923661E+00
  0.86367284E+00  0.10933463E+00
  0.86422316E+00  0.10942473E+00
  0.86477348E+00  0.10950692E+00
  0.86532381E+00  0.10958124E+00
  0.86587413E+00  0.10964779E+00
  0.86642445E+00  0.10970653E+00
  0.86697477E+00  0.10975599E+00
  0.86752462E+00  0.10979173E+00
  0.86807447E+00  0.10960777E+00
  0.86862431E+00  0.10941860E+00
  0.86917416E+00  0.10922383E+00
  0.86972400E+00  0.10902208E+00
  0.87027385E+00  0.10881278E+00
  0.87082370E+00  0.10859571E+00
  0.87137354E+00  0.10837080E+00
  0.87192339E+00  0.10813797E+00
  0.87247323E+00  0.10789720E+00
  0.87302308E+00  0.10764846E+00
  0.87357293E+00  0.10739171E+00
  0.87412277E+00  0.10712689E+00
  0.87467262E+00  0.10685394E+00
  0.87522246E+00  0.10657280E+00
  0.87577231E+00  0.10628336E+00
  0.87632216E+00  0.10598555E+00
  0.87687200E+00  0.10567924E+00
  0.87742185E+00  0.10536434E+00
  0.87797169E+00  0.10504071E+00
  0.87852154E+00  0.10470826E+00
  0.87907139E+00  0.10436685E+00
  0.87962123E+00  0.10401636E+00
  0.88017108E+00  0.10365668E+00
  0.88072092E+00  0.10328769E+00
  0.88127077E+00  0.10290927E+00
  0.88182062E+00  0.10252131E+00
  0.88237046E+00  0.10212370E+00
  0.88292031E+00  0.10171634E+00
  0.88347015E+00  0.10129912E+00
  0.88402000E+00  0.10087195E+00
  0.88456985E+00  0.10043472E+00
  0.88511969E+00  0.99987317E-01
  0.88566954E+00  0.99529643E-01
  0.88621939E+00  0.99061570E-01
  0.88676923E+00  0.98582959E-01
  0.88731908E+00  0.98093647E-01
  0.88786892E+00  0.97593440E-01
  0.88841877E+00  0.97082103E-01
  0.88896862E+00  0.96559361E-01
  0.88951846E+00  0.96024894E-01
  0.89006831E+00  0.95478341E-01
  0.89061815E+00  0.94919321E-01
  0.89116800E+00  0.94347451E-01
  0.89171785E+00  0.93762381E-01
  0.89226769E+00  0.93163827E-01
  0.89281754E+00  0.92551599E-01
  0.89336738E+00  0.91925622E-01
  0.89391723E+00  0.91285929E-01
  0.89446708E+00  0.90632644E-01
  0.89501692E+00  0.89965949E-01
  0.89556677E+00  0.89286036E-01
  0.89611661E+00  0.88593070E-01
  0.89666646E+00  0.87887156E-01
  0.89721631E+00  0.87168328E-01
  0.89776615E+00  0.86436548E-01
  0.89831600E+00  0.85691720E-01
  0.89886584E+00  0.84933714E-01
  0.89941569E+00  0.84162378E-01
  0.89996554E+00  0.83377562E-01
  0.90051538E+00  0.82579123E-01
  0.90106523E+00  0.81766931E-01
  0.90161507E+00  0.80940870E-01
  0.90216492E+00  0.80100838E-01
  0.90271477E+00  0.79246745E-01
  0.90326461E+00  0.78378509E-01
  0.90381446E+00  0.77496055E-01
  0.90436430E+00  0.76599316E-01
  0.90491415E+00  0.75688227E-01
  0.90546400E+00  0.74762726E-01
  0.90601384E+00  0.73822756E-01
  0.90656369E+00  0.72868259E-01
  0.90711353E+00  0.71899183E-01
  0.90766338E+00  0.70915474E-01
  0.90821323E+00  0.69917082E-01
  0.90876307E+00  0.68903956E-01
  0.90931292E+00  0.67876049E-01
  0.90986276E+00  0.66833314E-01
  0.91041261E+00  0.65775705E-01
  0.91096246E+00  0.64703178E-01
  0.91151230E+00  0.63615690E-01
  0.91206215E+00  0.62513199E-01
  0.91261200E+00  0.61395663E-01
  0.91316184E+00  0.60263045E-01
  0.91371169E+00  0.59115305E-01
  0.91426153E+00  0.57952406E-01
  0.91481138E+00  0.56774315E-01
  0.91536123E+00  0.55580997E-01
  0.91591107E+00  0.54372420E-01
  0.91646092E+00  0.53148552E-01
  0.91701076E+00  0.51909364E-01
  0.91756061E+00  0.50654826E-01
  0.91811046E+00  0.49384910E-01
  0.91866030E+00  0.48099585E-01
  0.91921015E+00  0.46798821E-01
  0.91975999E+00  0.45482586E-01
  0.92030984E+00  0.44150848E-01
  0.92085969E+00  0.42803570E-01
  0.92140953E+00  0.41440717E-01
  0.92195938E+00  0.40062248E-01
  0.92250922E+00  0.38668123E-01
  0.92305907E+00  0.37258300E-01
  0.92360892E+00  0.35832736E-01
  0.92415876E+00  0.34391387E-01
  0.92470861E+00  0.32934209E-01
  0.92525845E+00  0.31461156E-01
  0.92580830E+00  0.29972183E-01
  0.92635815E+00  0.28467244E-01
  0.92690799E+00  0.26946292E-01
  0.92745784E+00  0.25409280E-01
  0.92800768E+00  0.23856156E-01
  0.92855753E+00  0.22286871E-01
  0.92910738E+00  0.20701370E-01
  0.92965722E+00  0.19099595E-01
  0.93020707E+00  0.17481486E-01
  0.93075691E+00  0.15846977E-01
  0.93130676E+00  0.14195997E-01
  0.93185661E+00  0.12528470E-01
  0.93240645E+00  0.10844313E-01
  0.93295630E+00  0.91434367E-02
  0.93350614E+00  0.74257461E-02
  0.93405599E+00  0.56911401E-02
  0.93460584E+00  0.39395146E-02
  0.93515568E+00  0.21707652E-02
  0.93570553E+00  0.38479329E-03
  0.93625537E+00 -0.14184867E-02
  0.93680522E+00 -0.32391361E-02
  0.93735507E+00 -0.50771791E-02
  0.93790491E+00 -0.69325861E-02
  0.93845476E+00 -0.88052584E-02
  0.93900460E+00 -0.10695014E-01
  0.93955445E+00 -0.12601582E-01
  0.94010430E+00 -0.14524605E-01
  0.94065414E+00 -0.16463666E-01
  0.94120399E+00 -0.18418316E-01
  0.94175384E+00 -0.20388129E-01
  0.94230368E+00 -0.22372750E-01
  0.94285353E+00 -0.24371938E-01
  0.94340337E+00 -0.26385587E-01
  0.94395322E+00 -0.28413732E-01
  0.94450307E+00 -0.30456525E-01
  0.94505291E+00 -0.32514209E-01
  0.94560276E+00 -0.34587077E-01
  0.94615260E+00 -0.36675440E-01
  0.94670245E+00 -0.38779602E-01
  0.94725230E+00 -0.40899843E-01
  0.94780214E+00 -0.43036407E-01
  0.94835199E+00 -0.45189505E-01
  0.94890183E+00 -0.47359313E-01
  0.94945168E+00 -0.49545977E-01
  0.95000153E+00 -0.51749619E-01
  0.95055137E+00 -0.53970336E-01
  0.95110122E+00 -0.56208211E-01
  0.95165106E+00 -0.58463300E-01
  0.95220091E+00 -0.60735636E-01
  0.95275076E+00 -0.63025208E-01
  0.95330060E+00 -0.65331942E-01
  0.95385045E+00 -0.67655661E-01
  0.95440029E+00 -0.69996038E-01
  0.95495014E+00 -0.72352543E-01
  0.95549999E+00 -0.74724389E-01
  0.95604983E+00 -0.77110535E-01
  0.95659968E+00 -0.79509754E-01
  0.95714952E+00 -0.81920829E-01
  0.95769937E+00 -0.84342832E-01
  0.95824922E+00 -0.86775391E-01
  0.95879906E+00 -0.89218829E-01
  0.95934891E+00 -0.91674065E-01
  0.95989875E+00 -0.94142363E-01
  0.96044860E+00 -0.96625027E-01
  0.96099845E+00 -0.99123175E-01
  0.96154829E+00 -0.10163764E+00
  0.96209814E+00 -0.10416895E+00
  0.96264798E+00 -0.10671740E+00
  0.96319783E+00 -0.10928311E+00
  0.96374768E+00 -0.11186607E+00
  0.96429752E+00 -0.11446620E+00
  0.96484737E+00 -0.11708344E+00
  0.96539721E+00 -0.11971769E+00
  0.96594706E+00 -0.12236892E+00
  0.96649691E+00 -0.12503711E+00
  0.96704675E+00 -0.12772227E+00
  0.96759660E+00 -0.13042439E+00
  0.96814645E+00 -0.13314331E+00
  0.96869629E+00 -0.13587863E+00
  0.96924614E+00 -0.13862948E+00
  0.96979598E+00 -0.14139450E+00
  0.97034583E+00 -0.14417197E+00
  0.97089568E+00 -0.14696050E+00
  0.97144552E+00 -0.14975973E+00
  0.97199537E+00 -0.15257052E+00
  0.97254521E+00 -0.15539447E+00
  0.97309506E+00 -0.15823313E+00
  0.97364491E+00 -0.16108752E+00
  0.97419475E+00 -0.16395813E+00
  0.97474460E+00 -0.16684503E+00
  0.97529444E+00 -0.16974807E+00
  0.97584429E+00 -0.17266702E+00
  0.97639414E+00 -0.17560161E+00
  0.97694398E+00 -0.17855158E+00
  0.97749383E+00 -0.18151668E+00
  0.97804367E+00 -0.18449669E+00
  0.97859352E+00 -0.18749141E+00
  0.97914337E+00 -0.19050063E+00
  0.97969321E+00 -0.19352418E+00
  0.98024306E+00 -0.19656187E+00
  0.98079290E+00 -0.19961350E+00
  0.98134275E+00 -0.20267887E+00
  0.98189260E+00 -0.20575777E+00
  0.98244244E+00 -0.20884996E+00
  0.98299229E+00 -0.21195514E+00
  0.98354213E+00 -0.21507298E+00
  0.98409198E+00 -0.21820304E+00
  0.98464183E+00 -0.22134479E+00
  0.98519167E+00 -0.22449749E+00
  0.98574152E+00 -0.22766017E+00
  0.98629136E+00 -0.23083151E+00
  0.98684121E+00 -0.23400973E+00
  0.98739106E+00 -0.23719271E+00
  0.98794090E+00 -0.24037868E+00
  0.98849075E+00 -0.24356884E+00
  0.98904059E+00 -0.24677351E+00
  0.98959044E+00 -0.25001726E+00
  0.99014029E+00 -0.25332361E+00
  0.99069013E+00 -0.25668320E+00
  0.99123998E+00 -0.26006279E+00
  0.99178982E+00 -0.26344089E+00
  0.99233967E+00 -0.26681378E+00
  0.99288952E+00 -0.27018490E+00
  0.99343936E+00 -0.27355839E+00
  0.99398921E+00 -0.27693735E+00
  0.99453906E+00 -0.28032381E+00
  0.99508890E+00 -0.28371902E+00
  0.99563875E+00 -0.28712376E+00
  0.99618859E+00 -0.29053849E+00
  0.99673844E+00 -0.29396344E+00
  0.99728829E+00 -0.29739874E+00
  0.99783813E+00 -0.30084439E+00
  0.99838798E+00 -0.30430030E+00
  0.99893782E+00 -0.30776626E+00
  0.99948767E+00 -0.31124191E+00
  0.10000375E+01 -0.31472656E+00
  0.10005874E+01 -0.31821886E+00
  0.10011372E+01 -0.32171578E+00
  0.10016871E+01 -0.32521030E+00
  0.10022369E+01 -0.32869210E+00
  0.10027867E+01 -0.33220703E+00
  0.10033366E+01 -0.33581292E+00
  0.10038864E+01 -0.33940992E+00
  0.10044363E+01 -0.34299168E+00
  0.10049861E+01 -0.34657225E+00
  0.10055360E+01 -0.35015723E+00
  0.10060858E+01 -0.35374873E+00
  0.10066357E+01 -0.35734766E+00
  0.10071855E+01 -0.36095447E+00
  0.10077354E+01 -0.36456933E+00
  0.10082852E+01 -0.36819223E+00
  0.10088351E+01 -0.37182307E+00
  0.10093849E+01 -0.37546176E+00
  0.10099347E+01 -0.37910817E+00
  0.10104846E+01 -0.38276221E+00
  0.10110344E+01 -0.38642378E+00
  0.10115843E+01 -0.39009277E+00
  0.10121341E+01 -0.39376905E+00
  0.10126840E+01 -0.39745249E+00
  0.10132338E+01 -0.40114293E+00
  0.10137837E+01 -0.40484021E+00
  0.10143335E+01 -0.40854417E+00
  0.10148834E+01 -0.41225462E+00
  0.10154332E+01 -0.41597138E+00
  0.10159831E+01 -0.41969426E+00
  0.10165329E+01 -0.42342308E+00
  0.10170827E+01 -0.42715764E+00
  0.10176326E+01 -0.43089775E+00
  0.10181824E+01 -0.43464322E+00
  0.10187323E+01 -0.43839385E+00
  0.10192821E+01 -0.44214942E+00
  0.10198320E+01 -0.44590973E+00
  0.10203818E+01 -0.44967452E+00
  0.10209317E+01 -0.45344349E+00
  0.10214815E+01 -0.45721622E+00
  0.10220314E+01 -0.46099184E+00
  0.10225812E+01 -0.46476829E+00
  0.10231310E+01 -0.46854339E+00
  0.10236809E+01 -0.47233681E+00
  0.10242307E+01 -0.47613892E+00
  0.10247806E+01 -0.47993760E+00
  0.10253304E+01 -0.48373679E+00
  0.10258803E+01 -0.48753783E+00
  0.10264301E+01 -0.49134098E+00
  0.10269800E+01 -0.49514621E+00
  0.10275298E+01 -0.49895336E+00
  0.10280797E+01 -0.50276226E+00
  0.10286295E+01 -0.50657271E+00
  0.10291794E+01 -0.51038449E+00
  0.10297292E+01 -0.51419740E+00
  0.10302790E+01 -0.51801121E+00
  0.10308289E+01 -0.52182570E+00
  0.10313787E+01 -0.52564064E+00
  0.10319286E+01 -0.52945582E+00
  0.10324784E+01 -0.53327098E+00
  0.10330283E+01 -0.53708590E+00
  0.10335781E+01 -0.54090034E+00
  0.10341280E+01 -0.54471405E+00
  0.10346778E+01 -0.54852678E+00
  0.10352277E+01 -0.55233827E+00
  0.10357775E+01 -0.55614826E+00
  0.10363274E+01 -0.55995649E+00
  0.10368772E+01 -0.56376267E+00
  0.10374270E+01 -0.56756652E+00
  0.10379769E+01 -0.57136774E+00
  0.10385267E+01 -0.57516601E+00
  0.10390766E+01 -0.57896102E+00
  0.10396264E+01 -0.58275243E+00
  0.10401763E+01 -0.58653987E+00
  0.10407261E+01 -0.59032297E+00
  0.10412760E+01 -0.59410134E+00
  0.10418258E+01 -0.59787458E+00
  0.10423757E+01 -0.60164226E+00
  0.10429255E+01 -0.60540399E+00
  0.10434754E+01 -0.60915940E+00
  0.10440252E+01 -0.61290816E+00
  0.10445750E+01 -0.61665009E+00
  0.10451249E+01 -0.62038517E+00
  0.10456747E+01 -0.62411357E+00
  0.10462246E+01 -0.62783577E+00
  0.10467744E+01 -0.63155244E+00
  0.10473243E+01 -0.63526443E+00
  0.10478741E+01 -0.63897252E+00
  0.10484240E+01 -0.64267729E+00
  0.10489738E+01 -0.64637890E+00
  0.10495237E+01 -0.65007702E+00
  0.10500735E+01 -0.65377094E+00
  0.10506234E+01 -0.65745964E+00
  0.10511732E+01 -0.66114202E+00
  0.10517230E+01 -0.66481700E+00
  0.10522729E+01 -0.66848363E+00
  0.10528227E+01 -0.67214109E+00
  0.10533726E+01 -0.67578873E+00
  0.10539224E+01 -0.67942601E+00
  0.10544723E+01 -0.68305251E+00
  0.10550221E+01 -0.68666784E+00
  0.10555720E+01 -0.69027169E+00
  0.10561218E+01 -0.69386378E+00
  0.10566717E+01 -0.69744384E+00
  0.10572215E+01 -0.70101161E+00
  0.10577713E+01 -0.70456684E+00
  0.10583212E+01 -0.70810928E+00
  0.10588710E+01 -0.71163867E+00
  0.10594209E+01 -0.71515476E+00
  0.10599707E+01 -0.71865728E+00
  0.10605206E+01 -0.72214597E+00
  0.10610704E+01 -0.72562057E+00
  0.10616203E+01 -0.72908079E+00
  0.10621701E+01 -0.73252638E+00
  0.10627200E+01 -0.73595704E+00
  0.10632698E+01 -0.73937250E+00
  0.10638197E+01 -0.74277247E+00
  0.10643695E+01 -0.74615668E+00
  0.10649193E+01 -0.74952484E+00
  0.10654692E+01 -0.75287666E+00
  0.10660190E+01 -0.75621185E+00
  0.10665689E+01 -0.75953011E+00
  0.10671187E+01 -0.76283114E+00
  0.10676686E+01 -0.76611464E+00
  0.10682184E+01 -0.76938027E+00
  0.10687683E+01 -0.77262772E+00
  0.10693181E+01 -0.77585664E+00
  0.10698680E+01 -0.77906667E+00
  0.10704178E+01 -0.78225746E+00
  0.10709677E+01 -0.78542862E+00
  0.10715175E+01 -0.78857979E+00
  0.10720673E+01 -0.79171057E+00
  0.10726172E+01 -0.79482058E+00
  0.10731670E+01 -0.79790943E+00
  0.10737169E+01 -0.80097676E+00
  0.10742667E+01 -0.80402217E+00
  0.10748166E+01 -0.80704528E+00
  0.10753664E+01 -0.81004573E+00
  0.10759163E+01 -0.81302315E+00
  0.10764661E+01 -0.81597716E+00
  0.10770160E+01 -0.81890739E+00
  0.10775658E+01 -0.82181348E+00
  0.10781157E+01 -0.82469505E+00
  0.10786655E+01 -0.82755174E+00
  0.10792153E+01 -0.83038316E+00
  0.10797652E+01 -0.83318895E+00
  0.10803150E+01 -0.83596873E+00
  0.10808649E+01 -0.83872212E+00
  0.10814147E+01 -0.84144872E+00
  0.10819646E+01 -0.84414814E+00
  0.10825144E+01 -0.84682001E+00
  0.10830643E+01 -0.84946390E+00
  0.10836141E+01 -0.85207944E+00
  0.10841640E+01 -0.85466620E+00
  0.10847138E+01 -0.85722378E+00
  0.10852637E+01 -0.85975178E+00
  0.10858135E+01 -0.86224978E+00
  0.10863633E+01 -0.86471737E+00
  0.10869132E+01 -0.86715413E+00
  0.10874630E+01 -0.86955967E+00
  0.10880129E+01 -0.87193357E+00
  0.10885627E+01 -0.87427544E+00
  0.10891126E+01 -0.87658487E+00
  0.10896624E+01 -0.87886147E+00
  0.10902123E+01 -0.88110488E+00
  0.10907621E+01 -0.88331469E+00
  0.10913120E+01 -0.88549056E+00
  0.10918618E+01 -0.88763212E+00
  0.10924117E+01 -0.88973901E+00
  0.10929615E+01 -0.89181088E+00
  0.10935113E+01 -0.89384740E+00
  0.10940612E+01 -0.89584822E+00
  0.10946110E+01 -0.89781301E+00
  0.10951609E+01 -0.11657797E+01
  0.10957107E+01 -0.11673730E+01
  0.10962606E+01 -0.11689278E+01
  0.10968104E+01 -0.11704438E+01
  0.10973603E+01 -0.11719206E+01
  0.10979101E+01 -0.11733580E+01
  0.10984600E+01 -0.11747554E+01
  0.10990098E+01 -0.11761126E+01
  0.10995596E+01 -0.11774292E+01
  0.11001095E+01 -0.11787049E+01
  0.11006593E+01 -0.11799393E+01
  0.11012092E+01 -0.11811320E+01
  0.11017590E+01 -0.11822827E+01
  0.11023089E+01 -0.11833910E+01
  0.11028587E+01 -0.11844566E+01
  0.11034086E+01 -0.11854791E+01
  0.11039584E+01 -0.11864581E+01
  0.11045083E+01 -0.11873933E+01
  0.11050581E+01 -0.11882843E+01
  0.11056080E+01 -0.11891308E+01
  0.11061578E+01 -0.11899324E+01
  0.11067076E+01 -0.11906888E+01
  0.11072575E+01 -0.11913996E+01
  0.11078073E+01 -0.11920644E+01
  0.11083572E+01 -0.11926828E+01
  0.11089070E+01 -0.11932547E+01
  0.11094569E+01 -0.11937795E+01
  0.11100067E+01 -0.11942570E+01
  0.11105566E+01 -0.11946867E+01
  0.11111064E+01 -0.11950685E+01
  0.11116563E+01 -0.11954019E+01
  0.11122061E+01 -0.11956866E+01
  0.11127560E+01 -0.11959223E+01
  0.11133058E+01 -0.11961086E+01
  0.11138556E+01 -0.11962453E+01
  0.11144055E+01 -0.11963320E+01
  0.11149553E+01 -0.11963685E+01
  0.11155052E+01 -0.11963544E+01
  0.11160550E+01 -0.11962895E+01
  0.11166049E+01 -0.11961734E+01
  0.11171547E+01 -0.11960059E+01
  0.11177046E+01 -0.11957866E+01
  0.11182544E+01 -0.11955154E+01
  0.11188043E+01 -0.11951918E+01
  0.11193541E+01 -0.11948157E+01
  0.11199040E+01 -0.11943866E+01
  0.11204538E+01 -0.11939043E+01
  0.11210036E+01 -0.11933685E+01
  0.11215535E+01 -0.11927786E+01
  0.11221033E+01 -0.11921345E+01
  0.11226532E+01 -0.11914355E+01
  0.11232030E+01 -0.11906813E+01
  0.11237529E+01 -0.11898714E+01
  0.11243027E+01 -0.11890054E+01
  0.11248526E+01 -0.11880826E+01
  0.11254024E+01 -0.11871028E+01
  0.11259523E+01 -0.11860654E+01
  0.11265021E+01 -0.11849702E+01
  0.11270520E+01 -0.11838169E+01
  0.11276018E+01 -0.11826053E+01
  0.11281516E+01 -0.11813354E+01
  0.11287015E+01 -0.11800069E+01
  0.11292513E+01 -0.11786200E+01
  0.11298012E+01 -0.11771743E+01
  0.11303510E+01 -0.11756699E+01
  0.11309009E+01 -0.11741067E+01
  0.11314507E+01 -0.11724844E+01
  0.11320006E+01 -0.11708029E+01
  0.11325504E+01 -0.11690621E+01
  0.11331003E+01 -0.11672618E+01
  0.11336501E+01 -0.11654020E+01
  0.11341999E+01 -0.11634823E+01
  0.11347498E+01 -0.11615029E+01
  0.11352996E+01 -0.11594634E+01
  0.11358495E+01 -0.11573638E+01
  0.11363993E+01 -0.11552042E+01
  0.11369492E+01 -0.11529843E+01
  0.11374990E+01 -0.11507044E+01
  0.11380489E+01 -0.11483644E+01
  0.11385987E+01 -0.11459648E+01
  0.11391486E+01 -0.11435058E+01
  0.11396984E+01 -0.11409881E+01
  0.11402483E+01 -0.11384129E+01
  0.11407981E+01 -0.11357816E+01
  0.11413479E+01 -0.11330967E+01
  0.11418978E+01 -0.11303620E+01
  0.11424476E+01 -0.11275833E+01
  0.11429975E+01 -0.11247702E+01
  0.11435473E+01 -0.11219383E+01
  0.11440972E+01 -0.11191132E+01
  0.11446470E+01 -0.11163334E+01
  0.11451969E+01 -0.11136354E+01
  0.11457467E+01 -0.11109583E+01
  0.11462966E+01 -0.11079440E+01
  0.11468464E+01 -0.11042253E+01
  0.11473963E+01 -0.11001343E+01
  0.11479461E+01 -0.10961040E+01
  0.11484959E+01 -0.10922057E+01
  0.11490458E+01 -0.10883802E+01
  0.11495956E+01 -0.10845731E+01
  0.11501455E+01 -0.10807512E+01
  0.11506953E+01 -0.10768957E+01
  0.11512452E+01 -0.10729962E+01
  0.11517950E+01 -0.10690463E+01
  0.11523449E+01 -0.10650422E+01
  0.11528947E+01 -0.10609813E+01
  0.11534446E+01 -0.10568616E+01
  0.11539944E+01 -0.10526812E+01
  0.11545443E+01 -0.10484382E+01
  0.11550941E+01 -0.10441305E+01
  0.11556439E+01 -0.10397555E+01
  0.11561938E+01 -0.10353103E+01
  0.11567436E+01 -0.10307919E+01
  0.11572935E+01 -0.10261974E+01
  0.11578433E+01 -0.10215245E+01
  0.11583932E+01 -0.10167720E+01
  0.11589430E+01 -0.10119403E+01
  0.11594929E+01 -0.10070315E+01
  0.11600427E+01 -0.10020494E+01
  0.11605926E+01 -0.99699899E+00
  0.11611424E+01 -0.99188529E+00
  0.11616923E+01 -0.98671050E+00
  0.11622421E+01 -0.98146950E+00
  0.11627919E+01 -0.97614558E+00
  0.11633418E+01 -0.97071507E+00
  0.11638916E+01 -0.96516653E+00
  0.11644415E+01 -0.95951468E+00
  0.11649913E+01 -0.95378760E+00
  0.11655412E+01 -0.94800622E+00
  0.11660910E+01 -0.94217879E+00
  0.11666409E+01 -0.93630557E+00
  0.11671907E+01 -0.93038381E+00
  0.11677406E+01 -0.92441030E+00
  0.11682904E+01 -0.91838226E+00
  0.11688402E+01 -0.91229753E+00
  0.11693901E+01 -0.90615446E+00
  0.11699399E+01 -0.89995184E+00
  0.11704898E+01 -0.89368880E+00
  0.11710396E+01 -0.88736468E+00
  0.11715895E+01 -0.88097903E+00
  0.11721393E+01 -0.87453153E+00
  0.11726892E+01 -0.86802195E+00
  0.11732390E+01 -0.86145017E+00
  0.11737889E+01 -0.85481608E+00
  0.11743387E+01 -0.84811959E+00
  0.11748886E+01 -0.84136063E+00
  0.11754384E+01 -0.83453906E+00
  0.11759882E+01 -0.82765470E+00
  0.11765381E+01 -0.82070736E+00
  0.11770879E+01 -0.81369690E+00
  0.11776378E+01 -0.80662325E+00
  0.11781876E+01 -0.79948647E+00
  0.11787375E+01 -0.79228676E+00
  0.11792873E+01 -0.78502440E+00
  0.11798372E+01 -0.77769972E+00
  0.11803870E+01 -0.77031305E+00
  0.11809369E+01 -0.76286471E+00
  0.11814867E+01 -0.75535499E+00
  0.11820366E+01 -0.74778417E+00
  0.11825864E+01 -0.74015251E+00
  0.11831362E+01 -0.73246025E+00
  0.11836861E+01 -0.72470761E+00
  0.11842359E+01 -0.71689484E+00
  0.11847858E+01 -0.70902212E+00
  0.11853356E+01 -0.70108965E+00
  0.11858855E+01 -0.69309759E+00
  0.11864353E+01 -0.68504610E+00
  0.11869852E+01 -0.67693530E+00
  0.11875350E+01 -0.66876528E+00
  0.11880849E+01 -0.66053615E+00
  0.11886347E+01 -0.65224800E+00
  0.11891846E+01 -0.64390097E+00
  0.11897344E+01 -0.63549521E+00
  0.11902842E+01 -0.62703092E+00
  0.11908341E+01 -0.61850835E+00
  0.11913839E+01 -0.60992780E+00
  0.11919338E+01 -0.60128961E+00
  0.11924836E+01 -0.59259416E+00
  0.11930335E+01 -0.58384185E+00
  0.11935833E+01 -0.57503312E+00
  0.11941332E+01 -0.56616841E+00
  0.11946830E+01 -0.55724820E+00
  0.11952329E+01 -0.54827297E+00
  0.11957827E+01 -0.53924321E+00
  0.11963326E+01 -0.53015943E+00
  0.11968824E+01 -0.52102216E+00
  0.11974322E+01 -0.51183192E+00
  0.11979821E+01 -0.50258928E+00
  0.11985319E+01 -0.49329478E+00
  0.11990818E+01 -0.48394898E+00
  0.11996316E+01 -0.47455246E+00
  0.12001815E+01 -0.46510580E+00
  0.12007313E+01 -0.45560961E+00
  0.12012812E+01 -0.44606452E+00
  0.12018310E+01 -0.43647123E+00
  0.12023809E+01 -0.42683057E+00
  0.12029307E+01 -0.41714354E+00
  0.12034806E+01 -0.40741148E+00
  0.12040304E+01 -0.39763622E+00
  0.12045802E+01 -0.38782036E+00
  0.12051301E+01 -0.37796736E+00
  0.12056799E+01 -0.36808036E+00
  0.12062298E+01 -0.35815582E+00
  0.12067796E+01 -0.34816675E+00
  0.12073295E+01 -0.33806416E+00
  0.12078793E+01 -0.32785211E+00
  0.12084292E+01 -0.31759326E+00
  0.12089790E+01 -0.30731757E+00
  0.12095289E+01 -0.29702123E+00
  0.12100787E+01 -0.28669515E+00
  0.12106285E+01 -0.27633328E+00
  0.12111784E+01 -0.26593235E+00
  0.12117282E+01 -0.25549073E+00
  0.12122781E+01 -0.24500768E+00
  0.12128279E+01 -0.23448291E+00
  0.12133778E+01 -0.22391639E+00
  0.12139276E+01 -0.21330816E+00
  0.12144775E+01 -0.20265834E+00
  0.12150273E+01 -0.19196700E+00
  0.12155772E+01 -0.18123417E+00
  0.12161270E+01 -0.17045977E+00
  0.12166769E+01 -0.15964357E+00
  0.12172267E+01 -0.14878515E+00
  0.12177765E+01 -0.13788382E+00
  0.12183264E+01 -0.12693852E+00
  0.12188762E+01 -0.11594776E+00
  0.12194261E+01 -0.10490950E+00
  0.12199759E+01 -0.93821242E-01
  0.12205258E+01 -0.82680336E-01
  0.12210756E+01 -0.71485220E-01
  0.12216255E+01 -0.60238179E-01
  0.12221753E+01 -0.48950003E-01
  0.12227252E+01 -0.37643764E-01
  0.12232750E+01 -0.26349561E-01
  0.12238249E+01 -0.15086204E-01
  0.12243747E+01 -0.38470295E-02
  0.12249245E+01  0.73911578E-02
  0.12254744E+01  0.18649440E-01
  0.12260242E+01  0.29939203E-01
  0.12265741E+01  0.41264732E-01
  0.12271239E+01  0.52627271E-01
  0.12276738E+01  0.64027095E-01
  0.12282236E+01  0.75464104E-01
  0.12287735E+01  0.86937930E-01
  0.12293233E+01  0.98448005E-01
  0.12298732E+01  0.10999367E+00
  0.12304230E+01  0.12157429E+00
  0.12309729E+01  0.13318925E+00
  0.12315227E+01  0.14483796E+00
  0.12320725E+01  0.15651958E+00
  0.12326224E+01  0.16823271E+00
  0.12331722E+01  0.17997480E+00
  0.12337221E+01  0.19174176E+00
  0.12342719E+01  0.20352805E+00
  0.12348218E+01  0.21532784E+00
  0.12353716E+01  0.22713689E+00
  0.12359215E+01  0.23895401E+00
  0.12364713E+01  0.25078107E+00
  0.12370212E+01  0.26262196E+00
  0.12375710E+01  0.27448274E+00
  0.12381209E+01  0.28637798E+00
  0.12386707E+01  0.29834877E+00
  0.12392205E+01  0.31039100E+00
  0.12397704E+01  0.32235956E+00
  0.12403202E+01  0.33429912E+00
  0.12408701E+01  0.34626325E+00
  0.12414199E+01  0.35825634E+00
  0.12419698E+01  0.37027532E+00
  0.12425196E+01  0.38231758E+00
  0.12430695E+01  0.39438134E+00
  0.12436193E+01  0.40646531E+00
  0.12441692E+01  0.41856828E+00
  0.12447190E+01  0.43068885E+00
  0.12452688E+01  0.44282501E+00
  0.12458187E+01  0.45497386E+00
  0.12463685E+01  0.46713167E+00
  0.12469184E+01  0.47929459E+00
  0.12474682E+01  0.49145998E+00
  0.12480181E+01  0.50362769E+00
  0.12485679E+01  0.51579995E+00
  0.12491178E+01  0.52797994E+00
  0.12496676E+01  0.54017059E+00
  0.12502175E+01  0.55237491E+00
  0.12507673E+01  0.56459560E+00
  0.12513172E+01  0.57683474E+00
  0.12518670E+01  0.58909292E+00
  0.12524168E+01  0.60136514E+00
  0.12529667E+01  0.61363346E+00
  0.12535165E+01  0.62587225E+00
  0.12540664E+01  0.63807922E+00
  0.12546162E+01  0.65028005E+00
  0.12551661E+01  0.66249455E+00
  0.12557159E+01  0.67472648E+00
  0.12562658E+01  0.68697273E+00
  0.12568156E+01  0.69922948E+00
  0.12573655E+01  0.71149377E+00
  0.12579153E+01  0.72376355E+00
  0.12584652E+01  0.73603747E+00
  0.12590150E+01  0.74831471E+00
  0.12595648E+01  0.76059488E+00
  0.12601147E+01  0.77287800E+00
  0.12606645E+01  0.78516452E+00
  0.12612144E+01  0.79745529E+00
  0.12617642E+01  0.80975149E+00
  0.12623141E+01  0.82205446E+00
  0.12628639E+01  0.83436535E+00
  0.12634138E+01  0.84668480E+00
  0.12639636E+01  0.85901252E+00
  0.12645135E+01  0.87134724E+00
  0.12650633E+01  0.88368674E+00
  0.12656132E+01  0.89602837E+00
  0.12661630E+01  0.90836942E+00
  0.12667128E+01  0.92070762E+00
  0.12672627E+01  0.93304134E+00
  0.12678125E+01  0.94536969E+00
  0.12683624E+01  0.95769250E+00
  0.12689122E+01  0.97001015E+00
  0.12694621E+01  0.98232329E+00
  0.12700119E+01  0.99463222E+00
  0.12705618E+01  0.10069362E+01
  0.12711116E+01  0.10192330E+01
  0.12716615E+01  0.10315199E+01
  0.12722113E+01  0.10437948E+01
  0.12727612E+01  0.10560571E+01
  0.12733110E+01  0.10683070E+01
  0.12738608E+01  0.10805453E+01
  0.12744107E+01  0.10927726E+01
  0.12749605E+01  0.11049892E+01
  0.12755104E+01  0.11171952E+01
  0.12760602E+01  0.11293907E+01
  0.12766101E+01  0.11415754E+01
  0.12771599E+01  0.11537494E+01
  0.12777098E+01  0.11659126E+01
  0.12782596E+01  0.11780652E+01
  0.12788095E+01  0.11902074E+01
  0.12793593E+01  0.12023399E+01
  0.12799091E+01  0.12144628E+01
  0.12804590E+01  0.12265761E+01
  0.12810088E+01  0.12386794E+01
  0.12815587E+01  0.12507718E+01
  0.12821085E+01  0.12628519E+01
  0.12826584E+01  0.12749187E+01
  0.12832082E+01  0.12869711E+01
  0.12837581E+01  0.12990084E+01
  0.12843079E+01  0.13110299E+01
  0.12848578E+01  0.13230352E+01
  0.12854076E+01  0.13350238E+01
  0.12859575E+01  0.13469953E+01
  0.12865073E+01  0.13589492E+01
  0.12870571E+01  0.13708850E+01
  0.12876070E+01  0.13828023E+01
  0.12881568E+01  0.13947005E+01
  0.12887067E+01  0.14065793E+01
  0.12892565E+01  0.14184383E+01
  0.12898064E+01  0.14302778E+01
  0.12903562E+01  0.14420980E+01
  0.12909061E+01  0.14538997E+01
  0.12914559E+01  0.14656838E+01
  0.12920058E+01  0.14774512E+01
  0.12925556E+01  0.14892027E+01
  0.12931055E+01  0.15009390E+01
  0.12936553E+01  0.15126603E+01
  0.12942051E+01  0.15243666E+01
  0.12947550E+01  0.15360578E+01
  0.12953048E+01  0.15477334E+01
  0.12958547E+01  0.15593929E+01
  0.12964045E+01  0.15710359E+01
  0.12969544E+01  0.15826617E+01
  0.12975042E+01  0.15942699E+01
  0.12980541E+01  0.16058599E+01
  0.12986039E+01  0.16174313E+01
  0.12991538E+01  0.16289836E+01
  0.12997036E+01  0.16405163E+01
  0.13002535E+01  0.16520293E+01
  0.13008033E+01  0.16635222E+01
  0.13013531E+01  0.16749948E+01
  0.13019030E+01  0.16864468E+01
  0.13024528E+01  0.16978782E+01
  0.13030027E+01  0.17092889E+01
  0.13035525E+01  0.17206789E+01
  0.13041024E+01  0.17320483E+01
  0.13046522E+01  0.17433972E+01
  0.13052021E+01  0.17547257E+01
  0.13057519E+01  0.17660340E+01
  0.13063018E+01  0.17773219E+01
  0.13068516E+01  0.17885894E+01
  0.13074015E+01  0.17998363E+01
  0.13079513E+01  0.18110622E+01
  0.13085011E+01  0.18222671E+01
  0.13090510E+01  0.18334507E+01
  0.13096008E+01  0.18446129E+01
  0.13101507E+01  0.18557536E+01
  0.13107005E+01  0.18668726E+01
  0.13112504E+01  0.18779698E+01
  0.13118002E+01  0.18890453E+01
  0.13123501E+01  0.19000990E+01
  0.13128999E+01  0.19111309E+01
  0.13134498E+01  0.19221410E+01
  0.13139996E+01  0.19331293E+01
  0.13145495E+01  0.19440959E+01
  0.13150993E+01  0.19550406E+01
  0.13156491E+01  0.19659633E+01
  0.13161990E+01  0.19768641E+01
  0.13167488E+01  0.19877428E+01
  0.13172987E+01  0.19985993E+01
  0.13178485E+01  0.20094335E+01
  0.13183984E+01  0.20202454E+01
  0.13189482E+01  0.20310348E+01
  0.13194981E+01  0.20418016E+01
  0.13200479E+01  0.20525459E+01
  0.13205978E+01  0.20632674E+01
  0.13211476E+01  0.20739661E+01
  0.13216974E+01  0.20846420E+01
  0.13222473E+01  0.20952950E+01
  0.13227971E+01  0.21059251E+01
  0.13233470E+01  0.21165323E+01
  0.13238968E+01  0.21271165E+01
  0.13244467E+01  0.21376777E+01
  0.13249965E+01  0.21482160E+01
  0.13255464E+01  0.21587313E+01
  0.13260962E+01  0.21692236E+01
  0.13266461E+01  0.21796928E+01
  0.13271959E+01  0.21901384E+01
  0.13277458E+01  0.22005599E+01
  0.13282956E+01  0.22109554E+01
  0.13288454E+01  0.22213205E+01
  0.13293953E+01  0.22316414E+01
  0.13299451E+01  0.22418602E+01
  0.13304950E+01  0.22516536E+01
  0.13310448E+01  0.22620725E+01
  0.13315947E+01  0.22728464E+01
  0.13321445E+01  0.22831989E+01
  0.13326944E+01  0.22934640E+01
  0.13332442E+01  0.23036921E+01
  0.13337941E+01  0.23138939E+01
  0.13343439E+01  0.23240727E+01
  0.13348938E+01  0.23342299E+01
  0.13354436E+01  0.23443657E+01
  0.13359934E+01  0.23544803E+01
  0.13365433E+01  0.23645738E+01
  0.13370931E+01  0.23746461E+01
  0.13376430E+01  0.23846973E+01
  0.13381928E+01  0.23947272E+01
  0.13387427E+01  0.24047359E+01
  0.13392925E+01  0.24147233E+01
  0.13398424E+01  0.24246896E+01
  0.13403922E+01  0.24346349E+01
  0.13409421E+01  0.24445592E+01
  0.13414919E+01  0.24544627E+01
  0.13420418E+01  0.24643455E+01
  0.13425916E+01  0.24742078E+01
  0.13431414E+01  0.24840498E+01
  0.13436913E+01  0.24938717E+01
  0.13442411E+01  0.25036735E+01
  0.13447910E+01  0.25134557E+01
  0.13453408E+01  0.25232182E+01
  0.13458907E+01  0.25329613E+01
  0.13464405E+01  0.25426853E+01
  0.13469904E+01  0.25523902E+01
  0.13475402E+01  0.25620763E+01
  0.13480901E+01  0.25717437E+01
  0.13486399E+01  0.25813926E+01
  0.13491898E+01  0.25910233E+01
  0.13497396E+01  0.26006358E+01
  0.13502894E+01  0.26102303E+01
  0.13508393E+01  0.26198071E+01
  0.13513891E+01  0.26293662E+01
  0.13519390E+01  0.26389079E+01
  0.13524888E+01  0.26484323E+01
  0.13530387E+01  0.26579396E+01
  0.13535885E+01  0.26674299E+01
  0.13541384E+01  0.26769035E+01
  0.13546882E+01  0.26863605E+01
  0.13552381E+01  0.26958010E+01
  0.13557879E+01  0.27052253E+01
  0.13563377E+01  0.27146335E+01
  0.13568876E+01  0.27240258E+01
  0.13574374E+01  0.27334023E+01
  0.13579873E+01  0.27427633E+01
  0.13585371E+01  0.27521090E+01
  0.13590870E+01  0.27614395E+01
  0.13596368E+01  0.27707551E+01
  0.13601867E+01  0.27800559E+01
  0.13607365E+01  0.27893422E+01
  0.13612864E+01  0.27986143E+01
  0.13618362E+01  0.28078723E+01
  0.13623861E+01  0.28171166E+01
  0.13629359E+01  0.28263474E+01
  0.13634857E+01  0.28355650E+01
  0.13640356E+01  0.28447699E+01
  0.13645854E+01  0.28539622E+01
  0.13651353E+01  0.28631425E+01
  0.13656851E+01  0.28723111E+01
  0.13662350E+01  0.28814686E+01
  0.13667848E+01  0.28906152E+01
  0.13673347E+01  0.28997515E+01
  0.13678845E+01  0.29088780E+01
  0.13684344E+01  0.29179950E+01
  0.13689842E+01  0.29271027E+01
  0.13695341E+01  0.29362015E+01
  0.13700839E+01  0.29452913E+01
  0.13706337E+01  0.29543720E+01
  0.13711836E+01  0.29634431E+01
  0.13717334E+01  0.29725044E+01
  0.13722833E+01  0.29815550E+01
  0.13728331E+01  0.29905946E+01
  0.13733830E+01  0.29996227E+01
  0.13739328E+01  0.30086390E+01
  0.13744827E+01  0.30176436E+01
  0.13750325E+01  0.30266368E+01
  0.13755824E+01  0.30356192E+01
  0.13761322E+01  0.30445915E+01
  0.13766821E+01  0.30535546E+01
  0.13772319E+01  0.30625092E+01
  0.13777817E+01  0.30714560E+01
  0.13783316E+01  0.30803950E+01
  0.13788814E+01  0.30893259E+01
  0.13794313E+01  0.30982474E+01
  0.13799811E+01  0.31071573E+01
  0.13805310E+01  0.31160524E+01
  0.13810808E+01  0.31249294E+01
  0.13816307E+01  0.31337849E+01
  0.13821805E+01  0.31426170E+01
  0.13827304E+01  0.31514257E+01
  0.13832802E+01  0.31602128E+01
  0.13838301E+01  0.31689814E+01
  0.13843799E+01  0.31777353E+01
  0.13849297E+01  0.31864781E+01
  0.13854796E+01  0.31952125E+01
  0.13860294E+01  0.32039407E+01
  0.13865793E+01  0.32126641E+01
  0.13871291E+01  0.32213836E+01
  0.13876790E+01  0.32300996E+01
  0.13882288E+01  0.32388124E+01
  0.13887787E+01  0.32475222E+01
  0.13893285E+01  0.32562289E+01
  0.13898784E+01  0.32649324E+01
  0.13904282E+01  0.32736326E+01
  0.13909781E+01  0.32823291E+01
  0.13915279E+01  0.32910217E+01
  0.13920777E+01  0.32997098E+01
  0.13926276E+01  0.33083932E+01
  0.13931774E+01  0.33170716E+01
  0.13937273E+01  0.33257447E+01
  0.13942771E+01  0.33344124E+01
  0.13948270E+01  0.33430744E+01
  0.13953768E+01  0.33517310E+01
  0.13959267E+01  0.33603822E+01
  0.13964765E+01  0.33690281E+01
  0.13970264E+01  0.33776692E+01
  0.13975762E+01  0.33863057E+01
  0.13981260E+01  0.33949381E+01
  0.13986759E+01  0.34035666E+01
  0.13992257E+01  0.34121912E+01
  0.13997756E+01  0.34208110E+01
  0.14003254E+01  0.34294240E+01
  0.14008753E+01  0.34380264E+01
  0.14014251E+01  0.34466129E+01
  0.14019750E+01  0.34551786E+01
  0.14025248E+01  0.34637209E+01
  0.14030747E+01  0.34722418E+01
  0.14036245E+01  0.34807462E+01
  0.14041744E+01  0.34892394E+01
  0.14047242E+01  0.34977253E+01
  0.14052740E+01  0.35062060E+01
  0.14058239E+01  0.35146822E+01
  0.14063737E+01  0.35231536E+01
  0.14069236E+01  0.35316196E+01
  0.14074734E+01  0.35400794E+01
  0.14080233E+01  0.35485324E+01
  0.14085731E+01  0.35569779E+01
  0.14091230E+01  0.35654153E+01
  0.14096728E+01  0.35738442E+01
  0.14102227E+01  0.35822639E+01
  0.14107725E+01  0.35906743E+01
  0.14113224E+01  0.35990748E+01
  0.14118722E+01  0.36074653E+01
  0.14124220E+01  0.36158456E+01
  0.14129719E+01  0.36242156E+01
  0.14135217E+01  0.36325755E+01
  0.14140716E+01  0.36409254E+01
  0.14146214E+01  0.36492656E+01
  0.14151713E+01  0.36575961E+01
  0.14157211E+01  0.36659164E+01
  0.14162710E+01  0.36742260E+01
  0.14168208E+01  0.36825238E+01
  0.14173707E+01  0.36908090E+01
  0.14179205E+01  0.36990808E+01
  0.14184704E+01  0.37073386E+01
  0.14190202E+01  0.37155819E+01
  0.14195700E+01  0.37238104E+01
  0.14201199E+01  0.37320237E+01
  0.14206697E+01  0.37402216E+01
  0.14212196E+01  0.37484037E+01
  0.14217694E+01  0.37565698E+01
  0.14223193E+01  0.37647197E+01
  0.14228691E+01  0.37728530E+01
  0.14234190E+01  0.37809694E+01
  0.14239688E+01  0.37890688E+01
  0.14245187E+01  0.37971507E+01
  0.14250685E+01  0.38052149E+01
  0.14256184E+01  0.38132610E+01
  0.14261682E+01  0.38212886E+01
  0.14267180E+01  0.38292972E+01
  0.14272679E+01  0.38372866E+01
  0.14278177E+01  0.38452561E+01
  0.14283676E+01  0.38532052E+01
  0.14289174E+01  0.38611336E+01
  0.14294673E+01  0.38690407E+01
  0.14300171E+01  0.38769260E+01
  0.14305670E+01  0.38847890E+01
  0.14311168E+01  0.38926292E+01
  0.14316667E+01  0.39004461E+01
  0.14322165E+01  0.39082393E+01
  0.14327663E+01  0.39160081E+01
  0.14333162E+01  0.39237521E+01
  0.14338660E+01  0.39314708E+01
  0.14344159E+01  0.39391636E+01
  0.14349657E+01  0.39468301E+01
  0.14355156E+01  0.39544696E+01
  0.14360654E+01  0.39620817E+01
  0.14366153E+01  0.39696658E+01
  0.14371651E+01  0.39772214E+01
  0.14377150E+01  0.39847479E+01
  0.14382648E+01  0.39922448E+01
  0.14388147E+01  0.39997115E+01
  0.14393645E+01  0.40071475E+01
  0.14399143E+01  0.40145522E+01
  0.14404642E+01  0.40219252E+01
  0.14410140E+01  0.40292661E+01
  0.14415639E+01  0.40365744E+01
  0.14421137E+01  0.40438504E+01
  0.14426636E+01  0.40510956E+01
  0.14432134E+01  0.40583173E+01
  0.14437633E+01  0.40655713E+01
  0.14443131E+01  0.40732271E+01
  0.14448630E+01  0.40798263E+01
  0.14454128E+01  0.40868024E+01
  0.14459627E+01  0.40938082E+01
  0.14465125E+01  0.41007916E+01
  0.14470623E+01  0.41077448E+01
  0.14476122E+01  0.41146676E+01
  0.14481620E+01  0.41215638E+01
  0.14487119E+01  0.41284432E+01
  0.14492617E+01  0.41353302E+01
  0.14498116E+01  0.41422921E+01
  0.14503614E+01  0.41495434E+01
  0.14509113E+01  0.41605435E+01
  0.14514611E+01  0.41619333E+01
  0.14520110E+01  0.41680077E+01
  0.14525608E+01  0.41744405E+01
  0.14531107E+01  0.41808915E+01
  0.14536605E+01  0.41873064E+01
  0.14542103E+01  0.41936738E+01
  0.14547602E+01  0.41999908E+01
  0.14553100E+01  0.42062561E+01
  0.14558599E+01  0.42124693E+01
  0.14564097E+01  0.42186299E+01
  0.14569596E+01  0.42247373E+01
  0.14575094E+01  0.42307910E+01
  0.14580593E+01  0.42367905E+01
  0.14586091E+01  0.42427351E+01
  0.14591590E+01  0.42486242E+01
  0.14597088E+01  0.42544572E+01
  0.14602587E+01  0.42602333E+01
  0.14608085E+01  0.42659520E+01
  0.14613583E+01  0.42716124E+01
  0.14619082E+01  0.42772140E+01
  0.14624580E+01  0.42827559E+01
  0.14630079E+01  0.42882376E+01
  0.14635577E+01  0.42936583E+01
  0.14641076E+01  0.42990174E+01
  0.14646574E+01  0.43043140E+01
  0.14652073E+01  0.43095476E+01
  0.14657571E+01  0.43147174E+01
  0.14663070E+01  0.43198228E+01
  0.14668568E+01  0.43248631E+01
  0.14674066E+01  0.43298376E+01
  0.14679565E+01  0.43347456E+01
  0.14685063E+01  0.43395865E+01
  0.14690562E+01  0.43443595E+01
  0.14696060E+01  0.43490641E+01
  0.14701559E+01  0.43536996E+01
  0.14707057E+01  0.43582653E+01
  0.14712556E+01  0.43627606E+01
  0.14718054E+01  0.43671849E+01
  0.14723553E+01  0.43715374E+01
  0.14729051E+01  0.43758176E+01
  0.14734550E+01  0.43800248E+01
  0.14740048E+01  0.43841584E+01
  0.14745546E+01  0.43882178E+01
  0.14751045E+01  0.43922024E+01
  0.14756543E+01  0.43961115E+01
  0.14762042E+01  0.43999445E+01
  0.14767540E+01  0.44037008E+01
  0.14773039E+01  0.44073797E+01
  0.14778537E+01  0.44109806E+01
  0.14784036E+01  0.44145028E+01
  0.14789534E+01  0.44179457E+01
  0.14795033E+01  0.44213083E+01
  0.14800531E+01  0.44245900E+01
  0.14806030E+01  0.44277897E+01
  0.14811528E+01  0.44309062E+01
  0.14817026E+01  0.44339381E+01
  0.14822525E+01  0.44368839E+01
  0.14828023E+01  0.44397422E+01
  0.14833522E+01  0.44425135E+01
  0.14839020E+01  0.44452030E+01
  0.14844519E+01  0.44478217E+01
  0.14850017E+01  0.44503781E+01
  0.14855516E+01  0.44528663E+01
  0.14861014E+01  0.44552728E+01
  0.14866513E+01  0.44575890E+01
  0.14872011E+01  0.44598129E+01
  0.14877510E+01  0.44619450E+01
  0.14883008E+01  0.44639864E+01
  0.14888506E+01  0.44659379E+01
  0.14894005E+01  0.44677999E+01
  0.14899503E+01  0.44695727E+01
  0.14905002E+01  0.44712563E+01
  0.14910500E+01  0.44728505E+01
  0.14915999E+01  0.44743552E+01
  0.14921497E+01  0.44757702E+01
  0.14926996E+01  0.44770953E+01
  0.14932494E+01  0.44783303E+01
  0.14937993E+01  0.44794748E+01
  0.14943491E+01  0.44805287E+01
  0.14948990E+01  0.44814916E+01
  0.14954488E+01  0.44823635E+01
  0.14959986E+01  0.44831439E+01
  0.14965485E+01  0.44838328E+01
  0.14970983E+01  0.44844300E+01
  0.14976482E+01  0.44849354E+01
  0.14981980E+01  0.44853488E+01
  0.14987479E+01  0.44856704E+01
  0.14992977E+01  0.44859000E+01
  0.14998476E+01  0.44860380E+01
  0.15003974E+01  0.44860844E+01
  0.15009473E+01  0.44860396E+01
  0.15014971E+01  0.44859039E+01
  0.15020470E+01  0.44856776E+01
  0.15025969E+01  0.44853607E+01
  
