  0.00000000E+00 -0.93539696E+00
  0.54998869E-03 -0.93353724E+00
  0.10999774E-02 -0.93198309E+00
  0.16499661E-02 -0.93072266E+00
  0.21999547E-02 -0.92974141E+00
  0.27499434E-02 -0.92902775E+00
  0.32999321E-02 -0.92857519E+00
  0.38499208E-02 -0.92838201E+00
  0.43999095E-02 -0.92845001E+00
  0.49498982E-02 -0.92878345E+00
  0.54998869E-02 -0.92938826E+00
  0.60498756E-02 -0.93027168E+00
  0.65998642E-02 -0.93144198E+00
  0.71498529E-02 -0.93290838E+00
  0.76998416E-02 -0.93468093E+00
  0.82498303E-02 -0.93677045E+00
  0.87998190E-02 -0.93918844E+00
  0.93498077E-02 -0.94194702E+00
  0.98997964E-02 -0.94505877E+00
  0.10449785E-01 -0.94853663E+00
  0.10999774E-01 -0.95239368E+00
  0.11549762E-01 -0.95664301E+00
  0.12099751E-01 -0.96129743E+00
  0.12649740E-01 -0.96636920E+00
  0.13199728E-01 -0.97186976E+00
  0.13749717E-01 -0.97780932E+00
  0.14299706E-01 -0.98419647E+00
  0.14849695E-01 -0.99103767E+00
  0.15399683E-01 -0.99833664E+00
  0.15949672E-01 -0.10060936E+01
  0.16499661E-01 -0.10143042E+01
  0.17049649E-01 -0.10229584E+01
  0.17599638E-01 -0.10320384E+01
  0.18149627E-01 -0.45956252E+00
  0.18699615E-01 -0.45673262E+00
  0.19249604E-01 -0.45381010E+00
  0.19799593E-01 -0.45077618E+00
  0.20349581E-01 -0.44761337E+00
  0.20899570E-01 -0.44431080E+00
  0.21449559E-01 -0.44086761E+00
  0.21999547E-01 -0.43729231E+00
  0.22549536E-01 -0.43359897E+00
  0.23099525E-01 -0.42980259E+00
  0.23649514E-01 -0.42591599E+00
  0.24199502E-01 -0.42194846E+00
  0.24749491E-01 -0.41790591E+00
  0.25299480E-01 -0.41379154E+00
  0.25849468E-01 -0.40960669E+00
  0.26399457E-01 -0.40535153E+00
  0.26949446E-01 -0.40102555E+00
  0.27499434E-01 -0.39662790E+00
  0.28049423E-01 -0.39215756E+00
  0.28599412E-01 -0.38761351E+00
  0.29149400E-01 -0.38299475E+00
  0.29699389E-01 -0.37830036E+00
  0.30249378E-01 -0.37352949E+00
  0.30799366E-01 -0.36868139E+00
  0.31349355E-01 -0.36375539E+00
  0.31899344E-01 -0.35875089E+00
  0.32449333E-01 -0.35366738E+00
  0.32999321E-01 -0.34850440E+00
  0.33549310E-01 -0.34326155E+00
  0.34099299E-01 -0.33793850E+00
  0.34649287E-01 -0.33253494E+00
  0.35199276E-01 -0.32705064E+00
  0.35749265E-01 -0.32148538E+00
  0.36299253E-01 -0.31583900E+00
  0.36849242E-01 -0.31011136E+00
  0.37399231E-01 -0.30430237E+00
  0.37949219E-01 -0.29841197E+00
  0.38499208E-01 -0.29244013E+00
  0.39049197E-01 -0.28638687E+00
  0.39599185E-01 -0.28025223E+00
  0.40149174E-01 -0.27403631E+00
  0.40699163E-01 -0.26773924E+00
  0.41249151E-01 -0.26136119E+00
  0.41799140E-01 -0.25490238E+00
  0.42349129E-01 -0.24836310E+00
  0.42899118E-01 -0.24174366E+00
  0.43449106E-01 -0.23504446E+00
  0.43999095E-01 -0.22826597E+00
  0.44549084E-01 -0.22140870E+00
  0.45099072E-01 -0.21447327E+00
  0.45649061E-01 -0.20746040E+00
  0.46199050E-01 -0.20037086E+00
  0.46749038E-01 -0.19320557E+00
  0.47299027E-01 -0.18596555E+00
  0.47849016E-01 -0.17865193E+00
  0.48399004E-01 -0.17126601E+00
  0.48948993E-01 -0.16380926E+00
  0.49498982E-01 -0.15628337E+00
  0.50048970E-01 -0.14869043E+00
  0.50598959E-01 -0.14103310E+00
  0.51148948E-01 -0.13331512E+00
  0.51698937E-01 -0.12554219E+00
  0.52248925E-01 -0.11772384E+00
  0.52798914E-01 -0.10987754E+00
  0.53348903E-01 -0.10203932E+00
  0.53898891E-01 -0.94297378E-01
  0.54448880E-01 -0.86933666E-01
  0.54998869E-01 -0.81319218E-01
  0.55548857E-01 -0.88141818E-01
  0.56098846E-01 -0.72862166E-01
  0.56648835E-01 -0.55721009E-01
  0.57198823E-01 -0.45654042E-01
  0.57748812E-01 -0.36671500E-01
  0.58298801E-01 -0.27938370E-01
  0.58848789E-01 -0.19260089E-01
  0.59398778E-01 -0.10574620E-01
  0.59948767E-01 -0.18583391E-02
  0.60498756E-01  0.68986531E-02
  0.61048744E-01  0.15700620E-01
  0.61598733E-01  0.24549265E-01
  0.62148722E-01  0.33445035E-01
  0.62698710E-01  0.42387722E-01
  0.63248699E-01  0.51376758E-01
  0.63798688E-01  0.60411369E-01
  0.64348676E-01  0.69490666E-01
  0.64898665E-01  0.78613687E-01
  0.65448654E-01  0.87779433E-01
  0.65998642E-01  0.96986885E-01
  0.66548631E-01  0.10623502E+00
  0.67098620E-01  0.11552281E+00
  0.67648608E-01  0.12484925E+00
  0.68198597E-01  0.13421335E+00
  0.68748586E-01  0.14361412E+00
  0.69298575E-01  0.15305062E+00
  0.69848563E-01  0.16252193E+00
  0.70398552E-01  0.17202715E+00
  0.70948541E-01  0.18156543E+00
  0.71498529E-01  0.19113596E+00
  0.72048518E-01  0.20073795E+00
  0.72598507E-01  0.21037070E+00
  0.73148495E-01  0.22003352E+00
  0.73698484E-01  0.22972581E+00
  0.74248473E-01  0.23944707E+00
  0.74798461E-01  0.24919688E+00
  0.75348450E-01  0.25897498E+00
  0.75898439E-01  0.26878129E+00
  0.76448427E-01  0.27861599E+00
  0.76998416E-01  0.28847957E+00
  0.77548405E-01  0.29837281E+00
  0.78098393E-01  0.30829676E+00
  0.78648382E-01  0.31825254E+00
  0.79198371E-01  0.32824115E+00
  0.79748360E-01  0.33826337E+00
  0.80298348E-01  0.34831982E+00
  0.80848337E-01  0.35841115E+00
  0.81398326E-01  0.36853828E+00
  0.81948314E-01  0.37870257E+00
  0.82498303E-01  0.38890590E+00
  0.83048292E-01  0.39915070E+00
  0.83598280E-01  0.40943995E+00
  0.84148269E-01  0.41977719E+00
  0.84698258E-01  0.43016655E+00
  0.85248246E-01  0.44061278E+00
  0.85798235E-01  0.45112137E+00
  0.86348224E-01  0.46169857E+00
  0.86898212E-01  0.47235157E+00
  0.87448201E-01  0.48308858E+00
  0.87998190E-01  0.49391901E+00
  0.88548179E-01  0.50485366E+00
  0.89098167E-01  0.51590489E+00
  0.89648156E-01  0.52708690E+00
  0.90198145E-01  0.53841600E+00
  0.90748133E-01  0.54991094E+00
  0.91298122E-01  0.56159328E+00
  0.91848111E-01  0.57348788E+00
  0.92398099E-01  0.58562341E+00
  0.92948088E-01  0.59803297E+00
  0.93498077E-01  0.61075484E+00
  0.94048065E-01  0.62383333E+00
  0.94598054E-01  0.63731984E+00
  0.95148043E-01  0.65127399E+00
  0.95698031E-01  0.20506885E+01
  0.96248020E-01  0.20482029E+01
  0.96798009E-01  0.20456823E+01
  0.97347998E-01  0.20431259E+01
  0.97897986E-01  0.20405330E+01
  0.98447975E-01  0.20379027E+01
  0.98997964E-01  0.20352342E+01
  0.99547952E-01  0.20325275E+01
  0.10009794E+00  0.20297832E+01
  0.10064793E+00  0.20270034E+01
  0.10119792E+00  0.20241917E+01
  0.10174791E+00  0.20213510E+01
  0.10229790E+00  0.20184824E+01
  0.10284788E+00  0.20155842E+01
  0.10339787E+00  0.20126532E+01
  0.10394786E+00  0.20096859E+01
  0.10449785E+00  0.20066799E+01
  0.10504784E+00  0.20036335E+01
  0.10559783E+00  0.20005460E+01
  0.10614782E+00  0.19974166E+01
  0.10669781E+00  0.19942452E+01
  0.10724779E+00  0.19910314E+01
  0.10779778E+00  0.19877751E+01
  0.10834777E+00  0.19844762E+01
  0.10889776E+00  0.19811346E+01
  0.10944775E+00  0.19777506E+01
  0.10999774E+00  0.19743244E+01
  0.11054773E+00  0.19708566E+01
  0.11109771E+00  0.19673482E+01
  0.11164770E+00  0.19638002E+01
  0.11219769E+00  0.19602141E+01
  0.11274768E+00  0.19565912E+01
  0.11329767E+00  0.19529326E+01
  0.11384766E+00  0.19492393E+01
  0.11439765E+00  0.19455117E+01
  0.11494764E+00  0.19417498E+01
  0.11549762E+00  0.19379535E+01
  0.11604761E+00  0.19341226E+01
  0.11659760E+00  0.19302568E+01
  0.11714759E+00  0.19263566E+01
  0.11769758E+00  0.19224224E+01
  0.11824757E+00  0.19184553E+01
  0.11879756E+00  0.19144560E+01
  0.11934754E+00  0.19104252E+01
  0.11989753E+00  0.19063618E+01
  0.12044752E+00  0.19022623E+01
  0.12099751E+00  0.18981185E+01
  0.12154750E+00  0.18939171E+01
  0.12209749E+00  0.18896399E+01
  0.12264748E+00  0.18852686E+01
  0.12319747E+00  0.18807912E+01
  0.12374745E+00  0.18762061E+01
  0.12429744E+00  0.18715227E+01
  0.12484743E+00  0.18667567E+01
  0.12539742E+00  0.18619247E+01
  0.12594741E+00  0.18570406E+01
  0.12649740E+00  0.18521143E+01
  0.12704739E+00  0.18471514E+01
  0.12759738E+00  0.18421547E+01
  0.12814736E+00  0.18371246E+01
  0.12869735E+00  0.18320604E+01
  0.12924734E+00  0.18269606E+01
  0.12979733E+00  0.18218239E+01
  0.13034732E+00  0.18166486E+01
  0.13089731E+00  0.18114336E+01
  0.13144730E+00  0.18061777E+01
  0.13199728E+00  0.18008799E+01
  0.13254727E+00  0.17955396E+01
  0.13309726E+00  0.17901563E+01
  0.13364725E+00  0.17847294E+01
  0.13419724E+00  0.17792587E+01
  0.13474723E+00  0.17737441E+01
  0.13529722E+00  0.17681854E+01
  0.13584721E+00  0.17625827E+01
  0.13639719E+00  0.17569360E+01
  0.13694718E+00  0.17512454E+01
  0.13749717E+00  0.17455112E+01
  0.13804716E+00  0.17397334E+01
  0.13859715E+00  0.17339125E+01
  0.13914714E+00  0.17280486E+01
  0.13969713E+00  0.17221420E+01
  0.14024712E+00  0.17161933E+01
  0.14079710E+00  0.17102027E+01
  0.14134709E+00  0.17041706E+01
  0.14189708E+00  0.16980975E+01
  0.14244707E+00  0.16919839E+01
  0.14299706E+00  0.16858301E+01
  0.14354705E+00  0.16796368E+01
  0.14409704E+00  0.16734043E+01
  0.14464702E+00  0.16671332E+01
  0.14519701E+00  0.16608242E+01
  0.14574700E+00  0.16544776E+01
  0.14629699E+00  0.16480941E+01
  0.14684698E+00  0.16416743E+01
  0.14739697E+00  0.16352186E+01
  0.14794696E+00  0.16287278E+01
  0.14849695E+00  0.16222024E+01
  0.14904693E+00  0.16156431E+01
  0.14959692E+00  0.16090503E+01
  0.15014691E+00  0.16024248E+01
  0.15069690E+00  0.15957672E+01
  0.15124689E+00  0.15890779E+01
  0.15179688E+00  0.15823577E+01
  0.15234687E+00  0.15756071E+01
  0.15289685E+00  0.15688267E+01
  0.15344684E+00  0.15620169E+01
  0.15399683E+00  0.15551785E+01
  0.15454682E+00  0.15483119E+01
  0.15509681E+00  0.15414175E+01
  0.15564680E+00  0.15344960E+01
  0.15619679E+00  0.15275478E+01
  0.15674678E+00  0.15205735E+01
  0.15729676E+00  0.15135736E+01
  0.15784675E+00  0.15065486E+01
  0.15839674E+00  0.14994993E+01
  0.15894673E+00  0.14924264E+01
  0.15949672E+00  0.14853305E+01
  0.16004671E+00  0.14782127E+01
  0.16059670E+00  0.14710736E+01
  0.16114669E+00  0.14639144E+01
  0.16169667E+00  0.14567359E+01
  0.16224666E+00  0.14495390E+01
  0.16279665E+00  0.14423248E+01
  0.16334664E+00  0.14350942E+01
  0.16389663E+00  0.14278481E+01
  0.16444662E+00  0.14205873E+01
  0.16499661E+00  0.14133126E+01
  0.16554659E+00  0.14060249E+01
  0.16609658E+00  0.13987249E+01
  0.16664657E+00  0.13914132E+01
  0.16719656E+00  0.13840905E+01
  0.16774655E+00  0.13767575E+01
  0.16829654E+00  0.13694146E+01
  0.16884653E+00  0.13620623E+01
  0.16939652E+00  0.13547012E+01
  0.16994650E+00  0.13473316E+01
  0.17049649E+00  0.13399539E+01
  0.17104648E+00  0.13325685E+01
  0.17159647E+00  0.13251758E+01
  0.17214646E+00  0.13177764E+01
  0.17269645E+00  0.13103708E+01
  0.17324644E+00  0.21297827E+01
  0.17379642E+00  0.21208452E+01
  0.17434641E+00  0.21119118E+01
  0.17489640E+00  0.21029838E+01
  0.17544639E+00  0.20940636E+01
  0.17599638E+00  0.20851545E+01
  0.17654637E+00  0.20762600E+01
  0.17709636E+00  0.20673821E+01
  0.17764635E+00  0.20585195E+01
  0.17819633E+00  0.20496685E+01
  0.17874632E+00  0.20408251E+01
  0.17929631E+00  0.20319866E+01
  0.17984630E+00  0.20231524E+01
  0.18039629E+00  0.20143226E+01
  0.18094628E+00  0.20054982E+01
  0.18149627E+00  0.19966800E+01
  0.18204626E+00  0.19878689E+01
  0.18259624E+00  0.19790656E+01
  0.18314623E+00  0.19702705E+01
  0.18369622E+00  0.19614842E+01
  0.18424621E+00  0.19527069E+01
  0.18479620E+00  0.19439392E+01
  0.18534619E+00  0.19351813E+01
  0.18589618E+00  0.19264337E+01
  0.18644616E+00  0.19176972E+01
  0.18699615E+00  0.19089724E+01
  0.18754614E+00  0.19002606E+01
  0.18809613E+00  0.18915635E+01
  0.18864612E+00  0.18828837E+01
  0.18919611E+00  0.18742243E+01
  0.18974610E+00  0.18655895E+01
  0.19029609E+00  0.18569818E+01
  0.19084607E+00  0.18483976E+01
  0.19139606E+00  0.18398183E+01
  0.19194605E+00  0.18312129E+01
  0.19249604E+00  0.18225631E+01
  0.19304603E+00  0.18138821E+01
  0.19359602E+00  0.18051969E+01
  0.19414601E+00  0.17965256E+01
  0.19469600E+00  0.17878745E+01
  0.19524598E+00  0.17792439E+01
  0.19579597E+00  0.17706318E+01
  0.19634596E+00  0.17620363E+01
  0.19689595E+00  0.17534555E+01
  0.19744594E+00  0.17448880E+01
  0.19799593E+00  0.17363329E+01
  0.19854592E+00  0.17277894E+01
  0.19909590E+00  0.17192572E+01
  0.19964589E+00  0.17107363E+01
  0.20019588E+00  0.17022272E+01
  0.20074587E+00  0.16937311E+01
  0.20129586E+00  0.16852497E+01
  0.20184585E+00  0.16767857E+01
  0.20239584E+00  0.16683420E+01
  0.20294583E+00  0.16599223E+01
  0.20349581E+00  0.16515297E+01
  0.20404580E+00  0.16431666E+01
  0.20459579E+00  0.16348341E+01
  0.20514578E+00  0.16265320E+01
  0.20569577E+00  0.16182586E+01
  0.20624576E+00  0.16100117E+01
  0.20679575E+00  0.16017888E+01
  0.20734573E+00  0.15935872E+01
  0.20789572E+00  0.15854044E+01
  0.20844571E+00  0.15772379E+01
  0.20899570E+00  0.15690851E+01
  0.20954569E+00  0.15609430E+01
  0.21009568E+00  0.84172480E+00
  0.21064567E+00  0.83601694E+00
  0.21119566E+00  0.83034172E+00
  0.21174564E+00  0.82469598E+00
  0.21229563E+00  0.81907743E+00
  0.21284562E+00  0.81348510E+00
  0.21339561E+00  0.80791959E+00
  0.21394560E+00  0.80238299E+00
  0.21449559E+00  0.79687855E+00
  0.21504558E+00  0.79141022E+00
  0.21559557E+00  0.78598228E+00
  0.21614555E+00  0.78059903E+00
  0.21669554E+00  0.77526481E+00
  0.21724553E+00  0.76998407E+00
  0.21779552E+00  0.76476151E+00
  0.21834551E+00  0.75960218E+00
  0.21889550E+00  0.75451139E+00
  0.21944549E+00  0.74949430E+00
  0.21999547E+00  0.74455518E+00
  0.22054546E+00  0.73969661E+00
  0.22109545E+00  0.73491883E+00
  0.22164544E+00  0.73021947E+00
  0.22219543E+00  0.72559400E+00
  0.22274542E+00  0.72103654E+00
  0.22329541E+00  0.71654081E+00
  0.22384540E+00  0.71210095E+00
  0.22439538E+00  0.70771194E+00
  0.22494537E+00  0.70336977E+00
  0.22549536E+00  0.69907130E+00
  0.22604535E+00  0.69481418E+00
  0.22659534E+00  0.69059662E+00
  0.22714533E+00  0.68641734E+00
  0.22769532E+00  0.68227554E+00
  0.22824530E+00  0.67817094E+00
  0.22879529E+00  0.67410377E+00
  0.22934528E+00  0.67007477E+00
  0.22989527E+00  0.66608514E+00
  0.23044526E+00  0.66213641E+00
  0.23099525E+00  0.65823029E+00
  0.23154524E+00  0.65436848E+00
  0.23209523E+00  0.65055255E+00
  0.23264521E+00  0.64678384E+00
  0.23319520E+00  0.64306335E+00
  0.23374519E+00  0.63939173E+00
  0.23429518E+00  0.63576930E+00
  0.23484517E+00  0.63219601E+00
  0.23539516E+00  0.62867156E+00
  0.23594515E+00  0.62519540E+00
  0.23649514E+00  0.62176681E+00
  0.23704512E+00  0.61838497E+00
  0.23759511E+00  0.61504897E+00
  0.23814510E+00  0.61175787E+00
  0.23869509E+00  0.60851074E+00
  0.23924508E+00  0.60530672E+00
  0.23979507E+00  0.60214500E+00
  0.24034506E+00  0.59902490E+00
  0.24089504E+00  0.59594581E+00
  0.24144503E+00  0.59290724E+00
  0.24199502E+00  0.58990875E+00
  0.24254501E+00  0.58694999E+00
  0.24309500E+00  0.58403063E+00
  0.24364499E+00  0.58115036E+00
  0.24419498E+00  0.57830893E+00
  0.24474497E+00  0.57550611E+00
  0.24529495E+00  0.57274178E+00
  0.24584494E+00  0.57001588E+00
  0.24639493E+00  0.56732853E+00
  0.24694492E+00  0.56468005E+00
  0.24749491E+00  0.56207100E+00
  0.24804490E+00  0.55950213E+00
  0.24859489E+00  0.55697404E+00
  0.24914488E+00  0.55448624E+00
  0.24969486E+00  0.55203502E+00
  0.25024485E+00  0.54961109E+00
  0.25079484E+00  0.54720143E+00
  0.25134483E+00  0.54479995E+00
  0.25189482E+00  0.54241709E+00
  0.25244481E+00  0.54007933E+00
  0.25299480E+00  0.53785278E+00
  0.25354478E+00  0.53562683E+00
  0.25409477E+00  0.53322446E+00
  0.25464476E+00  0.53096100E+00
  0.25519475E+00  0.52875999E+00
  0.25574474E+00  0.52659846E+00
  0.25629473E+00  0.52447017E+00
  0.25684472E+00  0.52237293E+00
  0.25739471E+00  0.52030591E+00
  0.25794469E+00  0.51826884E+00
  0.25849468E+00  0.51626144E+00
  0.25904467E+00  0.51428263E+00
  0.25959466E+00  0.51232933E+00
  0.26014465E+00  0.51039501E+00
  0.26069464E+00  0.50846953E+00
  0.26124463E+00  0.50654229E+00
  0.26179461E+00  0.50460838E+00
  0.26234460E+00  0.50267181E+00
  0.26289459E+00  0.50074178E+00
  0.26344458E+00  0.49882635E+00
  0.26399457E+00  0.49692944E+00
  0.26454456E+00  0.49505161E+00
  0.26509455E+00  0.49319201E+00
  0.26564454E+00  0.49134982E+00
  0.26619452E+00  0.48952481E+00
  0.26674451E+00  0.48771717E+00
  0.26729450E+00  0.48592718E+00
  0.26784449E+00  0.48415492E+00
  0.26839448E+00  0.48240020E+00
  0.26894447E+00  0.48066261E+00
  0.26949446E+00  0.47894158E+00
  0.27004445E+00  0.47723651E+00
  0.27059443E+00  0.47554677E+00
  0.27114442E+00  0.47387177E+00
  0.27169441E+00  0.47221095E+00
  0.27224440E+00  0.47056381E+00
  0.27279439E+00  0.46892982E+00
  0.27334438E+00  0.46730851E+00
  0.27389437E+00  0.46569934E+00
  0.27444435E+00  0.46410181E+00
  0.27499434E+00  0.46251535E+00
  0.27554433E+00  0.46093944E+00
  0.27609432E+00  0.45937354E+00
  0.27664431E+00  0.45781719E+00
  0.27719430E+00  0.45626998E+00
  0.27774429E+00  0.45473157E+00
  0.27829428E+00  0.45320171E+00
  0.27884426E+00  0.45168024E+00
  0.27939425E+00  0.45016700E+00
  0.27994424E+00  0.44866193E+00
  0.28049423E+00  0.44716496E+00
  0.28104422E+00  0.44567602E+00
  0.28159421E+00  0.44419508E+00
  0.28214420E+00  0.44272209E+00
  0.28269418E+00  0.44125700E+00
  0.28324417E+00  0.43979976E+00
  0.28379416E+00  0.43835031E+00
  0.28434415E+00  0.43690862E+00
  0.28489414E+00  0.43547463E+00
  0.28544413E+00  0.43404830E+00
  0.28599412E+00  0.43262960E+00
  0.28654411E+00  0.43121850E+00
  0.28709409E+00  0.42981499E+00
  0.28764408E+00  0.42841907E+00
  0.28819407E+00  0.42703073E+00
  0.28874406E+00  0.42565002E+00
  0.28929405E+00  0.42427695E+00
  0.28984404E+00  0.42291158E+00
  0.29039403E+00  0.42155398E+00
  0.29094402E+00  0.42020423E+00
  0.29149400E+00  0.41886242E+00
  0.29204399E+00  0.41752867E+00
  0.29259398E+00  0.41620309E+00
  0.29314397E+00  0.41488581E+00
  0.29369396E+00  0.41357699E+00
  0.29424395E+00  0.41227678E+00
  0.29479394E+00  0.41098532E+00
  0.29534392E+00  0.40970279E+00
  0.29589391E+00  0.40842935E+00
  0.29644390E+00  0.40716515E+00
  0.29699389E+00  0.40591035E+00
  0.29754388E+00  0.40466509E+00
  0.29809387E+00  0.40342951E+00
  0.29864386E+00  0.40220373E+00
  0.29919385E+00  0.40098784E+00
  0.29974383E+00  0.39978193E+00
  0.30029382E+00  0.39858606E+00
  0.30084381E+00  0.39740027E+00
  0.30139380E+00  0.39622459E+00
  0.30194379E+00  0.39505902E+00
  0.30249378E+00  0.39390353E+00
  0.30304377E+00  0.39275807E+00
  0.30359375E+00  0.39162261E+00
  0.30414374E+00  0.39049706E+00
  0.30469373E+00  0.38938134E+00
  0.30524372E+00  0.38827535E+00
  0.30579371E+00  0.38717901E+00
  0.30634370E+00  0.38609220E+00
  0.30689369E+00  0.38501483E+00
  0.30744368E+00  0.38394678E+00
  0.30799366E+00  0.38288797E+00
  0.30854365E+00  0.38183829E+00
  0.30909364E+00  0.38079766E+00
  0.30964363E+00  0.37976600E+00
  0.31019362E+00  0.37874323E+00
  0.31074361E+00  0.37772928E+00
  0.31129360E+00  0.37672410E+00
  0.31184359E+00  0.37572764E+00
  0.31239357E+00  0.37473987E+00
  0.31294356E+00  0.37376073E+00
  0.31349355E+00  0.37279022E+00
  0.31404354E+00  0.37182830E+00
  0.31459353E+00  0.37087497E+00
  0.31514352E+00  0.36993021E+00
  0.31569351E+00  0.36899401E+00
  0.31624349E+00  0.36806637E+00
  0.31679348E+00  0.36714728E+00
  0.31734347E+00  0.36623674E+00
  0.31789346E+00  0.36319621E+00
  0.31844345E+00  0.36192494E+00
  0.31899344E+00  0.36067175E+00
  0.31954343E+00  0.35943656E+00
  0.32009342E+00  0.35821928E+00
  0.32064340E+00  0.35701980E+00
  0.32119339E+00  0.35583803E+00
  0.32174338E+00  0.35467384E+00
  0.32229337E+00  0.35352711E+00
  0.32284336E+00  0.35239771E+00
  0.32339335E+00  0.35128550E+00
  0.32394334E+00  0.35019034E+00
  0.32449333E+00  0.34911208E+00
  0.32504331E+00  0.34805058E+00
  0.32559330E+00  0.34700569E+00
  0.32614329E+00  0.34597728E+00
  0.32669328E+00  0.34496523E+00
  0.32724327E+00  0.34396943E+00
  0.32779326E+00  0.34298981E+00
  0.32834325E+00  0.34202635E+00
  0.32889323E+00  0.34107906E+00
  0.32944322E+00  0.34014802E+00
  0.32999321E+00  0.33923339E+00
  0.33054320E+00  0.33833542E+00
  0.33109319E+00  0.33745443E+00
  0.33164318E+00  0.33659080E+00
  0.33219317E+00  0.33574495E+00
  0.33274316E+00  0.33491730E+00
  0.33329314E+00  0.33410820E+00
  0.33384313E+00  0.33331791E+00
  0.33439312E+00  0.33254656E+00
  0.33494311E+00  0.33179411E+00
  0.33549310E+00  0.33106044E+00
  0.33604309E+00  0.33034531E+00
  0.33659308E+00  0.32964843E+00
  0.33714306E+00  0.32896954E+00
  0.33769305E+00  0.32830838E+00
  0.33824304E+00  0.32766479E+00
  0.33879303E+00  0.32703867E+00
  0.33934302E+00  0.32643004E+00
  0.33989301E+00  0.32583899E+00
  0.34044300E+00  0.32526573E+00
  0.34099299E+00  0.32471054E+00
  0.34154297E+00  0.32417371E+00
  0.34209296E+00  0.32365540E+00
  0.34264295E+00  0.32315538E+00
  0.34319294E+00  0.32267261E+00
  0.34374293E+00  0.32220455E+00
  0.34429292E+00  0.32174677E+00
  0.34484291E+00  0.32129345E+00
  0.34539290E+00  0.32083947E+00
  0.34594288E+00  0.32038348E+00
  0.34649287E+00  0.31992894E+00
  0.34704286E+00  0.31948203E+00
  0.34759285E+00  0.31904847E+00
  0.34814284E+00  0.31863192E+00
  0.34869283E+00  0.31823412E+00
  0.34924282E+00  0.31785574E+00
  0.34979280E+00  0.31749723E+00
  0.35034279E+00  0.31715930E+00
  0.35089278E+00  0.31684318E+00
  0.35144277E+00  0.31655057E+00
  0.35199276E+00  0.31628351E+00
  0.35254275E+00  0.31604397E+00
  0.35309274E+00  0.31583347E+00
  0.35364273E+00  0.31565259E+00
  0.35419271E+00  0.31550079E+00
  0.35474270E+00  0.31537635E+00
  0.35529269E+00  0.31527668E+00
  0.35584268E+00  0.31519875E+00
  0.35639267E+00  0.31513949E+00
  0.35694266E+00  0.31509622E+00
  0.35749265E+00  0.31506676E+00
  0.35804263E+00  0.31504956E+00
  0.35859262E+00  0.31504357E+00
  0.35914261E+00  0.31504821E+00
  0.35969260E+00  0.31506324E+00
  0.36024259E+00  0.31508860E+00
  0.36079258E+00  0.31512443E+00
  0.36134257E+00  0.31517092E+00
  0.36189256E+00  0.31522830E+00
  0.36244254E+00  0.31529681E+00
  0.36299253E+00  0.31537667E+00
  0.36354252E+00  0.31546810E+00
  0.36409251E+00  0.31557128E+00
  0.36464250E+00  0.31568635E+00
  0.36519249E+00  0.31581341E+00
  0.36574248E+00  0.31595252E+00
  0.36629247E+00  0.31610363E+00
  0.36684245E+00  0.31626653E+00
  0.36739244E+00  0.31644078E+00
  0.36794243E+00  0.31662675E+00
  0.36849242E+00  0.31682816E+00
  0.36904241E+00  0.31704493E+00
  0.36959240E+00  0.31727356E+00
  0.37014239E+00  0.31751376E+00
  0.37069237E+00  0.31776597E+00
  0.37124236E+00  0.31803044E+00
  0.37179235E+00  0.31830731E+00
  0.37234234E+00  0.31859663E+00
  0.37289233E+00  0.31889843E+00
  0.37344232E+00  0.31921274E+00
  0.37399231E+00  0.31953955E+00
  0.37454230E+00  0.31987888E+00
  0.37509228E+00  0.32023072E+00
  0.37564227E+00  0.32059507E+00
  0.37619226E+00  0.32097193E+00
  0.37674225E+00  0.32136129E+00
  0.37729224E+00  0.32176315E+00
  0.37784223E+00  0.32217750E+00
  0.37839222E+00  0.32260434E+00
  0.37894221E+00  0.32304364E+00
  0.37949219E+00  0.32349540E+00
  0.38004218E+00  0.32395962E+00
  0.38059217E+00  0.32443627E+00
  0.38114216E+00  0.32492536E+00
  0.38169215E+00  0.32542690E+00
  0.38224214E+00  0.32594090E+00
  0.38279213E+00  0.32646740E+00
  0.38334211E+00  0.32700645E+00
  0.38389210E+00  0.32755813E+00
  0.38444209E+00  0.32812258E+00
  0.38499208E+00  0.32869997E+00
  0.38554207E+00  0.32929054E+00
  0.38609206E+00  0.32989459E+00
  0.38664205E+00  0.33051250E+00
  0.38719204E+00  0.33114475E+00
  0.38774202E+00  0.33179186E+00
  0.38829201E+00  0.33245447E+00
  0.38884200E+00  0.33313323E+00
  0.38939199E+00  0.33382883E+00
  0.38994198E+00  0.33454189E+00
  0.39049197E+00  0.33527297E+00
  0.39104196E+00  0.33602243E+00
  0.39159194E+00  0.33679045E+00
  0.39214193E+00  0.33757693E+00
  0.39269192E+00  0.33838151E+00
  0.39324191E+00  0.33920360E+00
  0.39379190E+00  0.34004237E+00
  0.39434189E+00  0.34089683E+00
  0.39489188E+00  0.34176592E+00
  0.39544187E+00  0.34264848E+00
  0.39599185E+00  0.34354336E+00
  0.39654184E+00  0.34444935E+00
  0.39709183E+00  0.34536525E+00
  0.39764182E+00  0.34628983E+00
  0.39819181E+00  0.34722183E+00
  0.39874180E+00  0.34816004E+00
  0.39929179E+00  0.34910337E+00
  0.39984178E+00  0.35005090E+00
  0.40039176E+00  0.35100205E+00
  0.40094175E+00  0.35195664E+00
  0.40149174E+00  0.35291489E+00
  0.40204173E+00  0.35387740E+00
  0.40259172E+00  0.35484508E+00
  0.40314171E+00  0.35581902E+00
  0.40369170E+00  0.35680041E+00
  0.40424168E+00  0.35779053E+00
  0.40479167E+00  0.35879079E+00
  0.40534166E+00  0.35980307E+00
  0.40589165E+00  0.36083064E+00
  0.40644164E+00  0.36188116E+00
  0.40699163E+00  0.36297885E+00
  0.40754162E+00  0.36423576E+00
  0.40809161E+00  0.36635647E+00
  0.40864159E+00  0.36706659E+00
  0.40919158E+00  0.36739105E+00
  0.40974157E+00  0.36831292E+00
  0.41029156E+00  0.36935363E+00
  0.41084155E+00  0.37043506E+00
  0.41139154E+00  0.37153818E+00
  0.41194153E+00  0.37265657E+00
  0.41249151E+00  0.37378761E+00
  0.41304150E+00  0.37493001E+00
  0.41359149E+00  0.37608307E+00
  0.41414148E+00  0.37724639E+00
  0.41469147E+00  0.37841969E+00
  0.41524146E+00  0.37960277E+00
  0.41579145E+00  0.38079548E+00
  0.41634144E+00  0.38199769E+00
  0.41689142E+00  0.38320928E+00
  0.41744141E+00  0.38443014E+00
  0.41799140E+00  0.38566015E+00
  0.41854139E+00  0.38689917E+00
  0.41909138E+00  0.38814708E+00
  0.41964137E+00  0.38940373E+00
  0.42019136E+00  0.39066896E+00
  0.42074135E+00  0.39194263E+00
  0.42129133E+00  0.39322460E+00
  0.42184132E+00  0.39451476E+00
  0.42239131E+00  0.39581311E+00
  0.42294130E+00  0.39711977E+00
  0.42349129E+00  0.39843501E+00
  0.42404128E+00  0.39975930E+00
  0.42459127E+00  0.40109325E+00
  0.42514125E+00  0.40243741E+00
  0.42569124E+00  0.40379212E+00
  0.42624123E+00  0.40515735E+00
  0.42679122E+00  0.40653268E+00
  0.42734121E+00  0.40791741E+00
  0.42789120E+00  0.40931081E+00
  0.42844119E+00  0.41071220E+00
  0.42899118E+00  0.41212105E+00
  0.42954116E+00  0.41353700E+00
  0.43009115E+00  0.41495981E+00
  0.43064114E+00  0.41638934E+00
  0.43119113E+00  0.41782550E+00
  0.43174112E+00  0.41926826E+00
  0.43229111E+00  0.42071758E+00
  0.43284110E+00  0.42217346E+00
  0.43339109E+00  0.42363592E+00
  0.43394107E+00  0.42510494E+00
  0.43449106E+00  0.42658055E+00
  0.43504105E+00  0.42806276E+00
  0.43559104E+00  0.42955159E+00
  0.43614103E+00  0.43104704E+00
  0.43669102E+00  0.43254914E+00
  0.43724101E+00  0.43405789E+00
  0.43779099E+00  0.43557329E+00
  0.43834098E+00  0.43709535E+00
  0.43889097E+00  0.43862405E+00
  0.43944096E+00  0.44015938E+00
  0.43999095E+00  0.44170131E+00
  0.44054094E+00  0.44324981E+00
  0.44109093E+00  0.44480482E+00
  0.44164092E+00  0.44636629E+00
  0.44219090E+00  0.44793415E+00
  0.44274089E+00  0.44950832E+00
  0.44329088E+00  0.45108871E+00
  0.44384087E+00  0.45267522E+00
  0.44439086E+00  0.45426777E+00
  0.44494085E+00  0.45586625E+00
  0.44549084E+00  0.45747056E+00
  0.44604082E+00  0.45908063E+00
  0.44659081E+00  0.46069638E+00
  0.44714080E+00  0.46231773E+00
  0.44769079E+00  0.46394466E+00
  0.44824078E+00  0.46557710E+00
  0.44879077E+00  0.46721506E+00
  0.44934076E+00  0.46885850E+00
  0.44989075E+00  0.47050742E+00
  0.45044073E+00  0.47216181E+00
  0.45099072E+00  0.47382165E+00
  0.45154071E+00  0.47548692E+00
  0.45209070E+00  0.47715759E+00
  0.45264069E+00  0.47883360E+00
  0.45319068E+00  0.48051489E+00
  0.45374067E+00  0.48220139E+00
  0.45429066E+00  0.48389299E+00
  0.45484064E+00  0.48558960E+00
  0.45539063E+00  0.48729108E+00
  0.45594062E+00  0.48899727E+00
  0.45649061E+00  0.49070798E+00
  0.45704060E+00  0.49242298E+00
  0.45759059E+00  0.49414197E+00
  0.45814058E+00  0.49586455E+00
  0.45869056E+00  0.49759025E+00
  0.45924055E+00  0.49931857E+00
  0.45979054E+00  0.50104925E+00
  0.46034053E+00  0.50278274E+00
  0.46089052E+00  0.50452050E+00
  0.46144051E+00  0.50626430E+00
  0.46199050E+00  0.50801479E+00
  0.46254049E+00  0.50977106E+00
  0.46309047E+00  0.51153171E+00
  0.46364046E+00  0.51329573E+00
  0.46419045E+00  0.51506274E+00
  0.46474044E+00  0.51683279E+00
  0.46529043E+00  0.51860618E+00
  0.46584042E+00  0.52038322E+00
  0.46639041E+00  0.52216416E+00
  0.46694039E+00  0.52394913E+00
  0.46749038E+00  0.52573812E+00
  0.46804037E+00  0.52753101E+00
  0.46859036E+00  0.52932764E+00
  0.46914035E+00  0.53112782E+00
  0.46969034E+00  0.53293139E+00
  0.47024033E+00  0.53473819E+00
  0.47079032E+00  0.53654807E+00
  0.47134030E+00  0.53836091E+00
  0.47189029E+00  0.54017660E+00
  0.47244028E+00  0.54199505E+00
  0.47299027E+00  0.54381616E+00
  0.47354026E+00  0.54563984E+00
  0.47409025E+00  0.54746599E+00
  0.47464024E+00  0.54929451E+00
  0.47519023E+00  0.55112531E+00
  0.47574021E+00  0.55295828E+00
  0.47629020E+00  0.55479330E+00
  0.47684019E+00  0.55663025E+00
  0.47739018E+00  0.55846902E+00
  0.47794017E+00  0.56030947E+00
  0.47849016E+00  0.56215148E+00
  0.47904015E+00  0.56399492E+00
  0.47959013E+00  0.56583966E+00
  0.48014012E+00  0.56768562E+00
  0.48069011E+00  0.56953270E+00
  0.48124010E+00  0.57138084E+00
  0.48179009E+00  0.57323004E+00
  0.48234008E+00  0.57508033E+00
  0.48289007E+00  0.57693178E+00
  0.48344006E+00  0.57878451E+00
  0.48399004E+00  0.58063868E+00
  0.48454003E+00  0.58249442E+00
  0.48509002E+00  0.58435185E+00
  0.48564001E+00  0.58621098E+00
  0.48619000E+00  0.58807173E+00
  0.48673999E+00  0.58993393E+00
  0.48728998E+00  0.59179727E+00
  0.48783996E+00  0.59366142E+00
  0.48838995E+00  0.59552601E+00
  0.48893994E+00  0.59739070E+00
  0.48948993E+00  0.59925517E+00
  0.49003992E+00  0.60111919E+00
  0.49058991E+00  0.60298254E+00
  0.49113990E+00  0.60484509E+00
  0.49168989E+00  0.60670670E+00
  0.49223987E+00  0.60856731E+00
  0.49278986E+00  0.61042683E+00
  0.49333985E+00  0.61228523E+00
  0.49388984E+00  0.61414246E+00
  0.49443983E+00  0.61599851E+00
  0.49498982E+00  0.61785337E+00
  0.49553981E+00  0.61970705E+00
  0.49608980E+00  0.62155959E+00
  0.49663978E+00  0.62341106E+00
  0.49718977E+00  0.62526157E+00
  0.49773976E+00  0.62711126E+00
  0.49828975E+00  0.62896035E+00
  0.49883974E+00  0.63080908E+00
  0.49938973E+00  0.63265776E+00
  0.49993972E+00  0.63450674E+00
  0.50048970E+00  0.63635639E+00
  0.50103969E+00  0.63820708E+00
  0.50158968E+00  0.64005916E+00
  0.50213967E+00  0.64191290E+00
  0.50268966E+00  0.64376845E+00
  0.50323965E+00  0.64562585E+00
  0.50378964E+00  0.64748493E+00
  0.50433963E+00  0.64934540E+00
  0.50488961E+00  0.65120681E+00
  0.50543960E+00  0.65306859E+00
  0.50598959E+00  0.65493012E+00
  0.50653958E+00  0.65679073E+00
  0.50708957E+00  0.65864980E+00
  0.50763956E+00  0.66050671E+00
  0.50818955E+00  0.66236096E+00
  0.50873954E+00  0.66421207E+00
  0.50928952E+00  0.66605968E+00
  0.50983951E+00  0.66790346E+00
  0.51038950E+00  0.66974318E+00
  0.51093949E+00  0.67157863E+00
  0.51148948E+00  0.67340966E+00
  0.51203947E+00  0.67523615E+00
  0.51258946E+00  0.67705801E+00
  0.51313944E+00  0.67887518E+00
  0.51368943E+00  0.68068759E+00
  0.51423942E+00  0.68249524E+00
  0.51478941E+00  0.68429809E+00
  0.51533940E+00  0.68609616E+00
  0.51588939E+00  0.68788944E+00
  0.51643938E+00  0.68967796E+00
  0.51698937E+00  0.69146174E+00
  0.51753935E+00  0.69324081E+00
  0.51808934E+00  0.69501519E+00
  0.51863933E+00  0.69678492E+00
  0.51918932E+00  0.69855001E+00
  0.51973931E+00  0.70031049E+00
  0.52028930E+00  0.70206637E+00
  0.52083929E+00  0.70381765E+00
  0.52138927E+00  0.70556432E+00
  0.52193926E+00  0.70730637E+00
  0.52248925E+00  0.70904378E+00
  0.52303924E+00  0.71077652E+00
  0.52358923E+00  0.71250455E+00
  0.52413922E+00  0.71422781E+00
  0.52468921E+00  0.71594626E+00
  0.52523920E+00  0.71765984E+00
  0.52578918E+00  0.71936847E+00
  0.52633917E+00  0.72107210E+00
  0.52688916E+00  0.72277064E+00
  0.52743915E+00  0.72446402E+00
  0.52798914E+00  0.72615216E+00
  0.52853913E+00  0.72783497E+00
  0.52908912E+00  0.72951236E+00
  0.52963911E+00  0.73118425E+00
  0.53018909E+00  0.73285055E+00
  0.53073908E+00  0.73451116E+00
  0.53128907E+00  0.73616600E+00
  0.53183906E+00  0.73781498E+00
  0.53238905E+00  0.73945801E+00
  0.53293904E+00  0.74109503E+00
  0.53348903E+00  0.74272597E+00
  0.53403901E+00  0.74435076E+00
  0.53458900E+00  0.74596936E+00
  0.53513899E+00  0.74758174E+00
  0.53568898E+00  0.74918787E+00
  0.53623897E+00  0.75078775E+00
  0.53678896E+00  0.75238137E+00
  0.53733895E+00  0.75396873E+00
  0.53788894E+00  0.75554983E+00
  0.53843892E+00  0.75712466E+00
  0.53898891E+00  0.75869322E+00
  0.53953890E+00  0.76025546E+00
  0.54008889E+00  0.76181133E+00
  0.54063888E+00  0.76336075E+00
  0.54118887E+00  0.76490363E+00
  0.54173886E+00  0.76643983E+00
  0.54228884E+00  0.76796921E+00
  0.54283883E+00  0.76949160E+00
  0.54338882E+00  0.77100681E+00
  0.54393881E+00  0.77251467E+00
  0.54448880E+00  0.77401497E+00
  0.54503879E+00  0.77550753E+00
  0.54558878E+00  0.77699215E+00
  0.54613877E+00  0.77846869E+00
  0.54668875E+00  0.77993698E+00
  0.54723874E+00  0.78139690E+00
  0.54778873E+00  0.78284837E+00
  0.54833872E+00  0.78429132E+00
  0.54888871E+00  0.78572575E+00
  0.54943870E+00  0.78715169E+00
  0.54998902E+00  0.78856919E+00
  0.55053934E+00  0.78967605E+00
  0.55108967E+00  0.79075850E+00
  0.55163999E+00  0.79181654E+00
  0.55219031E+00  0.79285016E+00
  0.55274063E+00  0.79385936E+00
  0.55329096E+00  0.79484415E+00
  0.55384128E+00  0.79580451E+00
  0.55439160E+00  0.79674045E+00
  0.55494192E+00  0.79765193E+00
  0.55549225E+00  0.79853894E+00
  0.55604257E+00  0.79940145E+00
  0.55659289E+00  0.80023942E+00
  0.55714321E+00  0.80105283E+00
  0.55769354E+00  0.80184163E+00
  0.55824386E+00  0.80260580E+00
  0.55879418E+00  0.80334529E+00
  0.55934450E+00  0.80406006E+00
  0.55989483E+00  0.80475009E+00
  0.56044515E+00  0.80541534E+00
  0.56099547E+00  0.80605577E+00
  0.56154579E+00  0.80667137E+00
  0.56209612E+00  0.80726210E+00
  0.56264644E+00  0.80782793E+00
  0.56319676E+00  0.80836884E+00
  0.56374708E+00  0.80888481E+00
  0.56429741E+00  0.80937581E+00
  0.56484773E+00  0.80984184E+00
  0.56539805E+00  0.81028287E+00
  0.56594837E+00  0.81069889E+00
  0.56649870E+00  0.81108989E+00
  0.56704902E+00  0.81145585E+00
  0.56759934E+00  0.81179676E+00
  0.56814966E+00  0.81211263E+00
  0.56869998E+00  0.81240344E+00
  0.56925031E+00  0.81266920E+00
  0.56980063E+00  0.81290991E+00
  0.57035095E+00  0.81312556E+00
  0.57090127E+00  0.81331616E+00
  0.57145160E+00  0.81348171E+00
  0.57200192E+00  0.81362224E+00
  0.57255224E+00  0.81373775E+00
  0.57310256E+00  0.81382825E+00
  0.57365289E+00  0.81389376E+00
  0.57420321E+00  0.81393429E+00
  0.57475353E+00  0.81394988E+00
  0.57530385E+00  0.81394055E+00
  0.57585418E+00  0.81390631E+00
  0.57640450E+00  0.81384720E+00
  0.57695482E+00  0.81376326E+00
  0.57750514E+00  0.81365451E+00
  0.57805547E+00  0.81352099E+00
  0.57860579E+00  0.81336274E+00
  0.57915611E+00  0.81317980E+00
  0.57970643E+00  0.81297221E+00
  0.58025676E+00  0.81274003E+00
  0.58080708E+00  0.81248329E+00
  0.58135740E+00  0.81220205E+00
  0.58190772E+00  0.81189637E+00
  0.58245805E+00  0.81156630E+00
  0.58300837E+00  0.81121189E+00
  0.58355869E+00  0.81083321E+00
  0.58410901E+00  0.81043033E+00
  0.58465934E+00  0.81000330E+00
  0.58520966E+00  0.80955220E+00
  0.58575998E+00  0.80907709E+00
  0.58631030E+00  0.80857805E+00
  0.58686063E+00  0.80805517E+00
  0.58741095E+00  0.80750850E+00
  0.58796127E+00  0.80693815E+00
  0.58851159E+00  0.80634418E+00
  0.58906192E+00  0.80572669E+00
  0.58961224E+00  0.80508577E+00
  0.59016256E+00  0.80442150E+00
  0.59071288E+00  0.80373399E+00
  0.59126321E+00  0.80302332E+00
  0.59181353E+00  0.80228961E+00
  0.59236385E+00  0.80153294E+00
  0.59291417E+00  0.80075343E+00
  0.59346450E+00  0.79995119E+00
  0.59401482E+00  0.79912632E+00
  0.59456514E+00  0.79827894E+00
  0.59511546E+00  0.79740915E+00
  0.59566579E+00  0.79651709E+00
  0.59621611E+00  0.79560287E+00
  0.59676643E+00  0.79466661E+00
  0.59731675E+00  0.79370844E+00
  0.59786708E+00  0.79272848E+00
  0.59841740E+00  0.79172687E+00
  0.59896772E+00  0.79070373E+00
  0.59951804E+00  0.78965919E+00
  0.60006837E+00  0.78859340E+00
  0.60061869E+00  0.78750649E+00
  0.60116901E+00  0.78639860E+00
  0.60171933E+00  0.78526986E+00
  0.60226966E+00  0.78412042E+00
  0.60281998E+00  0.78295042E+00
  0.60337030E+00  0.78176000E+00
  0.60392062E+00  0.78054931E+00
  0.60447095E+00  0.77931848E+00
  0.60502127E+00  0.77806768E+00
  0.60557159E+00  0.77679703E+00
  0.60612191E+00  0.77550669E+00
  0.60667224E+00  0.77419681E+00
  0.60722256E+00  0.77286752E+00
  0.60777288E+00  0.77151897E+00
  0.60832320E+00  0.77015131E+00
  0.60887353E+00  0.76876468E+00
  0.60942385E+00  0.76735923E+00
  0.60997417E+00  0.76593510E+00
  0.61052449E+00  0.76449244E+00
  0.61107482E+00  0.76303138E+00
  0.61162514E+00  0.76155206E+00
  0.61217546E+00  0.76005464E+00
  0.61272578E+00  0.75853924E+00
  0.61327611E+00  0.75700601E+00
  0.61382643E+00  0.75545509E+00
  0.61437675E+00  0.75388661E+00
  0.61492707E+00  0.75230071E+00
  0.61547740E+00  0.75069753E+00
  0.61602772E+00  0.74907721E+00
  0.61657804E+00  0.74743989E+00
  0.61712836E+00  0.74578569E+00
  0.61767869E+00  0.74411476E+00
  0.61822901E+00  0.74242724E+00
  0.61877933E+00  0.74072327E+00
  0.61932965E+00  0.73900298E+00
  0.61987998E+00  0.73726651E+00
  0.62043030E+00  0.73551401E+00
  0.62098062E+00  0.73374562E+00
  0.62153094E+00  0.73196148E+00
  0.62208127E+00  0.73016175E+00
  0.62263159E+00  0.72834659E+00
  0.62318191E+00  0.72651614E+00
  0.62373223E+00  0.72467056E+00
  0.62428256E+00  0.72281004E+00
  0.62483288E+00  0.72093474E+00
  0.62538320E+00  0.71904486E+00
  0.62593352E+00  0.71714060E+00
  0.62648385E+00  0.71522217E+00
  0.62703417E+00  0.71328984E+00
  0.62758449E+00  0.71134387E+00
  0.62813481E+00  0.70938461E+00
  0.62868514E+00  0.70741247E+00
  0.62923546E+00  0.70542800E+00
  0.62978578E+00  0.70343197E+00
  0.63033610E+00  0.70142550E+00
  0.63088643E+00  0.69941047E+00
  0.63143675E+00  0.69739017E+00
  0.63198707E+00  0.69537128E+00
  0.63253739E+00  0.69336894E+00
  0.63308772E+00  0.69142318E+00
  0.63363804E+00  0.68964105E+00
  0.63418836E+00  0.68790967E+00
  0.63473868E+00  0.68521410E+00
  0.63528901E+00  0.68271961E+00
  0.63583933E+00  0.68047098E+00
  0.63638965E+00  0.67827870E+00
  0.63693997E+00  0.67609313E+00
  0.63749030E+00  0.67389944E+00
  0.63804062E+00  0.67169097E+00
  0.63859094E+00  0.66946257E+00
  0.63914126E+00  0.66720857E+00
  0.63969159E+00  0.66492404E+00
  0.64024191E+00  0.66261577E+00
  0.64079223E+00  0.66033097E+00
  0.64134255E+00  0.65814601E+00
  0.64189288E+00  0.65603829E+00
  0.64244320E+00  0.65391216E+00
  0.64299352E+00  0.65173463E+00
  0.64354384E+00  0.64951609E+00
  0.64409417E+00  0.64727039E+00
  0.64464449E+00  0.64500640E+00
  0.64519481E+00  0.64272916E+00
  0.64574513E+00  0.64044154E+00
  0.64629546E+00  0.63814524E+00
  0.64684578E+00  0.63584135E+00
  0.64739610E+00  0.63353061E+00
  0.64794642E+00  0.63121357E+00
  0.64849675E+00  0.62889063E+00
  0.64904707E+00  0.62656215E+00
  0.64959739E+00  0.62422843E+00
  0.65014771E+00  0.62188973E+00
  0.65069804E+00  0.61954630E+00
  0.65124836E+00  0.61719836E+00
  0.65179868E+00  0.61484613E+00
  0.65234900E+00  0.61248981E+00
  0.65289933E+00  0.61012960E+00
  0.65344965E+00  0.60776568E+00
  0.65399997E+00  0.60539825E+00
  0.65455029E+00  0.60302747E+00
  0.65510062E+00  0.60065352E+00
  0.65565094E+00  0.59827657E+00
  0.65620126E+00  0.59589679E+00
  0.65675158E+00  0.59351433E+00
  0.65730191E+00  0.59112936E+00
  0.65785223E+00  0.58874203E+00
  0.65840255E+00  0.58635249E+00
  0.65895287E+00  0.58396090E+00
  0.65950320E+00  0.58156739E+00
  0.66005352E+00  0.57917213E+00
  0.66060384E+00  0.57677524E+00
  0.66115416E+00  0.57437686E+00
  0.66170449E+00  0.57197715E+00
  0.66225481E+00  0.56957623E+00
  0.66280513E+00  0.56717425E+00
  0.66335545E+00  0.56477133E+00
  0.66390578E+00  0.56236760E+00
  0.66445610E+00  0.55996321E+00
  0.66500642E+00  0.55755827E+00
  0.66555674E+00  0.55515291E+00
  0.66610707E+00  0.55274726E+00
  0.66665739E+00  0.55034145E+00
  0.66720771E+00  0.54793559E+00
  0.66775803E+00  0.54552980E+00
  0.66830836E+00  0.54312421E+00
  0.66885868E+00  0.54071892E+00
  0.66940900E+00  0.53831406E+00
  0.66995932E+00  0.53590974E+00
  0.67050965E+00  0.53350605E+00
  0.67105997E+00  0.53110311E+00
  0.67161029E+00  0.52870101E+00
  0.67216061E+00  0.52629986E+00
  0.67271094E+00  0.52389975E+00
  0.67326126E+00  0.52150076E+00
  0.67381158E+00  0.51910297E+00
  0.67436190E+00  0.51670647E+00
  0.67491223E+00  0.51431133E+00
  0.67546255E+00  0.51191760E+00
  0.67601287E+00  0.50952536E+00
  0.67656319E+00  0.50713464E+00
  0.67711352E+00  0.50474550E+00
  0.67766384E+00  0.50235798E+00
  0.67821416E+00  0.49997211E+00
  0.67876448E+00  0.49758793E+00
  0.67931481E+00  0.49520547E+00
  0.67986513E+00  0.49282476E+00
  0.68041545E+00  0.49044584E+00
  0.68096577E+00  0.48806877E+00
  0.68151610E+00  0.48569361E+00
  0.68206642E+00  0.48332044E+00
  0.68261674E+00  0.48094939E+00
  0.68316706E+00  0.47858060E+00
  0.68371739E+00  0.47621425E+00
  0.68426771E+00  0.47385057E+00
  0.68481803E+00  0.47148983E+00
  0.68536835E+00  0.46913234E+00
  0.68591867E+00  0.46677845E+00
  0.68646900E+00  0.46442853E+00
  0.68701932E+00  0.46208298E+00
  0.68756964E+00  0.45974222E+00
  0.68811996E+00  0.45740664E+00
  0.68867029E+00  0.45507664E+00
  0.68922061E+00  0.45275258E+00
  0.68977093E+00  0.45043479E+00
  0.69032125E+00  0.44812357E+00
  0.69087158E+00  0.44581917E+00
  0.69142190E+00  0.44352179E+00
  0.69197222E+00  0.44123161E+00
  0.69252254E+00  0.43894878E+00
  0.69307287E+00  0.43667341E+00
  0.69362319E+00  0.43440559E+00
  0.69417351E+00  0.43214539E+00
  0.69472383E+00  0.42989291E+00
  0.69527416E+00  0.42764825E+00
  0.69582448E+00  0.42541155E+00
  0.69637480E+00  0.42318303E+00
  0.69692512E+00  0.42096301E+00
  0.69747545E+00  0.41875185E+00
  0.69802577E+00  0.41654964E+00
  0.69857609E+00  0.41435539E+00
  0.69912641E+00  0.41216552E+00
  0.69967674E+00  0.40997379E+00
  0.70022706E+00  0.40777611E+00
  0.70077738E+00  0.40557611E+00
  0.70132770E+00  0.40338119E+00
  0.70187803E+00  0.61831682E+00
  0.70242835E+00  0.61660387E+00
  0.70297867E+00  0.61489705E+00
  0.70352899E+00  0.61319961E+00
  0.70407932E+00  0.61151525E+00
  0.70462964E+00  0.60983478E+00
  0.70517996E+00  0.60814236E+00
  0.70573028E+00  0.60643390E+00
  0.70628061E+00  0.60471616E+00
  0.70683093E+00  0.60299854E+00
  0.70738125E+00  0.60128863E+00
  0.70793157E+00  0.59959105E+00
  0.70848190E+00  0.59790778E+00
  0.70903222E+00  0.59623899E+00
  0.70958254E+00  0.59458388E+00
  0.71013286E+00  0.59294127E+00
  0.71068319E+00  0.59130997E+00
  0.71123351E+00  0.58968890E+00
  0.71178383E+00  0.58807714E+00
  0.71233415E+00  0.58647400E+00
  0.71288448E+00  0.58487891E+00
  0.71343480E+00  0.58329145E+00
  0.71398512E+00  0.58171130E+00
  0.71453544E+00  0.58013825E+00
  0.71508577E+00  0.57857211E+00
  0.71563609E+00  0.57701280E+00
  0.71618641E+00  0.57546023E+00
  0.71673673E+00  0.57391438E+00
  0.71728706E+00  0.57237525E+00
  0.71783738E+00  0.57084287E+00
  0.71838770E+00  0.56931726E+00
  0.71893802E+00  0.56779852E+00
  0.71948835E+00  0.56628672E+00
  0.72003867E+00  0.56478197E+00
  0.72058899E+00  0.56328440E+00
  0.72113931E+00  0.56179414E+00
  0.72168964E+00  0.56031134E+00
  0.72223996E+00  0.55883617E+00
  0.72279028E+00  0.55736878E+00
  0.72334060E+00  0.55590932E+00
  0.72389093E+00  0.55445793E+00
  0.72444125E+00  0.55301474E+00
  0.72499157E+00  0.55157983E+00
  0.72554189E+00  0.55015327E+00
  0.72609222E+00  0.54873510E+00
  0.72664254E+00  0.54732533E+00
  0.72719286E+00  0.54592394E+00
  0.72774318E+00  0.54453092E+00
  0.72829351E+00  0.54314624E+00
  0.72884383E+00  0.54176986E+00
  0.72939415E+00  0.54040177E+00
  0.72994447E+00  0.53904196E+00
  0.73049480E+00  0.53769045E+00
  0.73104512E+00  0.53634725E+00
  0.73159544E+00  0.53501243E+00
  0.73214576E+00  0.53368604E+00
  0.73269609E+00  0.53236816E+00
  0.73324641E+00  0.53105888E+00
  0.73379673E+00  0.52975830E+00
  0.73434705E+00  0.52846652E+00
  0.73489738E+00  0.52718366E+00
  0.73544770E+00  0.52590983E+00
  0.73599802E+00  0.52464514E+00
  0.73654834E+00  0.52338968E+00
  0.73709867E+00  0.52214354E+00
  0.73764899E+00  0.52090679E+00
  0.73819931E+00  0.51967948E+00
  0.73874963E+00  0.51846163E+00
  0.73929996E+00  0.51725322E+00
  0.73985028E+00  0.51605420E+00
  0.74040060E+00  0.51486451E+00
  0.74095092E+00  0.51368404E+00
  0.74150125E+00  0.51251268E+00
  0.74205157E+00  0.51135036E+00
  0.74260189E+00  0.51019704E+00
  0.74315221E+00  0.50905276E+00
  0.74370254E+00  0.50791767E+00
  0.74425286E+00  0.50679208E+00
  0.74480318E+00  0.50567644E+00
  0.74535350E+00  0.50457138E+00
  0.74590383E+00  0.50347769E+00
  0.74645415E+00  0.50239630E+00
  0.74700447E+00  0.50132824E+00
  0.74755479E+00  0.50027462E+00
  0.74810512E+00  0.49923656E+00
  0.74865544E+00  0.49821512E+00
  0.74920576E+00  0.49721123E+00
  0.74975608E+00  0.49622558E+00
  0.75030641E+00  0.49525846E+00
  0.75085673E+00  0.49430965E+00
  0.75140705E+00  0.49337822E+00
  0.75195737E+00  0.49246242E+00
  0.75250770E+00  0.49155967E+00
  0.75305802E+00  0.49066668E+00
  0.75360834E+00  0.48977970E+00
  0.75415866E+00  0.48889503E+00
  0.75470899E+00  0.48800950E+00
  0.75525931E+00  0.48712098E+00
  0.75580963E+00  0.48622861E+00
  0.75635995E+00  0.48533283E+00
  0.75691028E+00  0.48443518E+00
  0.75746060E+00  0.48353790E+00
  0.75801092E+00  0.48264357E+00
  0.75856124E+00  0.48175477E+00
  0.75911157E+00  0.48087387E+00
  0.75966189E+00  0.48000288E+00
  0.76021221E+00  0.47914343E+00
  0.76076253E+00  0.47829678E+00
  0.76131286E+00  0.47746386E+00
  0.76186318E+00  0.47664532E+00
  0.76241350E+00  0.47584159E+00
  0.76296382E+00  0.47505295E+00
  0.76351415E+00  0.47427953E+00
  0.76406447E+00  0.47352139E+00
  0.76461479E+00  0.47277853E+00
  0.76516511E+00  0.47205089E+00
  0.76571544E+00  0.47133839E+00
  0.76626576E+00  0.47064093E+00
  0.76681608E+00  0.46995840E+00
  0.76736640E+00  0.46929069E+00
  0.76791673E+00  0.46863768E+00
  0.76846705E+00  0.46799927E+00
  0.76901737E+00  0.46737535E+00
  0.76956769E+00  0.46676580E+00
  0.77011802E+00  0.46617054E+00
  0.77066834E+00  0.46558947E+00
  0.77121866E+00  0.46502250E+00
  0.77176898E+00  0.46446952E+00
  0.77231931E+00  0.46393045E+00
  0.77286963E+00  0.46340517E+00
  0.77341995E+00  0.46289354E+00
  0.77397027E+00  0.46239542E+00
  0.77452060E+00  0.46191058E+00
  0.77507092E+00  0.46143879E+00
  0.77562124E+00  0.46097972E+00
  0.77617156E+00  0.46053297E+00
  0.77672189E+00  0.46009810E+00
  0.77727221E+00  0.45967461E+00
  0.77782253E+00  0.45926203E+00
  0.77837285E+00  0.45885992E+00
  0.77892318E+00  0.45846797E+00
  0.77947350E+00  0.45808603E+00
  0.78002382E+00  0.45771412E+00
  0.78057414E+00  0.45735242E+00
  0.78112447E+00  0.45700116E+00
  0.78167479E+00  0.45666065E+00
  0.78222511E+00  0.45633110E+00
  0.78277543E+00  0.45601269E+00
  0.78332576E+00  0.45570550E+00
  0.78387608E+00  0.45540952E+00
  0.78442640E+00  0.45512468E+00
  0.78497672E+00  0.45485092E+00
  0.78552705E+00  0.45458818E+00
  0.78607737E+00  0.45433648E+00
  0.78662769E+00  0.45409599E+00
  0.78717801E+00  0.45386704E+00
  0.78772834E+00  0.45365016E+00
  0.78827866E+00  0.45344609E+00
  0.78882898E+00  0.45325573E+00
  0.78937930E+00  0.45308004E+00
  0.78992963E+00  0.45291991E+00
  0.79047995E+00  0.45277599E+00
  0.79103027E+00  0.45264862E+00
  0.79158059E+00  0.45253772E+00
  0.79213092E+00  0.45244283E+00
  0.79268124E+00  0.45236321E+00
  0.79323156E+00  0.45229798E+00
  0.79378188E+00  0.45224619E+00
  0.79433221E+00  0.45220694E+00
  0.79488253E+00  0.45217946E+00
  0.79543285E+00  0.45216309E+00
  0.79598317E+00  0.45215733E+00
  0.79653350E+00  0.45216177E+00
  0.79708382E+00  0.45217609E+00
  0.79763414E+00  0.45220005E+00
  0.79818446E+00  0.45223345E+00
  0.79873479E+00  0.45227611E+00
  0.79928511E+00  0.45232786E+00
  0.79983543E+00  0.45238851E+00
  0.80038575E+00  0.45245789E+00
  0.80093608E+00  0.45253577E+00
  0.80148640E+00  0.45262192E+00
  0.80203672E+00  0.45271611E+00
  0.80258704E+00  0.45281808E+00
  0.80313737E+00  0.45292761E+00
  0.80368769E+00  0.45304447E+00
  0.80423801E+00  0.45316852E+00
  0.80478833E+00  0.45329964E+00
  0.80533865E+00  0.45343779E+00
  0.80588898E+00  0.45358302E+00
  0.80643930E+00  0.45373540E+00
  0.80698962E+00  0.45389508E+00
  0.80753994E+00  0.45406219E+00
  0.80809027E+00  0.45423689E+00
  0.80864059E+00  0.45441930E+00
  0.80919091E+00  0.45460952E+00
  0.80974123E+00  0.45480760E+00
  0.81029156E+00  0.45501354E+00
  0.81084188E+00  0.45522731E+00
  0.81139220E+00  0.45544883E+00
  0.81194252E+00  0.45567798E+00
  0.81249285E+00  0.45591462E+00
  0.81304317E+00  0.45615861E+00
  0.81359349E+00  0.45640974E+00
  0.81414381E+00  0.45666784E+00
  0.81469414E+00  0.45693268E+00
  0.81524446E+00  0.45720407E+00
  0.81579478E+00  0.45748176E+00
  0.81634510E+00  0.45776554E+00
  0.81689543E+00  0.45805515E+00
  0.81744575E+00  0.45835035E+00
  0.81799607E+00  0.45865088E+00
  0.81854639E+00  0.45895646E+00
  0.81909672E+00  0.45926682E+00
  0.81964704E+00  0.45958165E+00
  0.82019736E+00  0.45990065E+00
  0.82074768E+00  0.46022347E+00
  0.82129801E+00  0.46054976E+00
  0.82184833E+00  0.46087914E+00
  0.82239865E+00  0.46121118E+00
  0.82294897E+00  0.46154545E+00
  0.82349930E+00  0.46188145E+00
  0.82404962E+00  0.46221864E+00
  0.82459994E+00  0.46255645E+00
  0.82515026E+00  0.46289425E+00
  0.82570059E+00  0.46323137E+00
  0.82625091E+00  0.46356712E+00
  0.82680123E+00  0.46390081E+00
  0.82735155E+00  0.46423183E+00
  0.82790188E+00  0.46455976E+00
  0.82845220E+00  0.46488450E+00
  0.82900252E+00  0.46520657E+00
  0.82955284E+00  0.46552738E+00
  0.83010317E+00  0.46584947E+00
  0.83065349E+00  0.46617658E+00
  0.83120381E+00  0.46651303E+00
  0.83175413E+00  0.46686217E+00
  0.83230446E+00  0.46722366E+00
  0.83285478E+00  0.46759030E+00
  0.83340510E+00  0.46794464E+00
  0.83395542E+00  0.46825455E+00
  0.83450575E+00  0.46846147E+00
  0.83505607E+00  0.46844589E+00
  0.83560639E+00  0.46796467E+00
  0.83615671E+00  0.46735193E+00
  0.83670704E+00  0.47013273E+00
  0.83725736E+00  0.47226975E+00
  0.83780768E+00  0.47300645E+00
  0.83835800E+00  0.47344634E+00
  0.83890833E+00  0.47382842E+00
  0.83945865E+00  0.47420024E+00
  0.84000897E+00  0.47457190E+00
  0.84055929E+00  0.47494509E+00
  0.84110962E+00  0.47531954E+00
  0.84165994E+00  0.47569455E+00
  0.84221026E+00  0.47606943E+00
  0.84276058E+00  0.47644358E+00
  0.84331091E+00  0.47681650E+00
  0.84386123E+00  0.47718777E+00
  0.84441155E+00  0.47755701E+00
  0.84496187E+00  0.47792392E+00
  0.84551220E+00  0.47828823E+00
  0.84606252E+00  0.47864967E+00
  0.84661284E+00  0.47900805E+00
  0.84716316E+00  0.47936314E+00
  0.84771349E+00  0.47971479E+00
  0.84826381E+00  0.48006281E+00
  0.84881413E+00  0.48040708E+00
  0.84936445E+00  0.48074744E+00
  0.84991478E+00  0.48108378E+00
  0.85046510E+00  0.48141597E+00
  0.85101542E+00  0.48174388E+00
  0.85156574E+00  0.48206738E+00
  0.85211607E+00  0.48238636E+00
  0.85266639E+00  0.48270065E+00
  0.85321671E+00  0.48301012E+00
  0.85376703E+00  0.48331460E+00
  0.85431736E+00  0.48361391E+00
  0.85486768E+00  0.48390787E+00
  0.85541800E+00  0.48419630E+00
  0.85596832E+00  0.48447899E+00
  0.85651865E+00  0.48475575E+00
  0.85706897E+00  0.48502639E+00
  0.85761929E+00  0.48529071E+00
  0.85816961E+00  0.48554852E+00
  0.85871994E+00  0.48579965E+00
  0.85927026E+00  0.48604391E+00
  0.85982058E+00  0.48628116E+00
  0.86037090E+00  0.48651124E+00
  0.86092123E+00  0.48673402E+00
  0.86147155E+00  0.48694938E+00
  0.86202187E+00  0.48715724E+00
  0.86257219E+00  0.48735751E+00
  0.86312252E+00  0.48755015E+00
  0.86367284E+00  0.48773513E+00
  0.86422316E+00  0.48791248E+00
  0.86477348E+00  0.48808230E+00
  0.86532381E+00  0.48824478E+00
  0.86587413E+00  0.48840022E+00
  0.86642445E+00  0.48854885E+00
  0.86697477E+00  0.48868922E+00
  0.86752462E+00  0.48881542E+00
  0.86807447E+00  0.48854227E+00
  0.86862431E+00  0.48825920E+00
  0.86917416E+00  0.48796868E+00
  0.86972400E+00  0.48766864E+00
  0.87027385E+00  0.48735745E+00
  0.87082370E+00  0.48703421E+00
  0.87137354E+00  0.48669845E+00
  0.87192339E+00  0.48634987E+00
  0.87247323E+00  0.48598827E+00
  0.87302308E+00  0.48561348E+00
  0.87357293E+00  0.48522538E+00
  0.87412277E+00  0.48482387E+00
  0.87467262E+00  0.48440885E+00
  0.87522246E+00  0.48398027E+00
  0.87577231E+00  0.48353805E+00
  0.87632216E+00  0.48308214E+00
  0.87687200E+00  0.48261245E+00
  0.87742185E+00  0.48212893E+00
  0.87797169E+00  0.48163148E+00
  0.87852154E+00  0.48112002E+00
  0.87907139E+00  0.48059442E+00
  0.87962123E+00  0.48005455E+00
  0.88017108E+00  0.47950028E+00
  0.88072092E+00  0.47893140E+00
  0.88127077E+00  0.47834774E+00
  0.88182062E+00  0.47774904E+00
  0.88237046E+00  0.47713506E+00
  0.88292031E+00  0.47650549E+00
  0.88347015E+00  0.47586002E+00
  0.88402000E+00  0.47519830E+00
  0.88456985E+00  0.47451997E+00
  0.88511969E+00  0.47382468E+00
  0.88566954E+00  0.47311215E+00
  0.88621939E+00  0.47238221E+00
  0.88676923E+00  0.47163492E+00
  0.88731908E+00  0.47087075E+00
  0.88786892E+00  0.47009073E+00
  0.88841877E+00  0.46929672E+00
  0.88896862E+00  0.46849157E+00
  0.88951846E+00  0.46767906E+00
  0.89006831E+00  0.46686362E+00
  0.89061815E+00  0.46604946E+00
  0.89116800E+00  0.46523955E+00
  0.89171785E+00  0.46443462E+00
  0.89226769E+00  0.46363284E+00
  0.89281754E+00  0.46283037E+00
  0.89336738E+00  0.46202237E+00
  0.89391723E+00  0.46120410E+00
  0.89446708E+00  0.46037153E+00
  0.89501692E+00  0.45952152E+00
  0.89556677E+00  0.45865154E+00
  0.89611661E+00  0.45775943E+00
  0.89666646E+00  0.45684312E+00
  0.89721631E+00  0.45590060E+00
  0.89776615E+00  0.45493021E+00
  0.89831600E+00  0.45393092E+00
  0.89886584E+00  0.45290273E+00
  0.89941569E+00  0.45184667E+00
  0.89996554E+00  0.45076465E+00
  0.90051538E+00  0.44965905E+00
  0.90106523E+00  0.44853225E+00
  0.90161507E+00  0.44738633E+00
  0.90216492E+00  0.44622291E+00
  0.90271477E+00  0.44504313E+00
  0.90326461E+00  0.44384771E+00
  0.90381446E+00  0.44263704E+00
  0.90436430E+00  0.44141128E+00
  0.90491415E+00  0.44017046E+00
  0.90546400E+00  0.43891448E+00
  0.90601384E+00  0.43764324E+00
  0.90656369E+00  0.43635658E+00
  0.90711353E+00  0.43505434E+00
  0.90766338E+00  0.43373638E+00
  0.90821323E+00  0.43240255E+00
  0.90876307E+00  0.43105273E+00
  0.90931292E+00  0.42968681E+00
  0.90986276E+00  0.42830469E+00
  0.91041261E+00  0.42690629E+00
  0.91096246E+00  0.42549153E+00
  0.91151230E+00  0.42406035E+00
  0.91206215E+00  0.42261271E+00
  0.91261200E+00  0.42114857E+00
  0.91316184E+00  0.41966789E+00
  0.91371169E+00  0.41817064E+00
  0.91426153E+00  0.41665681E+00
  0.91481138E+00  0.41512638E+00
  0.91536123E+00  0.41357933E+00
  0.91591107E+00  0.41201563E+00
  0.91646092E+00  0.41043526E+00
  0.91701076E+00  0.40883819E+00
  0.91756061E+00  0.40722438E+00
  0.91811046E+00  0.40559379E+00
  0.91866030E+00  0.40394637E+00
  0.91921015E+00  0.40228207E+00
  0.91975999E+00  0.40060082E+00
  0.92030984E+00  0.39890258E+00
  0.92085969E+00  0.39718726E+00
  0.92140953E+00  0.39545483E+00
  0.92195938E+00  0.39370524E+00
  0.92250922E+00  0.39193843E+00
  0.92305907E+00  0.39015437E+00
  0.92360892E+00  0.38835304E+00
  0.92415876E+00  0.38653442E+00
  0.92470861E+00  0.38469849E+00
  0.92525845E+00  0.38284526E+00
  0.92580830E+00  0.38097474E+00
  0.92635815E+00  0.37908693E+00
  0.92690799E+00  0.37718186E+00
  0.92745784E+00  0.37525955E+00
  0.92800768E+00  0.37332003E+00
  0.92855753E+00  0.37136335E+00
  0.92910738E+00  0.36938953E+00
  0.92965722E+00  0.36739863E+00
  0.93020707E+00  0.36539069E+00
  0.93075691E+00  0.36336578E+00
  0.93130676E+00  0.36132394E+00
  0.93185661E+00  0.35926524E+00
  0.93240645E+00  0.35718976E+00
  0.93295630E+00  0.35509755E+00
  0.93350614E+00  0.35298869E+00
  0.93405599E+00  0.35086325E+00
  0.93460584E+00  0.34872131E+00
  0.93515568E+00  0.34656292E+00
  0.93570553E+00  0.34438814E+00
  0.93625537E+00  0.34219699E+00
  0.93680522E+00  0.33998949E+00
  0.93735507E+00  0.33776558E+00
  0.93790491E+00  0.33552518E+00
  0.93845476E+00  0.33326814E+00
  0.93900460E+00  0.33099423E+00
  0.93955445E+00  0.32870316E+00
  0.94010430E+00  0.32639456E+00
  0.94065414E+00  0.32406802E+00
  0.94120399E+00  0.32172312E+00
  0.94175384E+00  0.31935946E+00
  0.94230368E+00  0.31697674E+00
  0.94285353E+00  0.31457477E+00
  0.94340337E+00  0.31215352E+00
  0.94395322E+00  0.30971313E+00
  0.94450307E+00  0.30725389E+00
  0.94505291E+00  0.30477618E+00
  0.94560276E+00  0.30228048E+00
  0.94615260E+00  0.29976728E+00
  0.94670245E+00  0.29723707E+00
  0.94725230E+00  0.29469028E+00
  0.94780214E+00  0.29212733E+00
  0.94835199E+00  0.28954856E+00
  0.94890183E+00  0.28695425E+00
  0.94945168E+00  0.28434465E+00
  0.95000153E+00  0.28171997E+00
  0.95055137E+00  0.27908037E+00
  0.95110122E+00  0.27642601E+00
  0.95165106E+00  0.27375703E+00
  0.95220091E+00  0.27107358E+00
  0.95275076E+00  0.26837584E+00
  0.95330060E+00  0.26566405E+00
  0.95385045E+00  0.26293859E+00
  0.95440029E+00  0.26020000E+00
  0.95495014E+00  0.25744920E+00
  0.95549999E+00  0.25468753E+00
  0.95604983E+00  0.25191689E+00
  0.95659968E+00  0.24913969E+00
  0.95714952E+00  0.24635854E+00
  0.95769937E+00  0.24357548E+00
  0.95824922E+00  0.24079110E+00
  0.95879906E+00  0.23800393E+00
  0.95934891E+00  0.23521068E+00
  0.95989875E+00  0.23240715E+00
  0.96044860E+00  0.22958937E+00
  0.96099845E+00  0.22675401E+00
  0.96154829E+00  0.22389836E+00
  0.96209814E+00  0.22101992E+00
  0.96264798E+00  0.21811599E+00
  0.96319783E+00  0.21518361E+00
  0.96374768E+00  0.21221961E+00
  0.96429752E+00  0.20922086E+00
  0.96484737E+00  0.20618460E+00
  0.96539721E+00  0.20310871E+00
  0.96594706E+00  0.19999198E+00
  0.96649691E+00  0.19683419E+00
  0.96704675E+00  0.19363622E+00
  0.96759660E+00  0.19039992E+00
  0.96814645E+00  0.18712806E+00
  0.96869629E+00  0.18382406E+00
  0.96924614E+00  0.18049167E+00
  0.96979598E+00  0.17713448E+00
  0.97034583E+00  0.17375547E+00
  0.97089568E+00  0.17035675E+00
  0.97144552E+00  0.16693963E+00
  0.97199537E+00  0.16350496E+00
  0.97254521E+00  0.16005340E+00
  0.97309506E+00  0.15658554E+00
  0.97364491E+00  0.15310199E+00
  0.97419475E+00  0.14960330E+00
  0.97474460E+00  0.14608993E+00
  0.97529444E+00  0.14256226E+00
  0.97584429E+00  0.13902056E+00
  0.97639414E+00  0.13546500E+00
  0.97694398E+00  0.13189570E+00
  0.97749383E+00  0.12831268E+00
  0.97804367E+00  0.12471595E+00
  0.97859352E+00  0.12110547E+00
  0.97914337E+00  0.11748119E+00
  0.97969321E+00  0.11384303E+00
  0.98024306E+00  0.11019093E+00
  0.98079290E+00  0.10652482E+00
  0.98134275E+00  0.10284467E+00
  0.98189260E+00  0.99150429E-01
  0.98244244E+00  0.95442107E-01
  0.98299229E+00  0.91719728E-01
  0.98354213E+00  0.87983356E-01
  0.98409198E+00  0.84233095E-01
  0.98464183E+00  0.80469094E-01
  0.98519167E+00  0.76691523E-01
  0.98574152E+00  0.72900531E-01
  0.98629136E+00  0.69096123E-01
  0.98684121E+00  0.65277890E-01
  0.98739106E+00  0.61444546E-01
  0.98794090E+00  0.57593380E-01
  0.98849075E+00  0.53720345E-01
  0.98904059E+00  0.49821988E-01
  0.98959044E+00  0.45898686E-01
  0.99014029E+00  0.41955293E-01
  0.99069013E+00  0.37997615E-01
  0.99123998E+00  0.34029101E-01
  0.99178982E+00  0.30050586E-01
  0.99233967E+00  0.26061537E-01
  0.99288952E+00  0.22061065E-01
  0.99343936E+00  0.18048362E-01
  0.99398921E+00  0.14022817E-01
  0.99453906E+00  0.99839887E-02
  0.99508890E+00  0.59315476E-02
  0.99563875E+00  0.18652142E-02
  0.99618859E+00 -0.22153090E-02
  0.99673844E+00 -0.63104152E-02
  0.99728829E+00 -0.10420698E-01
  0.99783813E+00 -0.14547100E-01
  0.99838798E+00 -0.18691124E-01
  0.99893782E+00 -0.22855073E-01
  0.99948767E+00 -0.27042118E-01
  0.10000375E+01 -0.31255362E-01
  0.10005874E+01 -0.35493711E-01
  0.10011372E+01 -0.39742230E-01
  0.10016871E+01 -0.43966397E-01
  0.10022369E+01 -0.48138163E-01
  0.10027867E+01 -0.52273161E-01
  0.10033366E+01 -0.56411461E-01
  0.10038864E+01 -0.60580439E-01
  0.10044363E+01 -0.64790826E-01
  0.10049861E+01 -0.69045382E-01
  0.10055360E+01 -0.73342925E-01
  0.10060858E+01 -0.77678480E-01
  0.10066357E+01 -0.82044109E-01
  0.10071855E+01 -0.86438530E-01
  0.10077354E+01 -0.90874368E-01
  0.10082852E+01 -0.95337382E-01
  0.10088351E+01 -0.99806617E-01
  0.10093849E+01 -0.10427906E+00
  0.10099347E+01 -0.10875594E+00
  0.10104846E+01 -0.11323834E+00
  0.10110344E+01 -0.11772708E+00
  0.10115843E+01 -0.12222287E+00
  0.10121341E+01 -0.12672631E+00
  0.10126840E+01 -0.13123791E+00
  0.10132338E+01 -0.13575807E+00
  0.10137837E+01 -0.14028715E+00
  0.10143335E+01 -0.14482538E+00
  0.10148834E+01 -0.14937296E+00
  0.10154332E+01 -0.15393001E+00
  0.10159831E+01 -0.15849660E+00
  0.10165329E+01 -0.16307277E+00
  0.10170827E+01 -0.16765852E+00
  0.10176326E+01 -0.17225381E+00
  0.10181824E+01 -0.17685858E+00
  0.10187323E+01 -0.18147272E+00
  0.10192821E+01 -0.18609610E+00
  0.10198320E+01 -0.19072850E+00
  0.10203818E+01 -0.19536957E+00
  0.10209317E+01 -0.20001860E+00
  0.10214815E+01 -0.20467375E+00
  0.10220314E+01 -0.20933016E+00
  0.10225812E+01 -0.21399503E+00
  0.10231310E+01 -0.21869985E+00
  0.10236809E+01 -0.22340547E+00
  0.10242307E+01 -0.22811190E+00
  0.10247806E+01 -0.23282394E+00
  0.10253304E+01 -0.23754289E+00
  0.10258803E+01 -0.24226905E+00
  0.10264301E+01 -0.46697033E+00
  0.10269800E+01 -0.47135855E+00
  0.10275298E+01 -0.47575202E+00
  0.10280797E+01 -0.48015054E+00
  0.10286295E+01 -0.48455387E+00
  0.10291794E+01 -0.48896178E+00
  0.10297292E+01 -0.49337402E+00
  0.10302790E+01 -0.49779034E+00
  0.10308289E+01 -0.50221048E+00
  0.10313787E+01 -0.50663419E+00
  0.10319286E+01 -0.51106119E+00
  0.10324784E+01 -0.51549120E+00
  0.10330283E+01 -0.51992392E+00
  0.10335781E+01 -0.52435905E+00
  0.10341280E+01 -0.52879626E+00
  0.10346778E+01 -0.53323523E+00
  0.10352277E+01 -0.53767561E+00
  0.10357775E+01 -0.54211701E+00
  0.10363274E+01 -0.54655906E+00
  0.10368772E+01 -0.55100133E+00
  0.10374270E+01 -0.55544337E+00
  0.10379769E+01 -0.55988471E+00
  0.10385267E+01 -0.56432484E+00
  0.10390766E+01 -0.56876321E+00
  0.10396264E+01 -0.57319924E+00
  0.10401763E+01 -0.57763230E+00
  0.10407261E+01 -0.58206177E+00
  0.10412760E+01 -0.58648698E+00
  0.10418258E+01 -0.59090730E+00
  0.10423757E+01 -0.59532215E+00
  0.10429255E+01 -0.59973109E+00
  0.10434754E+01 -0.60413388E+00
  0.10440252E+01 -0.60853064E+00
  0.10445750E+01 -0.61292197E+00
  0.10451249E+01 -0.61730910E+00
  0.10456747E+01 -0.62169398E+00
  0.10462246E+01 -0.62607923E+00
  0.10467744E+01 -0.63046796E+00
  0.10473243E+01 -0.63486330E+00
  0.10478741E+01 -0.63926788E+00
  0.10484240E+01 -0.64368318E+00
  0.10489738E+01 -0.64810921E+00
  0.10495237E+01 -0.65254448E+00
  0.10500735E+01 -0.65698632E+00
  0.10506234E+01 -0.66143142E+00
  0.10511732E+01 -0.66587636E+00
  0.10517230E+01 -0.67031803E+00
  0.10522729E+01 -0.67475384E+00
  0.10528227E+01 -0.67918182E+00
  0.10533726E+01 -0.68360053E+00
  0.10539224E+01 -0.68800897E+00
  0.10544723E+01 -0.69240649E+00
  0.10550221E+01 -0.69679267E+00
  0.10555720E+01 -0.70116724E+00
  0.10561218E+01 -0.70553004E+00
  0.10566717E+01 -0.70988093E+00
  0.10572215E+01 -0.71421979E+00
  0.10577713E+01 -0.71854651E+00
  0.10583212E+01 -0.72286094E+00
  0.10588710E+01 -0.72716291E+00
  0.10594209E+01 -0.73145225E+00
  0.10599707E+01 -0.73572871E+00
  0.10605206E+01 -0.73999206E+00
  0.10610704E+01 -0.74424199E+00
  0.10616203E+01 -0.74847821E+00
  0.10621701E+01 -0.75270039E+00
  0.10627200E+01 -0.75690817E+00
  0.10632698E+01 -0.76110118E+00
  0.10638197E+01 -0.76527904E+00
  0.10643695E+01 -0.76944137E+00
  0.10649193E+01 -0.77358778E+00
  0.10654692E+01 -0.77771787E+00
  0.10660190E+01 -0.78183126E+00
  0.10665689E+01 -0.78592757E+00
  0.10671187E+01 -0.79000642E+00
  0.10676686E+01 -0.79406745E+00
  0.10682184E+01 -0.79811034E+00
  0.10687683E+01 -0.80213476E+00
  0.10693181E+01 -0.80614042E+00
  0.10698680E+01 -0.81012702E+00
  0.10704178E+01 -0.81409433E+00
  0.10709677E+01 -0.81804209E+00
  0.10715175E+01 -0.82197009E+00
  0.10720673E+01 -0.82587808E+00
  0.10726172E+01 -0.82976586E+00
  0.10731670E+01 -0.83363320E+00
  0.10737169E+01 -0.83747987E+00
  0.10742667E+01 -0.84130563E+00
  0.10748166E+01 -0.84511023E+00
  0.10753664E+01 -0.84889339E+00
  0.10759163E+01 -0.85265485E+00
  0.10764661E+01 -0.85639431E+00
  0.10770160E+01 -0.86011148E+00
  0.10775658E+01 -0.86380605E+00
  0.10781157E+01 -0.86747770E+00
  0.10786655E+01 -0.87112613E+00
  0.10792153E+01 -0.87475101E+00
  0.10797652E+01 -0.87835201E+00
  0.10803150E+01 -0.88192882E+00
  0.10808649E+01 -0.88548111E+00
  0.10814147E+01 -0.88900856E+00
  0.10819646E+01 -0.89251084E+00
  0.10825144E+01 -0.89598764E+00
  0.10830643E+01 -0.89943864E+00
  0.10836141E+01 -0.90286351E+00
  0.10841640E+01 -0.90626193E+00
  0.10847138E+01 -0.90963358E+00
  0.10852637E+01 -0.91297815E+00
  0.10858135E+01 -0.91629529E+00
  0.10863633E+01 -0.91958468E+00
  0.10869132E+01 -0.92284599E+00
  0.10874630E+01 -0.92607886E+00
  0.10880129E+01 -0.92928297E+00
  0.10885627E+01 -0.93245793E+00
  0.10891126E+01 -0.93560341E+00
  0.10896624E+01 -0.93871902E+00
  0.10902123E+01 -0.94180439E+00
  0.10907621E+01 -0.94485913E+00
  0.10913120E+01 -0.94788285E+00
  0.10918618E+01 -0.95087513E+00
  0.10924117E+01 -0.95383557E+00
  0.10929615E+01 -0.95676373E+00
  0.10935113E+01 -0.95965918E+00
  0.10940612E+01 -0.96252147E+00
  0.10946110E+01 -0.96535014E+00
  0.10951609E+01 -0.96814474E+00
  0.10957107E+01 -0.97090478E+00
  0.10962606E+01 -0.97362979E+00
  0.10968104E+01 -0.97631930E+00
  0.10973603E+01 -0.97897284E+00
  0.10979101E+01 -0.98158993E+00
  0.10984600E+01 -0.98417011E+00
  0.10990098E+01 -0.98671294E+00
  0.10995596E+01 -0.98921797E+00
  0.11001095E+01 -0.99168477E+00
  0.11006593E+01 -0.99411293E+00
  0.11012092E+01 -0.99650205E+00
  0.11017590E+01 -0.99885174E+00
  0.11023089E+01 -0.10011616E+01
  0.11028587E+01 -0.10034313E+01
  0.11034086E+01 -0.10056605E+01
  0.11039584E+01 -0.10078488E+01
  0.11045083E+01 -0.10099958E+01
  0.11050581E+01 -0.10121013E+01
  0.11056080E+01 -0.10141649E+01
  0.11061578E+01 -0.10161862E+01
  0.11067076E+01 -0.10181649E+01
  0.11072575E+01 -0.10201007E+01
  0.11078073E+01 -0.10219933E+01
  0.11083572E+01 -0.10238422E+01
  0.11089070E+01 -0.10256473E+01
  0.11094569E+01 -0.10274080E+01
  0.11100067E+01 -0.10291241E+01
  0.11105566E+01 -0.10307952E+01
  0.11111064E+01 -0.10324211E+01
  0.11116563E+01 -0.10340013E+01
  0.11122061E+01 -0.10355355E+01
  0.11127560E+01 -0.10370233E+01
  0.11133058E+01 -0.10384645E+01
  0.11138556E+01 -0.10398586E+01
  0.11144055E+01 -0.10412055E+01
  0.11149553E+01 -0.10425046E+01
  0.11155052E+01 -0.10437557E+01
  0.11160550E+01 -0.10449586E+01
  0.11166049E+01 -0.10461128E+01
  0.11171547E+01 -0.10472181E+01
  0.11177046E+01 -0.10482742E+01
  0.11182544E+01 -0.10492808E+01
  0.11188043E+01 -0.10502377E+01
  0.11193541E+01 -0.10511446E+01
  0.11199040E+01 -0.10520012E+01
  0.11204538E+01 -0.10528074E+01
  0.11210036E+01 -0.10535628E+01
  0.11215535E+01 -0.10542672E+01
  0.11221033E+01 -0.10549202E+01
  0.11226532E+01 -0.10555215E+01
  0.11232030E+01 -0.10560706E+01
  0.11237529E+01 -0.10565670E+01
  0.11243027E+01 -0.10570100E+01
  0.11248526E+01 -0.10573989E+01
  0.11254024E+01 -0.10577330E+01
  0.11259523E+01 -0.10580115E+01
  0.11265021E+01 -0.10582336E+01
  0.11270520E+01 -0.10583989E+01
  0.11276018E+01 -0.10585069E+01
  0.11281516E+01 -0.10585576E+01
  0.11287015E+01 -0.10585508E+01
  0.11292513E+01 -0.10584869E+01
  0.11298012E+01 -0.10583658E+01
  0.11303510E+01 -0.10581880E+01
  0.11309009E+01 -0.10579535E+01
  0.11314507E+01 -0.10576625E+01
  0.11320006E+01 -0.10573150E+01
  0.11325504E+01 -0.10569110E+01
  0.11331003E+01 -0.10564503E+01
  0.11336501E+01 -0.10559328E+01
  0.11341999E+01 -0.10553583E+01
  0.11347498E+01 -0.10547264E+01
  0.11352996E+01 -0.10540367E+01
  0.11358495E+01 -0.10532888E+01
  0.11363993E+01 -0.10524822E+01
  0.11369492E+01 -0.10516161E+01
  0.11374990E+01 -0.10506900E+01
  0.11380489E+01 -0.10497030E+01
  0.11385987E+01 -0.10486541E+01
  0.11391486E+01 -0.10475421E+01
  0.11396984E+01 -0.10463655E+01
  0.11402483E+01 -0.10451224E+01
  0.11407981E+01 -0.10438103E+01
  0.11413479E+01 -0.10424256E+01
  0.11418978E+01 -0.10409634E+01
  0.11424476E+01 -0.10394169E+01
  0.11429975E+01 -0.10377757E+01
  0.11435473E+01 -0.10360251E+01
  0.11440972E+01 -0.10341443E+01
  0.11446470E+01 -0.10321084E+01
  0.11451969E+01 -0.10299048E+01
  0.11457467E+01 -0.10275902E+01
  0.11462966E+01 -0.10253880E+01
  0.11468464E+01 -0.10236058E+01
  0.11473963E+01 -0.10222117E+01
  0.11479461E+01 -0.10208390E+01
  0.11484959E+01 -0.10192564E+01
  0.11490458E+01 -0.10174409E+01
  0.11495956E+01 -0.10154380E+01
  0.11501455E+01 -0.10132914E+01
  0.11506953E+01 -0.10110309E+01
  0.11512452E+01 -0.10086754E+01
  0.11517950E+01 -0.10062365E+01
  0.11523449E+01 -0.10037218E+01
  0.11528947E+01 -0.10011364E+01
  0.11534446E+01 -0.99848426E+00
  0.11539944E+01 -0.99576852E+00
  0.11545443E+01 -0.99299210E+00
  0.11550941E+01 -0.99015772E+00
  0.11556439E+01 -0.98726793E+00
  0.11561938E+01 -0.98432492E+00
  0.11567436E+01 -0.98133022E+00
  0.11572935E+01 -0.97828432E+00
  0.11578433E+01 -0.97518632E+00
  0.11583932E+01 -0.97203366E+00
  0.11589430E+01 -0.96882200E+00
  0.11594929E+01 -0.96554502E+00
  0.11600427E+01 -0.96219380E+00
  0.11605926E+01 -0.95875534E+00
  0.11611424E+01 -0.95521054E+00
  0.11616923E+01 -0.95153540E+00
  0.11622421E+01 -0.94772341E+00
  0.11627919E+01 -0.94386614E+00
  0.11633418E+01 -0.94018147E+00
  0.11638916E+01 -0.93669838E+00
  0.11644415E+01 -0.93319446E+00
  0.11649913E+01 -0.92954772E+00
  0.11655412E+01 -0.92575751E+00
  0.11660910E+01 -0.92184924E+00
  0.11666409E+01 -0.91784313E+00
  0.11671907E+01 -0.91375207E+00
  0.11677406E+01 -0.90958419E+00
  0.11682904E+01 -0.90534488E+00
  0.11688402E+01 -0.90103799E+00
  0.11693901E+01 -0.89666632E+00
  0.11699399E+01 -0.89223181E+00
  0.11704898E+01 -0.88773556E+00
  0.11710396E+01 -0.88317803E+00
  0.11715895E+01 -0.87855932E+00
  0.11721393E+01 -0.87387946E+00
  0.11726892E+01 -0.86913867E+00
  0.11732390E+01 -0.86433748E+00
  0.11737889E+01 -0.85947676E+00
  0.11743387E+01 -0.85455779E+00
  0.11748886E+01 -0.84958214E+00
  0.11754384E+01 -0.84455154E+00
  0.11759882E+01 -0.83946755E+00
  0.11765381E+01 -0.83433118E+00
  0.11770879E+01 -0.82914253E+00
  0.11776378E+01 -0.82390071E+00
  0.11781876E+01 -0.81860412E+00
  0.11787375E+01 -0.81325098E+00
  0.11792873E+01 -0.80783976E+00
  0.11798372E+01 -0.80236951E+00
  0.11803870E+01 -0.79683981E+00
  0.11809369E+01 -0.79125069E+00
  0.11814867E+01 -0.78560249E+00
  0.11820366E+01 -0.77989567E+00
  0.11825864E+01 -0.77413078E+00
  0.11831362E+01 -0.76830840E+00
  0.11836861E+01 -0.76242913E+00
  0.11842359E+01 -0.75649364E+00
  0.11847858E+01 -0.75050268E+00
  0.11853356E+01 -0.74445713E+00
  0.11858855E+01 -0.73835801E+00
  0.11864353E+01 -0.73220642E+00
  0.11869852E+01 -0.72600351E+00
  0.11875350E+01 -0.71975035E+00
  0.11880849E+01 -0.71344787E+00
  0.11886347E+01 -0.70709680E+00
  0.11891846E+01 -0.70069764E+00
  0.11897344E+01 -0.69425072E+00
  0.11902842E+01 -0.68775621E+00
  0.11908341E+01 -0.68121425E+00
  0.11913839E+01 -0.67462489E+00
  0.11919338E+01 -0.66798824E+00
  0.11924836E+01 -0.66130437E+00
  0.11930335E+01 -0.65457343E+00
  0.11935833E+01 -0.64779555E+00
  0.11941332E+01 -0.64097092E+00
  0.11946830E+01 -0.63409973E+00
  0.11952329E+01 -0.62718217E+00
  0.11957827E+01 -0.62021845E+00
  0.11963326E+01 -0.61320877E+00
  0.11968824E+01 -0.60615332E+00
  0.11974322E+01 -0.59905231E+00
  0.11979821E+01 -0.59190592E+00
  0.11985319E+01 -0.58471437E+00
  0.11990818E+01 -0.57747788E+00
  0.11996316E+01 -0.57019673E+00
  0.12001815E+01 -0.56287123E+00
  0.12007313E+01 -0.55550174E+00
  0.12012812E+01 -0.54808869E+00
  0.12018310E+01 -0.54063254E+00
  0.12023809E+01 -0.53313380E+00
  0.12029307E+01 -0.52559297E+00
  0.12034806E+01 -0.51801053E+00
  0.12040304E+01 -0.51038688E+00
  0.12045802E+01 -0.50272225E+00
  0.12051301E+01 -0.49501659E+00
  0.12056799E+01 -0.48726939E+00
  0.12062298E+01 -0.47947956E+00
  0.12067796E+01 -0.47164598E+00
  0.12073295E+01 -0.46377059E+00
  0.12078793E+01 -0.45586424E+00
  0.12084292E+01 -0.44794194E+00
  0.12089790E+01 -0.44000281E+00
  0.12095289E+01 -0.43203396E+00
  0.12100787E+01 -0.42402810E+00
  0.12106285E+01 -0.41598450E+00
  0.12111784E+01 -0.40790465E+00
  0.12117282E+01 -0.39979021E+00
  0.12122781E+01 -0.93481645E-01
  0.12128279E+01 -0.84457408E-01
  0.12133778E+01 -0.75408284E-01
  0.12139276E+01 -0.66335310E-01
  0.12144775E+01 -0.57239459E-01
  0.12150273E+01 -0.48121679E-01
  0.12155772E+01 -0.38982922E-01
  0.12161270E+01 -0.29824174E-01
  0.12166769E+01 -0.20646483E-01
  0.12172267E+01 -0.11451009E-01
  0.12177765E+01 -0.22390788E-02
  0.12183264E+01  0.69877267E-02
  0.12188762E+01  0.16227465E-01
  0.12194261E+01  0.25477706E-01
  0.12199759E+01  0.34735415E-01
  0.12205258E+01  0.43996981E-01
  0.12210756E+01  0.53258604E-01
  0.12216255E+01  0.62517509E-01
  0.12221753E+01  0.71774349E-01
  0.12227252E+01  0.81036242E-01
  0.12232750E+01  0.90317671E-01
  0.12238249E+01  0.99635618E-01
  0.12243747E+01  0.10900047E+00
  0.12249245E+01  0.11841086E+00
  0.12254744E+01  0.12785680E+00
  0.12260242E+01  0.13732642E+00
  0.12265741E+01  0.14681019E+00
  0.12271239E+01  0.15630195E+00
  0.12276738E+01  0.16579813E+00
  0.12282236E+01  0.17529684E+00
  0.12287735E+01  0.18479705E+00
  0.12293233E+01  0.19429815E+00
  0.12298732E+01  0.20379969E+00
  0.12304230E+01  0.21330124E+00
  0.12309729E+01  0.22280231E+00
  0.12315227E+01  0.23230237E+00
  0.12320725E+01  0.24180080E+00
  0.12326224E+01  0.25129692E+00
  0.12331722E+01  0.26079006E+00
  0.12337221E+01  0.27027961E+00
  0.12342719E+01  0.27976507E+00
  0.12348218E+01  0.28924614E+00
  0.12353716E+01  0.29872263E+00
  0.12359215E+01  0.30819433E+00
  0.12364713E+01  0.31766081E+00
  0.12370212E+01  0.32712112E+00
  0.12375710E+01  0.33657336E+00
  0.12381209E+01  0.34601378E+00
  0.12386707E+01  0.35543592E+00
  0.12392205E+01  0.36484030E+00
  0.12397704E+01  0.37427036E+00
  0.12403202E+01  0.38373190E+00
  0.12408701E+01  0.39317507E+00
  0.12414199E+01  0.40259479E+00
  0.12419698E+01  0.41199682E+00
  0.12425196E+01  0.42138413E+00
  0.12430695E+01  0.43075777E+00
  0.12436193E+01  0.44011800E+00
  0.12441692E+01  0.44946482E+00
  0.12447190E+01  0.45879825E+00
  0.12452688E+01  0.46811862E+00
  0.12458187E+01  0.47742677E+00
  0.12463685E+01  0.48672441E+00
  0.12469184E+01  0.49601395E+00
  0.12474682E+01  0.50529722E+00
  0.12480181E+01  0.51457184E+00
  0.12485679E+01  0.52382803E+00
  0.12491178E+01  0.53305541E+00
  0.12496676E+01  0.54225736E+00
  0.12502175E+01  0.55144752E+00
  0.12507673E+01  0.56063316E+00
  0.12513172E+01  0.56981217E+00
  0.12518670E+01  0.57897992E+00
  0.12524168E+01  0.58813405E+00
  0.12529667E+01  0.59727495E+00
  0.12535165E+01  0.60640341E+00
  0.12540664E+01  0.61551783E+00
  0.12546162E+01  0.62461447E+00
  0.12551661E+01  0.63369021E+00
  0.12557159E+01  0.64274403E+00
  0.12562658E+01  0.65177634E+00
  0.12568156E+01  0.66078802E+00
  0.12573655E+01  0.66977993E+00
  0.12579153E+01  0.67875275E+00
  0.12584652E+01  0.68770691E+00
  0.12590150E+01  0.69664265E+00
  0.12595648E+01  0.70555990E+00
  0.12601147E+01  0.71445823E+00
  0.12606645E+01  0.72333667E+00
  0.12612144E+01  0.73219363E+00
  0.12617642E+01  0.74102681E+00
  0.12623141E+01  0.74983327E+00
  0.12628639E+01  0.75860990E+00
  0.12634138E+01  0.76735414E+00
  0.12639636E+01  0.77606490E+00
  0.12645135E+01  0.78474321E+00
  0.12650633E+01  0.79339212E+00
  0.12656132E+01  0.80201591E+00
  0.12661630E+01  0.81061902E+00
  0.12667128E+01  0.81920517E+00
  0.12672627E+01  0.82777698E+00
  0.12678125E+01  0.83633600E+00
  0.12683624E+01  0.84488289E+00
  0.12689122E+01  0.85341761E+00
  0.12694621E+01  0.86193955E+00
  0.12700119E+01  0.87044758E+00
  0.12705618E+01  0.87894021E+00
  0.12711116E+01  0.88741584E+00
  0.12716615E+01  0.89587308E+00
  0.12722113E+01  0.90431101E+00
  0.12727612E+01  0.91272919E+00
  0.12733110E+01  0.92112758E+00
  0.12738608E+01  0.92950639E+00
  0.12744107E+01  0.93786590E+00
  0.12749605E+01  0.94620636E+00
  0.12755104E+01  0.95452800E+00
  0.12760602E+01  0.96283096E+00
  0.12766101E+01  0.97111532E+00
  0.12771599E+01  0.97938110E+00
  0.12777098E+01  0.98762823E+00
  0.12782596E+01  0.99585661E+00
  0.12788095E+01  0.10040662E+01
  0.12793593E+01  0.10122568E+01
  0.12799091E+01  0.10204286E+01
  0.12804590E+01  0.10285817E+01
  0.12810088E+01  0.10367161E+01
  0.12815587E+01  0.10448320E+01
  0.12821085E+01  0.10529290E+01
  0.12826584E+01  0.10610071E+01
  0.12832082E+01  0.10690657E+01
  0.12837581E+01  0.10771046E+01
  0.12843079E+01  0.10851234E+01
  0.12848578E+01  0.10931219E+01
  0.12854076E+01  0.11011001E+01
  0.12859575E+01  0.11090581E+01
  0.12865073E+01  0.11169968E+01
  0.12870571E+01  0.11249175E+01
  0.12876070E+01  0.11328225E+01
  0.12881568E+01  0.11407147E+01
  0.12887067E+01  0.11485976E+01
  0.12892565E+01  0.11564747E+01
  0.12898064E+01  0.11643488E+01
  0.12903562E+01  0.11722215E+01
  0.12909061E+01  0.11800926E+01
  0.12914559E+01  0.11879610E+01
  0.12920058E+01  0.11958243E+01
  0.12925556E+01  0.12036800E+01
  0.12931055E+01  0.12115257E+01
  0.12936553E+01  0.12193594E+01
  0.12942051E+01  0.12271796E+01
  0.12947550E+01  0.12349851E+01
  0.12953048E+01  0.12427750E+01
  0.12958547E+01  0.12505485E+01
  0.12964045E+01  0.12583050E+01
  0.12969544E+01  0.12660440E+01
  0.12975042E+01  0.12737649E+01
  0.12980541E+01  0.12814673E+01
  0.12986039E+01  0.12891507E+01
  0.12991538E+01  0.12968146E+01
  0.12997036E+01  0.13044588E+01
  0.13002535E+01  0.13120829E+01
  0.13008033E+01  0.13196866E+01
  0.13013531E+01  0.13272699E+01
  0.13019030E+01  0.13348328E+01
  0.13024528E+01  0.13423755E+01
  0.13030027E+01  0.13498987E+01
  0.13035525E+01  0.13574031E+01
  0.13041024E+01  0.13648902E+01
  0.13046522E+01  0.13723612E+01
  0.13052021E+01  0.13798174E+01
  0.13057519E+01  0.13872596E+01
  0.13063018E+01  0.13946877E+01
  0.13068516E+01  0.14021007E+01
  0.13074015E+01  0.14094969E+01
  0.13079513E+01  0.14168745E+01
  0.13085011E+01  0.14242319E+01
  0.13090510E+01  0.14315683E+01
  0.13096008E+01  0.14388844E+01
  0.13101507E+01  0.14461817E+01
  0.13107005E+01  0.14534624E+01
  0.13112504E+01  0.14607282E+01
  0.13118002E+01  0.14679787E+01
  0.13123501E+01  0.14752120E+01
  0.13128999E+01  0.14824254E+01
  0.13134498E+01  0.14896165E+01
  0.13139996E+01  0.14967838E+01
  0.13145495E+01  0.15039265E+01
  0.13150993E+01  0.15110444E+01
  0.13156491E+01  0.15181376E+01
  0.13161990E+01  0.15252061E+01
  0.13167488E+01  0.15322500E+01
  0.13172987E+01  0.15392695E+01
  0.13178485E+01  0.15462648E+01
  0.13183984E+01  0.15532359E+01
  0.13189482E+01  0.15601829E+01
  0.13194981E+01  0.15671059E+01
  0.13200479E+01  0.15740050E+01
  0.13205978E+01  0.15808801E+01
  0.13211476E+01  0.15877313E+01
  0.13216974E+01  0.15945585E+01
  0.13222473E+01  0.16013617E+01
  0.13227971E+01  0.16081406E+01
  0.13233470E+01  0.16148951E+01
  0.13238968E+01  0.16216248E+01
  0.13244467E+01  0.16283293E+01
  0.13249965E+01  0.16350083E+01
  0.13255464E+01  0.16416611E+01
  0.13260962E+01  0.16482870E+01
  0.13266461E+01  0.16548852E+01
  0.13271959E+01  0.16614547E+01
  0.13277458E+01  0.16679947E+01
  0.13282956E+01  0.16745047E+01
  0.13288454E+01  0.16809853E+01
  0.13293953E+01  0.16874394E+01
  0.13299451E+01  0.16938726E+01
  0.13304950E+01  0.17002921E+01
  0.13310448E+01  0.17067027E+01
  0.13315947E+01  0.17131025E+01
  0.13321445E+01  0.17194841E+01
  0.13326944E+01  0.17258393E+01
  0.13332442E+01  0.17321628E+01
  0.13337941E+01  0.17384523E+01
  0.13343439E+01  0.17447072E+01
  0.13348938E+01  0.17509278E+01
  0.13354436E+01  0.17571145E+01
  0.13359934E+01  0.17632673E+01
  0.13365433E+01  0.17693864E+01
  0.13370931E+01  0.17754717E+01
  0.13376430E+01  0.17815228E+01
  0.13381928E+01  0.17875396E+01
  0.13387427E+01  0.17935216E+01
  0.13392925E+01  0.17994687E+01
  0.13398424E+01  0.18053805E+01
  0.13403922E+01  0.18112568E+01
  0.13409421E+01  0.18170973E+01
  0.13414919E+01  0.18229017E+01
  0.13420418E+01  0.18286698E+01
  0.13425916E+01  0.18344014E+01
  0.13431414E+01  0.18400962E+01
  0.13436913E+01  0.18457540E+01
  0.13442411E+01  0.18513745E+01
  0.13447910E+01  0.18569573E+01
  0.13453408E+01  0.18625022E+01
  0.13458907E+01  0.18680090E+01
  0.13464405E+01  0.18734773E+01
  0.13469904E+01  0.18789067E+01
  0.13475402E+01  0.18842970E+01
  0.13480901E+01  0.18896478E+01
  0.13486399E+01  0.18949588E+01
  0.13491898E+01  0.19002296E+01
  0.13497396E+01  0.19054598E+01
  0.13502894E+01  0.19106492E+01
  0.13508393E+01  0.19157973E+01
  0.13513891E+01  0.19209038E+01
  0.13519390E+01  0.19259683E+01
  0.13524888E+01  0.19309905E+01
  0.13530387E+01  0.19359700E+01
  0.13535885E+01  0.19409064E+01
  0.13541384E+01  0.19457994E+01
  0.13546882E+01  0.19506486E+01
  0.13552381E+01  0.19554536E+01
  0.13557879E+01  0.19602142E+01
  0.13563377E+01  0.19649298E+01
  0.13568876E+01  0.19696003E+01
  0.13574374E+01  0.19742252E+01
  0.13579873E+01  0.19788042E+01
  0.13585371E+01  0.19833369E+01
  0.13590870E+01  0.19878231E+01
  0.13596368E+01  0.19922624E+01
  0.13601867E+01  0.19966545E+01
  0.13607365E+01  0.20009991E+01
  0.13612864E+01  0.20052958E+01
  0.13618362E+01  0.20095443E+01
  0.13623861E+01  0.20137445E+01
  0.13629359E+01  0.20178959E+01
  0.13634857E+01  0.20219982E+01
  0.13640356E+01  0.20260513E+01
  0.13645854E+01  0.20300547E+01
  0.13651353E+01  0.20340083E+01
  0.13656851E+01  0.20379118E+01
  0.13662350E+01  0.20417649E+01
  0.13667848E+01  0.20455673E+01
  0.13673347E+01  0.20493189E+01
  0.13678845E+01  0.20530193E+01
  0.13684344E+01  0.20566684E+01
  0.13689842E+01  0.20602660E+01
  0.13695341E+01  0.20638120E+01
  0.13700839E+01  0.20673063E+01
  0.13706337E+01  0.20707488E+01
  0.13711836E+01  0.20741397E+01
  0.13717334E+01  0.20774790E+01
  0.13722833E+01  0.20807670E+01
  0.13728331E+01  0.20840041E+01
  0.13733830E+01  0.20871906E+01
  0.13739328E+01  0.20903271E+01
  0.13744827E+01  0.20934140E+01
  0.13750325E+01  0.20964518E+01
  0.13755824E+01  0.20994410E+01
  0.13761322E+01  0.21023820E+01
  0.13766821E+01  0.21052754E+01
  0.13772319E+01  0.21081216E+01
  0.13777817E+01  0.21109209E+01
  0.13783316E+01  0.21136739E+01
  0.13788814E+01  0.21163813E+01
  0.13794313E+01  0.21190438E+01
  0.13799811E+01  0.21216625E+01
  0.13805310E+01  0.21242381E+01
  0.13810808E+01  0.21267717E+01
  0.13816307E+01  0.21292640E+01
  0.13821805E+01  0.21317154E+01
  0.13827304E+01  0.21341260E+01
  0.13832802E+01  0.21364956E+01
  0.13838301E+01  0.21388237E+01
  0.13843799E+01  0.21411095E+01
  0.13849297E+01  0.21433526E+01
  0.13854796E+01  0.21455523E+01
  0.13860294E+01  0.21477082E+01
  0.13865793E+01  0.21498202E+01
  0.13871291E+01  0.21518883E+01
  0.13876790E+01  0.21539126E+01
  0.13882288E+01  0.21558933E+01
  0.13887787E+01  0.21578310E+01
  0.13893285E+01  0.21597259E+01
  0.13898784E+01  0.21615784E+01
  0.13904282E+01  0.21633890E+01
  0.13909781E+01  0.21651581E+01
  0.13915279E+01  0.21668861E+01
  0.13920777E+01  0.21685734E+01
  0.13926276E+01  0.21702207E+01
  0.13931774E+01  0.21718282E+01
  0.13937273E+01  0.21733967E+01
  0.13942771E+01  0.21749266E+01
  0.13948270E+01  0.21764185E+01
  0.13953768E+01  0.21778729E+01
  0.13959267E+01  0.21792903E+01
  0.13964765E+01  0.21806713E+01
  0.13970264E+01  0.21820164E+01
  0.13975762E+01  0.21833261E+01
  0.13981260E+01  0.21846009E+01
  0.13986759E+01  0.21858413E+01
  0.13992257E+01  0.21870480E+01
  0.13997756E+01  0.21882219E+01
  0.14003254E+01  0.21893641E+01
  0.14008753E+01  0.21904762E+01
  0.14014251E+01  0.21915593E+01
  0.14019750E+01  0.21926139E+01
  0.14025248E+01  0.21936393E+01
  0.14030747E+01  0.21946345E+01
  0.14036245E+01  0.21955993E+01
  0.14041744E+01  0.21965339E+01
  0.14047242E+01  0.21974390E+01
  0.14052740E+01  0.21983152E+01
  0.14058239E+01  0.21991633E+01
  0.14063737E+01  0.21999836E+01
  0.14069236E+01  0.22007769E+01
  0.14074734E+01  0.60724247E+00
  0.14080233E+01  0.59462110E+00
  0.14085731E+01  0.58236217E+00
  0.14091230E+01  0.57042047E+00
  0.14096728E+01  0.55875685E+00
  0.14102227E+01  0.54733738E+00
  0.14107725E+01  0.53613262E+00
  0.14113224E+01  0.52511700E+00
  0.14118722E+01  0.51426829E+00
  0.14124220E+01  0.50356717E+00
  0.14129719E+01  0.49299681E+00
  0.14135217E+01  0.48254262E+00
  0.14140716E+01  0.47219191E+00
  0.14146214E+01  0.46193368E+00
  0.14151713E+01  0.45175842E+00
  0.14157211E+01  0.44165785E+00
  0.14162710E+01  0.43162483E+00
  0.14168208E+01  0.42165311E+00
  0.14173707E+01  0.41173727E+00
  0.14179205E+01  0.40187257E+00
  0.14184704E+01  0.39205487E+00
  0.14190202E+01  0.38228058E+00
  0.14195700E+01  0.37254656E+00
  0.14201199E+01  0.36285009E+00
  0.14206697E+01  0.35318882E+00
  0.14212196E+01  0.34356075E+00
  0.14217694E+01  0.33396416E+00
  0.14223193E+01  0.32439760E+00
  0.14228691E+01  0.31485986E+00
  0.14234190E+01  0.30534996E+00
  0.14239688E+01  0.29586710E+00
  0.14245187E+01  0.28641067E+00
  0.14250685E+01  0.27698023E+00
  0.14256184E+01  0.26757548E+00
  0.14261682E+01  0.25819626E+00
  0.14267180E+01  0.24884252E+00
  0.14272679E+01  0.23951435E+00
  0.14278177E+01  0.23021191E+00
  0.14283676E+01  0.22093548E+00
  0.14289174E+01  0.21168541E+00
  0.14294673E+01  0.20246212E+00
  0.14300171E+01  0.19326610E+00
  0.14305670E+01  0.18409789E+00
  0.14311168E+01  0.17495811E+00
  0.14316667E+01  0.16584739E+00
  0.14322165E+01  0.15676642E+00
  0.14327663E+01  0.14771593E+00
  0.14333162E+01  0.13869669E+00
  0.14338660E+01  0.12970946E+00
  0.14344159E+01  0.12075506E+00
  0.14349657E+01  0.11183431E+00
  0.14355156E+01  0.10294804E+00
  0.14360654E+01  0.94097074E-01
  0.14366153E+01  0.85282238E-01
  0.14371651E+01  0.76504322E-01
  0.14377150E+01  0.67764065E-01
  0.14382648E+01  0.59062125E-01
  0.14388147E+01  0.50399023E-01
  0.14393645E+01  0.41775062E-01
  0.14399143E+01  0.33190190E-01
  0.14404642E+01  0.24643761E-01
  0.14410140E+01  0.16134101E-01
  0.14415639E+01  0.76576666E-02
  0.14421137E+01 -0.79270601E-03
  0.14426636E+01 -0.92317943E-02
  0.14432134E+01 -0.17692144E-01
  0.14437633E+01 -0.26253907E-01
  0.14443131E+01 -0.35150432E-01
  0.14448630E+01 -0.45229880E-01
  0.14454128E+01 -0.59444742E-01
  0.14459627E+01 -0.68205221E-01
  0.14465125E+01 -0.69499042E-01
  0.14470623E+01 -0.75278301E-01
  0.14476122E+01 -0.82392812E-01
  0.14481620E+01 -0.89870544E-01
  0.14487119E+01 -0.97452203E-01
  0.14492617E+01 -0.10505045E+00
  0.14498116E+01 -0.11262970E+00
  0.14503614E+01 -0.12017310E+00
  0.14509113E+01 -0.12767155E+00
  0.14514611E+01 -0.13511950E+00
  0.14520110E+01 -0.14251310E+00
  0.14525608E+01 -0.14984943E+00
  0.14531107E+01 -0.15712605E+00
  0.14536605E+01 -0.16434087E+00
  0.14542103E+01 -0.17149203E+00
  0.14547602E+01 -0.17857787E+00
  0.14553100E+01 -0.18559692E+00
  0.14558599E+01 -0.19254791E+00
  0.14564097E+01 -0.19942975E+00
  0.14569596E+01 -0.20624154E+00
  0.14575094E+01 -0.21298257E+00
  0.14580593E+01 -0.21965230E+00
  0.14586091E+01 -0.22625037E+00
  0.14591590E+01 -0.23277658E+00
  0.14597088E+01 -0.23923086E+00
  0.14602587E+01 -0.24561320E+00
  0.14608085E+01 -0.25192367E+00
  0.14613583E+01 -0.25816231E+00
  0.14619082E+01 -0.26432913E+00
  0.14624580E+01 -0.27042406E+00
  0.14630079E+01 -0.27644696E+00
  0.14635577E+01 -0.28239759E+00
  0.14641076E+01 -0.28827570E+00
  0.14646574E+01 -0.29408097E+00
  0.14652073E+01 -0.29981312E+00
  0.14657571E+01 -0.30547186E+00
  0.14663070E+01 -0.31105698E+00
  0.14668568E+01 -0.31656832E+00
  0.14674066E+01 -0.32200578E+00
  0.14679565E+01 -0.32736935E+00
  0.14685063E+01 -0.33265906E+00
  0.14690562E+01 -0.33787504E+00
  0.14696060E+01 -0.34301745E+00
  0.14701559E+01 -0.34808654E+00
  0.14707057E+01 -0.35308260E+00
  0.14712556E+01 -0.35800600E+00
  0.14718054E+01 -0.36285714E+00
  0.14723553E+01 -0.36763650E+00
  0.14729051E+01 -0.37234462E+00
  0.14734550E+01 -0.37698208E+00
  0.14740048E+01 -0.38154954E+00
  0.14745546E+01 -0.38604769E+00
  0.14751045E+01 -0.39047722E+00
  0.14756543E+01 -0.39483883E+00
  0.14762042E+01 -0.39913304E+00
  0.14767540E+01 -0.40336011E+00
  0.14773039E+01 -0.40751971E+00
  0.14778537E+01 -0.41161044E+00
  0.14784036E+01 -0.41562920E+00
  0.14789534E+01 -0.41957017E+00
  0.14795033E+01 -0.42342391E+00
  0.14800531E+01 -0.42717691E+00
  0.14806030E+01 -0.43081279E+00
  0.14811528E+01 -0.43431657E+00
  0.14817026E+01 -0.43768143E+00
  0.14822525E+01 -0.44091473E+00
  0.14828023E+01 -0.44403771E+00
  0.14833522E+01 -0.44707781E+00
  0.14839020E+01 -0.45005878E+00
  0.14844519E+01 -0.10708633E+01
  0.14850017E+01 -0.10606131E+01
  0.14855516E+01 -0.10507187E+01
  0.14861014E+01 -0.10412068E+01
  0.14866513E+01 -0.10320978E+01
  0.14872011E+01 -0.10234072E+01
  0.14877510E+01 -0.10151460E+01
  0.14883008E+01 -0.10073216E+01
  0.14888506E+01 -0.99993773E+00
  0.14894005E+01 -0.99299481E+00
  0.14899503E+01 -0.98649044E+00
  0.14905002E+01 -0.98041970E+00
  0.14910500E+01 -0.97477547E+00
  0.14915999E+01 -0.96954892E+00
  0.14921497E+01 -0.96472978E+00
  0.14926996E+01 -0.96030675E+00
  0.14932494E+01 -0.95626777E+00
  0.14937993E+01 -0.95260028E+00
  0.14943491E+01 -0.94929148E+00
  0.14948990E+01 -0.94632847E+00
  0.14954488E+01 -0.94369843E+00
  0.14959986E+01 -0.94138865E+00
  0.14965485E+01 -0.93938663E+00
  0.14970983E+01 -0.93768008E+00
  0.14976482E+01 -0.93625696E+00
  0.14981980E+01 -0.93510557E+00
  0.14987479E+01 -0.93421495E+00
  0.14992977E+01 -0.93357586E+00
  0.14998476E+01 -0.93318275E+00
  0.15003974E+01 -0.93303745E+00
  0.15009473E+01 -0.93315387E+00
  0.15014971E+01 -0.93356090E+00
  0.15020470E+01 -0.93429751E+00
  0.15025969E+01 -0.93539696E+00
  
