  0.00000000E+00  0.53460913E+00  0.15875652E-17
  0.10000000E-01  0.53458169E+00  0.35776212E-01
  0.20000000E-01  0.53449933E+00  0.71572996E-01
  0.30000000E-01  0.53436194E+00  0.10741098E+00
  0.40000000E-01  0.53416928E+00  0.14331089E+00
  0.50000000E-01  0.53392107E+00  0.17929362E+00
  0.60000000E-01  0.53361693E+00  0.21538028E+00
  0.70000000E-01  0.53325638E+00  0.25159222E+00
  0.80000000E-01  0.53283886E+00  0.28795113E+00
  0.90000000E-01  0.53236374E+00  0.32447904E+00
  0.10000000E+00  0.53183028E+00  0.36119841E+00
  0.11000000E+00  0.53123766E+00  0.39813213E+00
  0.12000000E+00  0.53058496E+00  0.43530360E+00
  0.13000000E+00  0.52987118E+00  0.47273676E+00
  0.14000000E+00  0.52909521E+00  0.51045614E+00
  0.15000000E+00  0.52825586E+00  0.54848687E+00
  0.16000000E+00  0.52735182E+00  0.58685474E+00
  0.17000000E+00  0.52638171E+00  0.62558621E+00
  0.18000000E+00  0.52534403E+00  0.66470847E+00
  0.19000000E+00  0.52423716E+00  0.70424943E+00
  0.20000000E+00  0.52305939E+00  0.74423776E+00
  0.21000000E+00  0.52180891E+00  0.78470293E+00
  0.22000000E+00  0.52048376E+00  0.82567517E+00
  0.23000000E+00  0.51908190E+00  0.86718554E+00
  0.24000000E+00  0.51760114E+00  0.90926589E+00
  0.25000000E+00  0.51603918E+00  0.95194890E+00
  0.26000000E+00  0.51439358E+00  0.99526807E+00
  0.27000000E+00  0.51266177E+00  0.10392577E+01
  0.28000000E+00  0.51084103E+00  0.10839529E+01
  0.29000000E+00  0.50892851E+00  0.11293895E+01
  0.30000000E+00  0.50692119E+00  0.11756043E+01
  0.31000000E+00  0.50481590E+00  0.12226346E+01
  0.32000000E+00  0.50260930E+00  0.12705186E+01
  0.33000000E+00  0.50029788E+00  0.13192952E+01
  0.34000000E+00  0.49787795E+00  0.13690037E+01
  0.35000000E+00  0.49534562E+00  0.14196844E+01
  0.36000000E+00  0.49269681E+00  0.14713780E+01
  0.37000000E+00  0.48992724E+00  0.15241256E+01
  0.38000000E+00  0.48703238E+00  0.15779690E+01
  0.39000000E+00  0.48400751E+00  0.16329503E+01
  0.40000000E+00  0.48084762E+00  0.16891120E+01
  0.41000000E+00  0.47754750E+00  0.17464968E+01
  0.42000000E+00  0.47410162E+00  0.18051478E+01
  0.43000000E+00  0.47050421E+00  0.18651081E+01
  0.44000000E+00  0.46674917E+00  0.19264211E+01
  0.45000000E+00  0.46283010E+00  0.19891299E+01
  0.46000000E+00  0.45874029E+00  0.20532777E+01
  0.47000000E+00  0.45447266E+00  0.21189077E+01
  0.48000000E+00  0.45001977E+00  0.21860628E+01
  0.49000000E+00  0.44537381E+00  0.22547855E+01
  0.50000000E+00  0.44052657E+00  0.23251181E+01
  0.51000000E+00  0.43546942E+00  0.23971026E+01
  0.52000000E+00  0.43019330E+00  0.24707805E+01
  0.53000000E+00  0.42468870E+00  0.25461928E+01
  0.54000000E+00  0.41894564E+00  0.26233803E+01
  0.55000000E+00  0.41295366E+00  0.27023831E+01
  0.56000000E+00  0.40670181E+00  0.27832413E+01
  0.57000000E+00  0.40017865E+00  0.28659944E+01
  0.58000000E+00  0.39337224E+00  0.29506820E+01
  0.59000000E+00  0.38627014E+00  0.30373439E+01
  0.60000000E+00  0.37885943E+00  0.31260202E+01
  0.61000000E+00  0.37112675E+00  0.32167517E+01
  0.62000000E+00  0.36305832E+00  0.33095805E+01
  0.63000000E+00  0.35464004E+00  0.34045505E+01
  0.64000000E+00  0.34585756E+00  0.35017083E+01
  0.65000000E+00  0.33669639E+00  0.36011040E+01
  0.66000000E+00  0.32714214E+00  0.37027922E+01
  0.67000000E+00  0.31718069E+00  0.38068338E+01
  0.68000000E+00  0.30679858E+00  0.39132972E+01
  0.69000000E+00  0.29598341E+00  0.40222606E+01
  0.70000000E+00  0.28472442E+00  0.41338136E+01
  0.71000000E+00  0.27301330E+00  0.42480605E+01
  0.72000000E+00  0.26084521E+00  0.43651234E+01
  0.73000000E+00  0.24822025E+00  0.44851463E+01
  0.74000000E+00  0.23514539E+00  0.46083018E+01
  0.75000000E+00  0.22163715E+00  0.47347983E+01
  0.76000000E+00  0.20772542E+00  0.48648895E+01
  0.77000000E+00  0.19345883E+00  0.49988790E+01
  0.78000000E+00  0.17891248E+00  0.51371181E+01
  0.79000000E+00  0.16419959E+00  0.52799935E+01
  0.80000000E+00  0.14948911E+00  0.54279283E+01
  0.81000000E+00  0.13503373E+00  0.55814521E+01
  0.82000000E+00  0.12121628E+00  0.57414107E+01
  0.83000000E+00  0.10863233E+00  0.59093244E+01
  0.84000000E+00  0.98257928E-01  0.60873701E+01
  0.85000000E+00  0.91894028E-01  0.62750518E+01
  0.86000000E+00  0.93820496E-01  0.64642885E+01
  0.87000000E+00  0.11649259E+00  0.66701046E+01
  0.88000000E+00  0.17143809E+00  0.69768246E+01
  0.89000000E+00  0.20485368E+00  0.74323427E+01
  0.90000000E+00  0.18663891E+00  0.79648015E+01
  0.91000000E+00  0.13271183E+00  0.85201331E+01
  0.92000000E+00  0.49804958E-01  0.91072070E+01
  0.93000000E+00 -0.61806599E-01  0.97415522E+01
  0.94000000E+00 -0.20475743E+00  0.10435335E+02
  0.95000000E+00 -0.38446349E+00  0.11211971E+02
  0.96000000E+00 -0.61057083E+00  0.12122145E+02
  0.97000000E+00 -0.90237869E+00  0.13246900E+02
  0.98000000E+00 -0.13004913E+01  0.14678635E+02
  0.99000000E+00 -0.19252902E+01  0.16821030E+02
  0.10000000E+01 -0.49461395E+01  0.21384912E+02
  0.10100000E+01 -0.71988050E+01  0.15916616E+02
  0.10200000E+01 -0.77408187E+01  0.13258614E+02
  0.10300000E+01 -0.80116390E+01  0.11423808E+02
  0.10400000E+01 -0.82608465E+01  0.10004942E+02
  0.10500000E+01 -0.84689922E+01  0.87496803E+01
  0.10600000E+01 -0.86368592E+01  0.76537661E+01
  0.10700000E+01 -0.87751663E+01  0.67168865E+01
  0.10800000E+01 -0.88969700E+01  0.59645343E+01
  0.10900000E+01 -0.90286935E+01  0.54682436E+01
  0.11000000E+01 -0.92467247E+01  0.53929192E+01
  0.11100000E+01 -0.10747512E+02  0.52885025E+01
  0.11200000E+01 -0.11064391E+02  0.21329017E+01
  0.11300000E+01 -0.10842905E+02  0.42460775E+00
  0.11400000E+01 -0.10736271E+02 -0.75050063E+00
  0.11500000E+01 -0.10527719E+02 -0.23562737E+01
  0.11600000E+01 -0.10290276E+02 -0.25014666E+01
  0.11700000E+01 -0.10255901E+02 -0.29498314E+01
  0.11800000E+01 -0.10268167E+02 -0.33641180E+01
  0.11900000E+01 -0.10312273E+02 -0.37162558E+01
  0.12000000E+01 -0.10402017E+02 -0.39551995E+01
  0.12100000E+01 -0.10577035E+02 -0.41693572E+01
  0.12200000E+01 -0.10754701E+02 -0.41918346E+01
  0.12300000E+01 -0.11027498E+02 -0.37952863E+01
  0.12400000E+01 -0.11563651E+02 -0.27863183E+01
  0.12500000E+01 -0.12778572E+02 -0.70972413E+00
  0.12600000E+01 -0.16942851E+02 -0.30940031E+00
  0.12700000E+01 -0.19151352E+02 -0.69708612E+01
  0.12800000E+01 -0.20596051E+02 -0.14007210E+02
  0.12900000E+01 -0.21046215E+02 -0.23206249E+02
  0.13000000E+01 -0.14958185E+02 -0.34251913E+02
  0.13100000E+01 -0.13036757E+02 -0.29002685E+02
  0.13200000E+01 -0.12885547E+02 -0.29490760E+02
  0.13300000E+01 -0.12610094E+02 -0.31226797E+02
  0.13400000E+01 -0.12090880E+02 -0.33370848E+02
  0.13500000E+01 -0.10589290E+02 -0.34552228E+02
  0.13600000E+01 -0.10427432E+02 -0.34278164E+02
  0.13700000E+01 -0.10891357E+02 -0.34760956E+02
  0.13800000E+01 -0.11929207E+02 -0.37102465E+02
  0.13900000E+01 -0.14801558E+02 -0.43857376E+02
  0.14000000E+01 -0.16140523E+02 -0.59417046E+02
  0.14100000E+01 -0.15741726E+02 -0.89258743E+02
  0.14200000E+01  0.25291543E+02 -0.10830701E+03
  0.14300000E+01  0.39529055E+02 -0.73766034E+02
  0.14400000E+01  0.40322897E+02 -0.43609303E+02
  0.14500000E+01  0.38647358E+02 -0.25207462E+02
  0.14600000E+01  0.35538042E+02 -0.11138082E+02
  0.14700000E+01  0.30109837E+02 -0.36567049E+01
  0.14800000E+01  0.27050547E+02 -0.29991142E+01
  0.14900000E+01  0.25259225E+02 -0.21308497E+01
  0.15000000E+01  0.23967309E+02 -0.95438870E+00
  0.15100000E+01  0.22922844E+02  0.44167252E+00
  0.15200000E+01  0.21946134E+02  0.17754895E+01
  0.15300000E+01  0.21167941E+02  0.30326993E+01
  0.15400000E+01  0.20440249E+02  0.44005212E+01
  0.15500000E+01  0.19736167E+02  0.57672292E+01
  0.15600000E+01  0.18978965E+02  0.72013814E+01
  0.15700000E+01  0.18157516E+02  0.83312777E+01
  0.15800000E+01  0.17442146E+02  0.89534474E+01
  0.15900000E+01  0.16920006E+02  0.95980452E+01
  0.16000000E+01  0.16472301E+02  0.10246954E+02
  0.16100000E+01  0.16082565E+02  0.10837218E+02
  0.16200000E+01  0.15798999E+02  0.11425777E+02
  0.16300000E+01  0.15657240E+02  0.12079903E+02
  0.16400000E+01  0.15578617E+02  0.12952162E+02
  0.16500000E+01  0.15583480E+02  0.13958762E+02
  0.16600000E+01  0.15752595E+02  0.15233830E+02
  0.16700000E+01  0.15776511E+02  0.17319690E+02
  0.16800000E+01  0.15613294E+02  0.19355387E+02
  0.16900000E+01  0.15377066E+02  0.21643946E+02
  0.17000000E+01  0.15058238E+02  0.24029011E+02
  0.17100000E+01  0.14580738E+02  0.27146997E+02
  0.17200000E+01  0.13685175E+02  0.29245424E+02
  0.17300000E+01  0.12914716E+02  0.31335737E+02
  0.17400000E+01  0.12631123E+02  0.33393710E+02
  0.17500000E+01  0.12580369E+02  0.37224235E+02
  0.17600000E+01  0.12167151E+02  0.43989286E+02
  0.17700000E+01  0.10254770E+02  0.58639410E+02
  0.17800000E+01 -0.66012130E+01  0.49988268E+02
  0.17900000E+01 -0.50231019E+01  0.41615300E+02
  0.18000000E+01 -0.54354612E+01  0.38033677E+02
  0.18100000E+01 -0.58886987E+01  0.35588560E+02
  0.18200000E+01 -0.64941058E+01  0.33758709E+02
  0.18300000E+01 -0.75602150E+01  0.31545805E+02
  0.18400000E+01 -0.79835588E+01  0.28915386E+02
  0.18500000E+01 -0.89649590E+01  0.27011060E+02
  0.18600000E+01 -0.88301322E+01  0.24948761E+02
  0.18700000E+01 -0.10733960E+02  0.22888104E+02
  0.18800000E+01 -0.98318315E+01  0.19537565E+02
  0.18900000E+01 -0.94361205E+01  0.19161531E+02
  0.19000000E+01 -0.93912772E+01  0.18571993E+02
  0.19100000E+01 -0.94399473E+01  0.17755389E+02
  0.19200000E+01 -0.95080339E+01  0.16767139E+02
  0.19300000E+01 -0.95413351E+01  0.15680160E+02
  0.19400000E+01 -0.95344148E+01  0.14599672E+02
  0.19500000E+01 -0.95313583E+01  0.13564457E+02
  0.19600000E+01 -0.95287333E+01  0.12449622E+02
  0.19700000E+01 -0.94939688E+01  0.11391253E+02
  0.19800000E+01 -0.94352005E+01  0.10226661E+02
  0.19900000E+01 -0.92152659E+01  0.93396047E+01
  0.20000000E+01 -0.91535636E+01  0.85487457E+01
  0.20100000E+01 -0.91552407E+01  0.76658504E+01
  0.20200000E+01 -0.91187165E+01  0.66756812E+01
  0.20300000E+01 -0.90167846E+01  0.56679321E+01
  0.20400000E+01 -0.89388022E+01  0.48295899E+01
  0.20500000E+01 -0.89517520E+01  0.36263767E+01
  0.20600000E+01 -0.86966434E+01  0.25950701E+01
  0.20700000E+01 -0.84438025E+01  0.17942506E+01
  0.20800000E+01 -0.81259281E+01  0.94009881E+00
  0.20900000E+01 -0.77760590E+01  0.34240164E+00
  0.21000000E+01 -0.74025395E+01 -0.15282502E+00
  0.21100000E+01 -0.69738345E+01 -0.48806936E+00
  0.21200000E+01 -0.65028634E+01 -0.61186572E+00
  0.21300000E+01 -0.60068926E+01 -0.47981039E+00
  0.21400000E+01 -0.54751763E+01  0.21493759E-01
  0.21500000E+01 -0.58231484E+01  0.10963137E+01
  0.21600000E+01 -0.42864973E+01  0.46350254E+01
  0.21700000E+01 -0.57114543E+01  0.68336073E+01
  0.21800000E+01 -0.69389701E+01  0.79231661E+01
  0.21900000E+01 -0.11409937E+02  0.11926811E+02
  0.22000000E+01 -0.13027299E+02  0.15640899E+01
  0.22100000E+01 -0.11999515E+02 -0.37195022E+01
  0.22200000E+01 -0.10245060E+02 -0.69583231E+01
  0.22300000E+01 -0.84504876E+01 -0.78654485E+01
  0.22400000E+01 -0.66380367E+01 -0.77670236E+01
  0.22500000E+01 -0.46246029E+01 -0.64060641E+01
  0.22600000E+01 -0.23621375E+01 -0.22619138E+01
  0.22700000E+01 -0.28894400E+01  0.23211958E+02
  0.22800000E+01 -0.13633269E+02  0.26332585E+00
  0.22900000E+01 -0.12047364E+02 -0.30786321E+01
  0.23000000E+01 -0.10988050E+02 -0.43259508E+01
  0.23100000E+01 -0.10218609E+02 -0.47935245E+01
  0.23200000E+01 -0.95925753E+01 -0.49767500E+01
  0.23300000E+01 -0.90371488E+01 -0.48679225E+01
  0.23400000E+01 -0.86040019E+01 -0.45824311E+01
  0.23500000E+01 -0.82255347E+01 -0.43417474E+01
  0.23600000E+01 -0.78323339E+01 -0.38263123E+01
  0.23700000E+01 -0.75862527E+01 -0.31845624E+01
  0.23800000E+01 -0.74524559E+01 -0.26725292E+01
  0.23900000E+01 -0.73517719E+01 -0.21394206E+01
  0.24000000E+01 -0.73276300E+01 -0.16088727E+01
  0.24100000E+01 -0.74104791E+01 -0.11026522E+01
  0.24200000E+01 -0.76295692E+01 -0.90730496E+00
  0.24300000E+01 -0.78549088E+01 -0.87475187E+00
  0.24400000E+01 -0.79485469E+01 -0.11421922E+01
  0.24500000E+01 -0.80601088E+01 -0.89771658E+00
  0.24600000E+01 -0.84941075E+01 -0.84382911E+00
  0.24700000E+01 -0.89291857E+01 -0.19362805E+01
  0.24800000E+01 -0.89978310E+01 -0.30548169E+01
  0.24900000E+01 -0.89598243E+01 -0.41392274E+01
  0.25000000E+01 -0.88304303E+01 -0.50057016E+01
  0.25100000E+01 -0.87565223E+01 -0.57909871E+01
  0.25200000E+01 -0.86559143E+01 -0.68027070E+01
  0.25300000E+01 -0.84875700E+01 -0.77644096E+01
  0.25400000E+01 -0.82790769E+01 -0.88532246E+01
  0.25500000E+01 -0.77155475E+01 -0.10030964E+02
  0.25600000E+01 -0.73014420E+01 -0.10622032E+02
  0.25700000E+01 -0.66873711E+01 -0.11259752E+02
  0.25800000E+01 -0.62399710E+01 -0.11756858E+02
  0.25900000E+01 -0.58173868E+01 -0.12352725E+02
  0.26000000E+01 -0.50253501E+01 -0.13107955E+02
  0.26100000E+01 -0.40109103E+01 -0.12670230E+02
  0.26200000E+01 -0.34361902E+01 -0.11918840E+02
  0.26300000E+01 -0.29764892E+01 -0.11054062E+02
  0.26400000E+01 -0.26799175E+01 -0.10236636E+02
  0.26500000E+01 -0.24542946E+01 -0.96156909E+01
  0.26600000E+01 -0.22607167E+01 -0.90176493E+01
  0.26700000E+01 -0.19834793E+01 -0.82628812E+01
  0.26800000E+01 -0.18652136E+01 -0.74476035E+01
  0.26900000E+01 -0.19354211E+01 -0.63690408E+01
  0.27000000E+01 -0.21632895E+01 -0.64084219E+01
  0.27100000E+01 -0.21019511E+01 -0.60845048E+01
  0.27200000E+01 -0.20219158E+01 -0.56409681E+01
  0.27300000E+01 -0.22361667E+01 -0.51984425E+01
  0.27400000E+01 -0.23759134E+01 -0.52344083E+01
  0.27500000E+01 -0.24171927E+01 -0.54096923E+01
  0.27600000E+01 -0.23438351E+01 -0.54874785E+01
  0.27700000E+01 -0.22305807E+01 -0.55559405E+01
  0.27800000E+01 -0.20502811E+01 -0.54802770E+01
  0.27900000E+01 -0.18854969E+01 -0.52406144E+01
  0.28000000E+01 -0.17687391E+01 -0.49045184E+01
  0.28100000E+01 -0.16990572E+01 -0.45618940E+01
  0.28200000E+01 -0.16421817E+01 -0.41474823E+01
  0.28300000E+01 -0.16497760E+01 -0.37157070E+01
  0.28400000E+01 -0.16525710E+01 -0.32895491E+01
  0.28500000E+01 -0.17129132E+01 -0.28548903E+01
  0.28600000E+01 -0.18355795E+01 -0.23882575E+01
  0.28700000E+01 -0.19970899E+01 -0.19675620E+01
  0.28800000E+01 -0.22077211E+01 -0.15568950E+01
  0.28900000E+01 -0.24870763E+01 -0.12018506E+01
  0.29000000E+01 -0.28243361E+01 -0.95110103E+00
  0.29100000E+01 -0.32020421E+01 -0.76916071E+00
  0.29200000E+01 -0.37765040E+01 -0.89994430E+00
  0.29300000E+01 -0.41979781E+01 -0.12690142E+01
  0.29400000E+01 -0.47203186E+01 -0.20258023E+01
  0.29500000E+01 -0.49914655E+01 -0.29772361E+01
  0.29600000E+01 -0.52422000E+01 -0.38814535E+01
  0.29700000E+01 -0.53298927E+01 -0.50243323E+01
  0.29800000E+01 -0.53850915E+01 -0.60530859E+01
  0.29900000E+01 -0.52056093E+01 -0.70725559E+01
  0.30000000E+01 -0.50362662E+01 -0.77830189E+01
  0.30100000E+01 -0.50801761E+01 -0.80484126E+01
  0.30200000E+01 -0.50964412E+01 -0.91979910E+01
  0.30300000E+01 -0.49052477E+01 -0.10181406E+02
  0.30400000E+01 -0.46505290E+01 -0.11090008E+02
  0.30500000E+01 -0.40578668E+01 -0.12525915E+02
  0.30600000E+01 -0.32763229E+01 -0.11820937E+02
  0.30700000E+01 -0.30627592E+01 -0.11600430E+02
  0.30800000E+01 -0.29203100E+01 -0.11509491E+02
  0.30900000E+01 -0.27838001E+01 -0.11544542E+02
  0.31000000E+01 -0.26408232E+01 -0.11604619E+02
  0.31100000E+01 -0.24302876E+01 -0.11616349E+02
  0.31200000E+01 -0.22624348E+01 -0.11629482E+02
  0.31300000E+01 -0.21654863E+01 -0.11468168E+02
  0.31400000E+01 -0.21301038E+01 -0.11360355E+02
  0.31500000E+01 -0.21367411E+01 -0.11484187E+02
  0.31600000E+01 -0.20981844E+01 -0.11602211E+02
  0.31700000E+01 -0.21035695E+01 -0.11916194E+02
  0.31800000E+01 -0.20153655E+01 -0.12874694E+02
  0.31900000E+01 -0.12770942E+01 -0.12591248E+02
  0.32000000E+01 -0.12388044E+01 -0.12280052E+02
  0.32100000E+01 -0.12167434E+01 -0.12310394E+02
  0.32200000E+01 -0.11345761E+01 -0.12468905E+02
  0.32300000E+01 -0.10721674E+01 -0.12691626E+02
  0.32400000E+01 -0.97901582E+00 -0.13033785E+02
  0.32500000E+01 -0.10502858E+01 -0.13441831E+02
  0.32600000E+01 -0.88377526E+00 -0.13619482E+02
  0.32700000E+01 -0.21737212E+00 -0.14755385E+02
  0.32800000E+01  0.29718367E+00 -0.14226729E+02
  0.32900000E+01  0.47854566E+00 -0.13990660E+02
  0.33000000E+01  0.63065135E+00 -0.14134980E+02
  0.33100000E+01  0.86222770E+00 -0.14528072E+02
  0.33200000E+01  0.13348893E+01 -0.15117971E+02
  0.33300000E+01  0.19791414E+01 -0.14814465E+02
  0.33400000E+01  0.25077219E+01 -0.14075586E+02
  0.33500000E+01  0.27983268E+01 -0.13404305E+02
  0.33600000E+01  0.29722792E+01 -0.12694933E+02
  0.33700000E+01  0.31211915E+01 -0.12106660E+02
  0.33800000E+01  0.32387094E+01 -0.11556129E+02
  0.33900000E+01  0.33228269E+01 -0.11066540E+02
  0.34000000E+01  0.33876358E+01 -0.10572604E+02
  0.34100000E+01  0.34186910E+01 -0.10152661E+02
  0.34200000E+01  0.34019470E+01 -0.97637793E+01
  0.34300000E+01  0.36854367E+01 -0.94100171E+01
  0.34400000E+01  0.35739595E+01 -0.90550751E+01
  0.34500000E+01  0.35635818E+01 -0.87970601E+01
  0.34600000E+01  0.32632558E+01 -0.86769041E+01
  0.34700000E+01  0.33429405E+01 -0.87550692E+01
  0.34800000E+01  0.34271421E+01 -0.87562992E+01
  0.34900000E+01  0.35414655E+01 -0.88258738E+01
  0.35000000E+01  0.36048775E+01 -0.85679976E+01
  0.35100000E+01  0.35286977E+01 -0.88285942E+01
  0.35200000E+01  0.35977681E+01 -0.91604205E+01
  0.35300000E+01  0.37985166E+01 -0.97174987E+01
  0.35400000E+01  0.48141022E+01 -0.99830210E+01
  0.35500000E+01  0.50392528E+01 -0.88987498E+01
  0.35600000E+01  0.51189937E+01 -0.82911544E+01
  0.35700000E+01  0.51468426E+01 -0.79364526E+01
  0.35800000E+01  0.51580959E+01 -0.77166608E+01
  0.35900000E+01  0.51770347E+01 -0.78566846E+01
  0.36000000E+01  0.53772321E+01 -0.83851372E+01
  0.36100000E+01  0.62208745E+01 -0.87064613E+01
  0.36200000E+01  0.67752975E+01 -0.75311304E+01
  0.36300000E+01  0.69948604E+01 -0.65759182E+01
  0.36400000E+01  0.72910313E+01 -0.56786414E+01
  0.36500000E+01  0.73255455E+01 -0.43075616E+01
  0.36600000E+01  0.71753083E+01 -0.37756167E+01
  0.36700000E+01  0.72310349E+01 -0.31730409E+01
  0.36800000E+01  0.71585943E+01 -0.22766990E+01
  0.36900000E+01  0.70049611E+01 -0.15889515E+01
  0.37000000E+01  0.68773863E+01 -0.11191498E+01
  0.37100000E+01  0.66253560E+01 -0.64004041E+00
  0.37200000E+01  0.64949308E+01 -0.21543650E+00
  0.37300000E+01  0.63412790E+01  0.24743882E+00
  0.37400000E+01  0.60768492E+01  0.67470135E+00
  0.37500000E+01  0.59515987E+01  0.81433623E+00
  0.37600000E+01  0.58358416E+01  0.10906036E+01
  0.37700000E+01  0.57306660E+01  0.15763128E+01
  0.37800000E+01  0.53420560E+01  0.19188720E+01
  0.37900000E+01  0.51917580E+01  0.19533915E+01
  0.38000000E+01  0.50680860E+01  0.21310456E+01
  0.38100000E+01  0.49349475E+01  0.24142803E+01
  0.38200000E+01  0.47128778E+01  0.27990715E+01
  0.38300000E+01  0.43985242E+01  0.30305380E+01
  0.38400000E+01  0.40355574E+01  0.30240927E+01
  0.38500000E+01  0.37527471E+01  0.28639665E+01
  0.38600000E+01  0.34812439E+01  0.26800746E+01
  0.38700000E+01  0.31970266E+01  0.23913205E+01
  0.38800000E+01  0.28408694E+01  0.17330320E+01
  0.38900000E+01  0.25161446E+01  0.29539835E+00
  0.39000000E+01  0.47923911E+01 -0.53858471E+01
  0.39100000E+01  0.61077958E+01  0.96679617E+00
  0.39200000E+01  0.57767604E+01  0.27896118E+01
  0.39300000E+01  0.54273549E+01  0.38381516E+01
  0.39400000E+01  0.50708675E+01  0.46271894E+01
  0.39500000E+01  0.46294140E+01  0.52176109E+01
  0.39600000E+01  0.43394758E+01  0.55341425E+01
  0.39700000E+01  0.39275349E+01  0.57393256E+01
  0.39800000E+01  0.36091046E+01  0.58413618E+01
  0.39900000E+01  0.31774503E+01  0.58709737E+01
  0.40000000E+01  0.29538094E+01  0.58445515E+01
  0.40100000E+01  0.26967632E+01  0.57907114E+01
  0.40200000E+01  0.24421110E+01  0.57515469E+01
  0.40300000E+01  0.21275847E+01  0.57495866E+01
  0.40400000E+01  0.18362914E+01  0.55479491E+01
  0.40500000E+01  0.14868958E+01  0.52114011E+01
  0.40600000E+01  0.12053779E+01  0.47305924E+01
  0.40700000E+01  0.90559761E+00  0.37709682E+01
  0.40800000E+01  0.75885129E+00  0.23643062E+01
  0.40900000E+01  0.91155189E+00 -0.19672075E-01
  0.41000000E+01  0.24312915E+01 -0.29213982E+01
  0.41100000E+01  0.43996121E+01 -0.71424358E+00
  0.41200000E+01  0.46764026E+01  0.20932470E+01
  0.41300000E+01  0.44891084E+01  0.34261173E+01
  0.41400000E+01  0.42736395E+01  0.43415907E+01
  0.41500000E+01  0.41214091E+01  0.48537839E+01
  0.41600000E+01  0.38914286E+01  0.50123984E+01
  0.41700000E+01  0.37350005E+01  0.49123015E+01
  0.41800000E+01  0.36632847E+01  0.46624904E+01
  0.41900000E+01  0.37083181E+01  0.42749209E+01
  0.42000000E+01  0.40354769E+01  0.38006592E+01
  0.42100000E+01  0.51600887E+01  0.41551014E+01
  0.42200000E+01  0.54283305E+01  0.66651172E+01
  0.42300000E+01  0.51782189E+01  0.86666901E+01
  0.42400000E+01  0.47029326E+01  0.10284161E+02
  0.42500000E+01  0.39298649E+01  0.11603064E+02
  0.42600000E+01  0.32446361E+01  0.12039481E+02
  0.42700000E+01  0.26320455E+01  0.12326450E+02
  0.42800000E+01  0.20747300E+01  0.12531198E+02
  0.42900000E+01  0.15436616E+01  0.12716343E+02
  0.43000000E+01  0.99015674E+00  0.12954414E+02
  0.43100000E+01  0.36544485E+00  0.13169807E+02
  0.43200000E+01 -0.32529338E+00  0.13234205E+02
  0.43300000E+01 -0.10676159E+01  0.13292321E+02
  0.43400000E+01 -0.19734782E+01  0.13343018E+02
  0.43500000E+01 -0.32090401E+01  0.13282492E+02
  0.43600000E+01 -0.50147106E+01  0.11476364E+02
  0.43700000E+01 -0.61570833E+01  0.84925796E+01
  0.43800000E+01 -0.70934085E+01  0.50604116E+01
  0.43900000E+01 -0.79501407E+01  0.54729961E+00
  0.44000000E+01 -0.85244592E+01 -0.76533884E+01
  0.44100000E+01  0.13862297E+01 -0.23614720E+02
  0.44200000E+01  0.42433080E+01 -0.88495050E+01
  0.44300000E+01  0.44856138E+01 -0.48374533E+01
  0.44400000E+01  0.43609998E+01 -0.30973007E+01
  0.44500000E+01  0.46111931E+01 -0.21877151E+01
  0.44600000E+01  0.48009037E+01 -0.51085545E+00
  0.44700000E+01  0.46452056E+01  0.75772478E+00
  0.44800000E+01  0.44562300E+01  0.16439083E+01
  0.44900000E+01  0.42616660E+01  0.23205510E+01
  0.45000000E+01  0.40718776E+01  0.28469769E+01
  0.45100000E+01  0.38891845E+01  0.33027402E+01
  0.45200000E+01  0.36895191E+01  0.36766689E+01
  0.45300000E+01  0.34876109E+01  0.39785687E+01
  0.45400000E+01  0.32808213E+01  0.42278426E+01
  0.45500000E+01  0.30672012E+01  0.44007031E+01
  0.45600000E+01  0.28596176E+01  0.45008413E+01
  0.45700000E+01  0.26505575E+01  0.45106588E+01
  0.45800000E+01  0.24614724E+01  0.44184272E+01
  0.45900000E+01  0.22985817E+01  0.42019884E+01
  0.46000000E+01  0.22058209E+01  0.37643346E+01
  0.46100000E+01  0.23286166E+01  0.33415784E+01
  0.46200000E+01  0.25168105E+01  0.34303641E+01
  0.46300000E+01  0.26008601E+01  0.38537313E+01
  0.46400000E+01  0.25276281E+01  0.41385327E+01
  0.46500000E+01  0.24476875E+01  0.42642759E+01
  0.46600000E+01  0.23671644E+01  0.44046504E+01
  0.46700000E+01  0.22756440E+01  0.44984950E+01
  0.46800000E+01  0.21797344E+01  0.45406302E+01
  0.46900000E+01  0.21073377E+01  0.45714829E+01
  0.47000000E+01  0.20223875E+01  0.46403440E+01
  0.47100000E+01  0.19203103E+01  0.46894837E+01
  0.47200000E+01  0.18361096E+01  0.47589198E+01
  0.47300000E+01  0.17392119E+01  0.48601449E+01
  0.47400000E+01  0.16116888E+01  0.49894132E+01
  0.47500000E+01  0.14082277E+01  0.50774617E+01
  0.47600000E+01  0.12230447E+01  0.48699939E+01
  0.47700000E+01  0.11252176E+01  0.47226106E+01
  0.47800000E+01  0.10209781E+01  0.45764277E+01
  0.47900000E+01  0.98648159E+00  0.44354606E+01
  0.48000000E+01  0.88854893E+00  0.44406268E+01
  0.48100000E+01  0.78710203E+00  0.43221467E+01
  0.48200000E+01  0.71636356E+00  0.41970277E+01
  0.48300000E+01  0.65525716E+00  0.41140823E+01
  0.48400000E+01  0.55186888E+00  0.41269839E+01
  0.48500000E+01  0.45919912E+00  0.39141657E+01
  0.48600000E+01  0.40453012E+00  0.37868645E+01
  0.48700000E+01  0.35202031E+00  0.36725218E+01
  0.48800000E+01  0.30180882E+00  0.35652119E+01
  0.48900000E+01  0.25732759E+00  0.34551181E+01
  0.49000000E+01  0.21100575E+00  0.33739476E+01
  0.49100000E+01  0.16304297E+00  0.32850055E+01
  0.49200000E+01  0.11625614E+00  0.31946769E+01
  0.49300000E+01  0.72136214E-01  0.31032007E+01
  0.49400000E+01  0.31068939E-01  0.30168403E+01
  0.49500000E+01 -0.82976244E-02  0.29377453E+01
  0.49600000E+01 -0.49942613E-01  0.28687394E+01
  0.49700000E+01 -0.97499097E-01  0.28019670E+01
  0.49800000E+01 -0.14296864E+00  0.27297134E+01
  0.49900000E+01 -0.20498637E+00  0.26826879E+01
  0.50000000E+01 -0.27138711E+00  0.25415045E+01
  0.50100000E+01 -0.31158548E+00  0.24127557E+01
  0.50200000E+01 -0.34675949E+00  0.22753284E+01
  0.50300000E+01 -0.35450153E+00  0.21178536E+01
  0.50400000E+01 -0.35463692E+00  0.20691626E+01
  0.50500000E+01 -0.37482462E+00  0.20060989E+01
  0.50600000E+01 -0.39665903E+00  0.19429406E+01
  0.50700000E+01 -0.41991690E+00  0.18857582E+01
  0.50800000E+01 -0.44472520E+00  0.18360619E+01
  0.50900000E+01 -0.47182843E+00  0.18003973E+01
  0.51000000E+01 -0.50550626E+00  0.17798703E+01
  0.51100000E+01 -0.54768691E+00  0.17745754E+01
  0.51200000E+01 -0.60412668E+00  0.17832525E+01
  0.51300000E+01 -0.68568298E+00  0.17900454E+01
  0.51400000E+01 -0.80515515E+00  0.17605075E+01
  0.51500000E+01 -0.99726663E+00  0.16490235E+01
  0.51600000E+01 -0.11823922E+01  0.12139154E+01
  0.51700000E+01 -0.12332380E+01  0.67942834E+00
  0.51800000E+01 -0.12068554E+01  0.25082847E+00
  0.51900000E+01 -0.11677699E+01 -0.13609344E+00
  0.52000000E+01 -0.10901520E+01 -0.52309716E+00
  0.52100000E+01 -0.10193110E+01 -0.94314879E+00
  0.52200000E+01 -0.85860997E+00 -0.14544388E+01
  0.52300000E+01 -0.42297142E+00 -0.17416908E+01
  0.52400000E+01 -0.19166534E+00 -0.13596697E+01
  0.52500000E+01 -0.95931518E-01 -0.11233450E+01
  0.52600000E+01  0.43970142E-03 -0.89740371E+00
  0.52700000E+01  0.23685861E-01 -0.71218025E+00
  0.52800000E+01  0.36593185E-01 -0.57886348E+00
  0.52900000E+01  0.33827547E-01 -0.48045681E+00
  0.53000000E+01  0.29345237E-01 -0.43245845E+00
  0.53100000E+01  0.28727456E-01 -0.39724240E+00
  0.53200000E+01  0.26031781E-01 -0.37186055E+00
  0.53300000E+01  0.28873831E-01 -0.36493790E+00
  0.53400000E+01  0.37912399E-01 -0.35030817E+00
  0.53500000E+01  0.51845294E-01 -0.32738738E+00
  0.53600000E+01  0.64139874E-01 -0.32403693E+00
  0.53700000E+01  0.70754134E-01 -0.27005193E+00
  0.53800000E+01  0.64327882E-01 -0.24241284E+00
  0.53900000E+01  0.43005211E-01 -0.24364355E+00
  0.54000000E+01  0.55880202E-01 -0.26986176E+00
  0.54100000E+01  0.78497329E-01 -0.26509942E+00
  0.54200000E+01  0.76591602E-01 -0.21686089E+00
  0.54300000E+01  0.48444208E-01 -0.20671699E+00
  0.54400000E+01  0.26386577E-01 -0.26520337E+00
  0.54500000E+01  0.27099229E-01 -0.34167522E+00
  0.54600000E+01  0.52052335E-01 -0.42642786E+00
  0.54700000E+01  0.90580532E-01 -0.46447362E+00
  0.54800000E+01  0.13437172E+00 -0.50265516E+00
  0.54900000E+01  0.17773558E+00 -0.47408741E+00
  0.55000000E+01  0.20622310E+00 -0.44518718E+00
  0.55100000E+01  0.22905095E+00 -0.41172475E+00
  0.55200000E+01  0.24796219E+00 -0.37491624E+00
  0.55300000E+01  0.26368609E+00 -0.33519556E+00
  0.55400000E+01  0.27721582E+00 -0.28808164E+00
  0.55500000E+01  0.29254486E+00 -0.23440566E+00
  0.55600000E+01  0.29892667E+00 -0.17502292E+00
  0.55700000E+01  0.30347288E+00 -0.11380127E+00
  0.55800000E+01  0.29638414E+00 -0.54264281E-01
  0.55900000E+01  0.29622351E+00  0.41914557E-02
  0.56000000E+01  0.29526617E+00  0.63309478E-01
  0.56100000E+01  0.28873255E+00  0.12343785E+00
  0.56200000E+01  0.27908231E+00  0.18454267E+00
  0.56300000E+01  0.26812144E+00  0.23886634E+00
  0.56400000E+01  0.25675377E+00  0.29611671E+00
  0.56500000E+01  0.24216777E+00  0.35135575E+00
  0.56600000E+01  0.22778284E+00  0.40247369E+00
  0.56700000E+01  0.21393896E+00  0.45745349E+00
  0.56800000E+01  0.19875332E+00  0.51807268E+00
  0.56900000E+01  0.18237552E+00  0.58854156E+00
  0.57000000E+01  0.16090006E+00  0.67949656E+00
  0.57100000E+01  0.12690001E+00  0.80817090E+00
  0.57200000E+01  0.37677358E-01  0.99264467E+00
  0.57300000E+01 -0.20897694E+00  0.77455082E+00
  0.57400000E+01 -0.21909654E+00  0.60605309E+00
  0.57500000E+01 -0.20083102E+00  0.49249250E+00
  0.57600000E+01 -0.20235675E+00  0.44418737E+00
  0.57700000E+01 -0.20360519E+00  0.40959367E+00
  0.57800000E+01 -0.20822086E+00  0.36914683E+00
  0.57900000E+01 -0.20368980E+00  0.32699662E+00
  0.58000000E+01 -0.19058747E+00  0.31285062E+00
  0.58100000E+01 -0.18829238E+00  0.30727081E+00
  0.58200000E+01 -0.18818540E+00  0.29998743E+00
  0.58300000E+01 -0.19005808E+00  0.29442721E+00
  0.58400000E+01 -0.19299103E+00  0.27941862E+00
  0.58500000E+01 -0.18786450E+00  0.26259299E+00
  0.58600000E+01 -0.18132215E+00  0.26470223E+00
  0.58700000E+01 -0.16362050E+00  0.26631058E+00
  0.58800000E+01 -0.15366503E+00  0.29716948E+00
  0.58900000E+01 -0.14368870E+00  0.32913971E+00
  0.59000000E+01 -0.12885206E+00  0.36917205E+00
  0.59100000E+01 -0.10747427E+00  0.44814408E+00
  0.59200000E+01 -0.10448437E+00  0.56741210E+00
  0.59300000E+01 -0.12623469E+00  0.68132482E+00
  0.59400000E+01 -0.15064745E+00  0.77284836E+00
  0.59500000E+01 -0.17671105E+00  0.85878818E+00
  0.59600000E+01 -0.20466783E+00  0.94604312E+00
  0.59700000E+01 -0.23638799E+00  0.10364699E+01
  0.59800000E+01 -0.27319577E+00  0.11297103E+01
  0.59900000E+01 -0.31663642E+00  0.12268368E+01
  0.60000000E+01 -0.37100722E+00  0.13260289E+01
  0.60100000E+01 -0.43831337E+00  0.14004404E+01
  0.60200000E+01 -0.50305230E+00  0.14549127E+01
  0.60300000E+01 -0.56835165E+00  0.15269250E+01
  0.60400000E+01 -0.65272100E+00  0.16535786E+01
  0.60500000E+01 -0.81503292E+00  0.17610923E+01
  0.60600000E+01 -0.96465516E+00  0.16879124E+01
  0.60700000E+01 -0.11500927E+01  0.16255054E+01
  0.60800000E+01 -0.12892626E+01  0.12535617E+01
  0.60900000E+01 -0.12749803E+01  0.90342484E+00
  0.61000000E+01 -0.12737663E+01  0.78331887E+00
  0.61100000E+01 -0.12824191E+01  0.64195235E+00
  0.61200000E+01 -0.12707764E+01  0.57041426E+00
  0.61300000E+01 -0.12886705E+01  0.50328021E+00
  0.61400000E+01 -0.13108960E+01  0.42278452E+00
  0.61500000E+01 -0.13352267E+01  0.33079966E+00
  0.61600000E+01 -0.13568495E+01  0.22523223E+00
  0.61700000E+01 -0.13736989E+01  0.11579690E+00
  0.61800000E+01 -0.13867204E+01  0.54905357E-02
  0.61900000E+01 -0.13978502E+01 -0.10683742E+00
  0.62000000E+01 -0.14045957E+01 -0.22549702E+00
  0.62100000E+01 -0.14055652E+01 -0.34231321E+00
  0.62200000E+01 -0.14041152E+01 -0.45645515E+00
  0.62300000E+01 -0.13874586E+01 -0.56138122E+00
  0.62400000E+01 -0.13808178E+01 -0.64805202E+00
  0.62500000E+01 -0.13748382E+01 -0.73280945E+00
  0.62600000E+01 -0.13689665E+01 -0.81702319E+00
  0.62700000E+01 -0.13627976E+01 -0.89960362E+00
  0.62800000E+01 -0.13562124E+01 -0.98029464E+00
  0.62900000E+01 -0.13492728E+01 -0.10587755E+01
  0.63000000E+01 -0.13419553E+01 -0.11348274E+01
  0.63100000E+01 -0.13346452E+01 -0.12088267E+01
  0.63200000E+01 -0.13278847E+01 -0.12821014E+01
  0.63300000E+01 -0.13226787E+01 -0.13550420E+01
  0.63400000E+01 -0.13214331E+01 -0.14332289E+01
  0.63500000E+01 -0.13196701E+01 -0.15320432E+01
  0.63600000E+01 -0.13103001E+01 -0.16319343E+01
  0.63700000E+01 -0.12959629E+01 -0.17509492E+01
  0.63800000E+01 -0.12737163E+01 -0.18627178E+01
  0.63900000E+01 -0.12448054E+01 -0.19741119E+01
  0.64000000E+01 -0.12076773E+01 -0.20807404E+01
  0.64100000E+01 -0.11606616E+01 -0.21802864E+01
  0.64200000E+01 -0.10837383E+01 -0.22170120E+01
  0.64300000E+01 -0.10464899E+01 -0.22078888E+01
  0.64400000E+01 -0.10334879E+01 -0.22226280E+01
  0.64500000E+01 -0.10169718E+01 -0.22871749E+01
  0.64600000E+01 -0.98654548E+00 -0.23582757E+01
  0.64700000E+01 -0.95067265E+00 -0.24193608E+01
  0.64800000E+01 -0.91190911E+00 -0.24744461E+01
  0.64900000E+01 -0.86977564E+00 -0.25279244E+01
  0.65000000E+01 -0.82225411E+00 -0.25766733E+01
  0.65100000E+01 -0.77191537E+00 -0.26210000E+01
  0.65200000E+01 -0.71392561E+00 -0.26653207E+01
  0.65300000E+01 -0.64562328E+00 -0.26684963E+01
  0.65400000E+01 -0.59281647E+00 -0.26575046E+01
  0.65500000E+01 -0.54383111E+00 -0.26521692E+01
  0.65600000E+01 -0.48558969E+00 -0.26573683E+01
  0.65700000E+01 -0.42842149E+00 -0.26140453E+01
  0.65800000E+01 -0.38123170E+00 -0.25624683E+01
  0.65900000E+01 -0.34369466E+00 -0.25072050E+01
  0.66000000E+01 -0.31192854E+00 -0.24561709E+01
  0.66100000E+01 -0.28388835E+00 -0.24086432E+01
  0.66200000E+01 -0.25867989E+00 -0.23629255E+01
  0.66300000E+01 -0.23584617E+00 -0.23179809E+01
  0.66400000E+01 -0.21517753E+00 -0.22737847E+01
  0.66500000E+01 -0.19629867E+00 -0.22313508E+01
  0.66600000E+01 -0.19021618E+00 -0.21855030E+01
  0.66700000E+01 -0.17503323E+00 -0.21654173E+01
  0.66800000E+01 -0.15969717E+00 -0.21391204E+01
  0.66900000E+01 -0.14467505E+00 -0.21140330E+01
  0.67000000E+01 -0.13004906E+00 -0.20890921E+01
  0.67100000E+01 -0.11556422E+00 -0.20646611E+01
  0.67200000E+01 -0.10181388E+00 -0.20397435E+01
  0.67300000E+01 -0.88688376E-01 -0.20160707E+01
  0.67400000E+01 -0.76026973E-01 -0.19932825E+01
  0.67500000E+01 -0.63782949E-01 -0.19714075E+01
  0.67600000E+01 -0.51912472E-01 -0.19504124E+01
  0.67700000E+01 -0.40380292E-01 -0.19302311E+01
  0.67800000E+01 -0.29158679E-01 -0.19107876E+01
  0.67900000E+01 -0.18225546E-01 -0.18920048E+01
  0.68000000E+01 -0.75628969E-02 -0.18738074E+01
  0.68100000E+01  0.28443067E-02 -0.18561231E+01
  0.68200000E+01  0.13008914E-01 -0.18388842E+01
  0.68300000E+01  0.22942094E-01 -0.18220284E+01
  0.68400000E+01  0.32653653E-01 -0.18054994E+01
  0.68500000E+01  0.42152243E-01 -0.17892471E+01
  0.68600000E+01  0.51445491E-01 -0.17732276E+01
  0.68700000E+01  0.60540102E-01 -0.17574025E+01
  0.68800000E+01  0.69441944E-01 -0.17417384E+01
  0.68900000E+01  0.78156126E-01 -0.17262065E+01
  0.69000000E+01  0.86687075E-01 -0.17107815E+01
  0.69100000E+01  0.95038619E-01 -0.16954415E+01
  0.69200000E+01  0.10321405E+00 -0.16801675E+01
  0.69300000E+01  0.11121623E+00 -0.16649424E+01
  0.69400000E+01  0.11904759E+00 -0.16497513E+01
  0.69500000E+01  0.12671029E+00 -0.16345806E+01
  0.69600000E+01  0.13420620E+00 -0.16194186E+01
  0.69700000E+01  0.14153722E+00 -0.16042581E+01
  0.69800000E+01  0.14870748E+00 -0.15890961E+01
  0.69900000E+01  0.15572603E+00 -0.15739017E+01
  0.70000000E+01  0.16257586E+00 -0.15586445E+01
  0.70100000E+01  0.16925126E+00 -0.15433660E+01
  0.70200000E+01  0.17577303E+00 -0.15280756E+01
  0.70300000E+01  0.18214186E+00 -0.15127324E+01
  0.70400000E+01  0.18835470E+00 -0.14973359E+01
  0.70500000E+01  0.19441252E+00 -0.14818864E+01
  0.70600000E+01  0.20031605E+00 -0.14663810E+01
  0.70700000E+01  0.20605978E+00 -0.14508170E+01
  0.70800000E+01  0.21169470E+00 -0.14351926E+01
  0.70900000E+01  0.21713452E+00 -0.14195080E+01
  0.71000000E+01  0.22243300E+00 -0.14037647E+01
  0.71100000E+01  0.22758354E+00 -0.13879654E+01
  0.71200000E+01  0.23258701E+00 -0.13721133E+01
  0.71300000E+01  0.23744497E+00 -0.13562117E+01
  0.71400000E+01  0.24215913E+00 -0.13402641E+01
  0.71500000E+01  0.24673121E+00 -0.13242738E+01
  0.71600000E+01  0.25116300E+00 -0.13082446E+01
  0.71700000E+01  0.25545631E+00 -0.12921808E+01
  0.71800000E+01  0.25961297E+00 -0.12760865E+01
  0.71900000E+01  0.26363488E+00 -0.12599667E+01
  0.72000000E+01  0.26752395E+00 -0.12438261E+01
  0.72100000E+01  0.27128213E+00 -0.12276700E+01
  0.72200000E+01  0.27491140E+00 -0.12115035E+01
  0.72300000E+01  0.27841379E+00 -0.11953321E+01
  0.72400000E+01  0.28179134E+00 -0.11791611E+01
  0.72500000E+01  0.28504610E+00 -0.11629960E+01
  0.72600000E+01  0.28818017E+00 -0.11468425E+01
  0.72700000E+01  0.29119565E+00 -0.11307060E+01
  0.72800000E+01  0.29409467E+00 -0.11145922E+01
  0.72900000E+01  0.29687935E+00 -0.10985066E+01
  0.73000000E+01  0.29955183E+00 -0.10824548E+01
  0.73100000E+01  0.30211428E+00 -0.10664421E+01
  0.73200000E+01  0.30456884E+00 -0.10504740E+01
  0.73300000E+01  0.30691768E+00 -0.10345559E+01
  0.73400000E+01  0.30916294E+00 -0.10186930E+01
  0.73500000E+01  0.31130678E+00 -0.10028904E+01
  0.73600000E+01  0.31335135E+00 -0.98715336E+00
  0.73700000E+01  0.31529879E+00 -0.97148669E+00
  0.73800000E+01  0.31715123E+00 -0.95589530E+00
  0.73900000E+01  0.31891080E+00 -0.94038392E+00
  0.74000000E+01  0.32057959E+00 -0.92495715E+00
  0.74100000E+01  0.32215971E+00 -0.90961950E+00
  0.74200000E+01  0.32365322E+00 -0.89437530E+00
  0.74300000E+01  0.32506219E+00 -0.87922877E+00
  0.74400000E+01  0.32638866E+00 -0.86418400E+00
  0.74500000E+01  0.32763464E+00 -0.84924492E+00
  0.74600000E+01  0.32880213E+00 -0.83441534E+00
  0.74700000E+01  0.32989311E+00 -0.81969890E+00
  0.74800000E+01  0.33090952E+00 -0.80509912E+00
  0.74900000E+01  0.33185328E+00 -0.79061936E+00
  0.75000000E+01  0.33272631E+00 -0.77626284E+00
  0.75100000E+01  0.33353047E+00 -0.76203265E+00
  0.75200000E+01  0.33426760E+00 -0.74793171E+00
  0.75300000E+01  0.33493952E+00 -0.73396282E+00
  0.75400000E+01  0.33554802E+00 -0.72012861E+00
  0.75500000E+01  0.33609487E+00 -0.70643160E+00
  0.75600000E+01  0.33658179E+00 -0.69287415E+00
  0.75700000E+01  0.33701047E+00 -0.67945848E+00
  0.75800000E+01  0.33738260E+00 -0.66618669E+00
  0.75900000E+01  0.33769982E+00 -0.65306072E+00
  0.76000000E+01  0.33796372E+00 -0.64008241E+00
  0.76100000E+01  0.33817590E+00 -0.62725342E+00
  0.76200000E+01  0.33833790E+00 -0.61457534E+00
  0.76300000E+01  0.33845124E+00 -0.60204959E+00
  0.76400000E+01  0.33851740E+00 -0.58967748E+00
  0.76500000E+01  0.33853785E+00 -0.57746020E+00
  0.76600000E+01  0.33851401E+00 -0.56539882E+00
  0.76700000E+01  0.33844727E+00 -0.55349429E+00
  0.76800000E+01  0.33833900E+00 -0.54174746E+00
  0.76900000E+01  0.33819054E+00 -0.53015904E+00
  0.77000000E+01  0.33800319E+00 -0.51872966E+00
  0.77100000E+01  0.33777823E+00 -0.50745984E+00
  0.77200000E+01  0.33751690E+00 -0.49634998E+00
  0.77300000E+01  0.33722042E+00 -0.48540039E+00
  0.77400000E+01  0.33688998E+00 -0.47461129E+00
  0.77500000E+01  0.33652674E+00 -0.46398280E+00
  0.77600000E+01  0.33613183E+00 -0.45351493E+00
  0.77700000E+01  0.33570636E+00 -0.44320764E+00
  0.77800000E+01  0.33525140E+00 -0.43306076E+00
  0.77900000E+01  0.33476801E+00 -0.42307407E+00
  0.78000000E+01  0.33425720E+00 -0.41324725E+00
  0.78100000E+01  0.33371997E+00 -0.40357990E+00
  0.78200000E+01  0.33315730E+00 -0.39407157E+00
  0.78300000E+01  0.33257014E+00 -0.38472169E+00
  0.78400000E+01  0.33195939E+00 -0.37552967E+00
  0.78500000E+01  0.33132597E+00 -0.36649482E+00
  0.78600000E+01  0.33067074E+00 -0.35761639E+00
  0.78700000E+01  0.32999455E+00 -0.34889357E+00
  0.78800000E+01  0.32929824E+00 -0.34032550E+00
  0.78900000E+01  0.32858259E+00 -0.33191123E+00
  0.79000000E+01  0.32784840E+00 -0.32364979E+00
  0.79100000E+01  0.32709642E+00 -0.31554014E+00
  0.79200000E+01  0.32632740E+00 -0.30758118E+00
  0.79300000E+01  0.32554204E+00 -0.29977178E+00
  0.79400000E+01  0.32474106E+00 -0.29211075E+00
  0.79500000E+01  0.32392512E+00 -0.28459685E+00
  0.79600000E+01  0.32309488E+00 -0.27722882E+00
  0.79700000E+01  0.32225098E+00 -0.27000534E+00
  0.79800000E+01  0.32139404E+00 -0.26292505E+00
  0.79900000E+01  0.32052467E+00 -0.25598657E+00
  0.80000000E+01  0.31964344E+00 -0.24918848E+00
  0.80100000E+01  0.31875093E+00 -0.24252931E+00
  0.80200000E+01  0.31784768E+00 -0.23600759E+00
  0.80300000E+01  0.31693422E+00 -0.22962179E+00
  0.80400000E+01  0.31601109E+00 -0.22337038E+00
  0.80500000E+01  0.31507876E+00 -0.21725179E+00
  0.80600000E+01  0.31413774E+00 -0.21126443E+00
  0.80700000E+01  0.31318849E+00 -0.20540668E+00
  0.80800000E+01  0.31223146E+00 -0.19967693E+00
  0.80900000E+01  0.31126711E+00 -0.19407351E+00
  0.81000000E+01  0.31029586E+00 -0.18859477E+00
  0.81100000E+01  0.30931812E+00 -0.18323902E+00
  0.81200000E+01  0.30833430E+00 -0.17800457E+00
  0.81300000E+01  0.30734478E+00 -0.17288971E+00
  0.81400000E+01  0.30634994E+00 -0.16789274E+00
  0.81500000E+01  0.30535015E+00 -0.16301191E+00
  0.81600000E+01  0.30434575E+00 -0.15824551E+00
  0.81700000E+01  0.30333710E+00 -0.15359179E+00
  0.81800000E+01  0.30232451E+00 -0.14904900E+00
  0.81900000E+01  0.30130832E+00 -0.14461541E+00
  0.82000000E+01  0.30028881E+00 -0.14028926E+00
  0.82100000E+01  0.29926631E+00 -0.13606880E+00
  0.82200000E+01  0.29824109E+00 -0.13195228E+00
  0.82300000E+01  0.29721343E+00 -0.12793795E+00
  0.82400000E+01  0.29618360E+00 -0.12402406E+00
  0.82500000E+01  0.29515187E+00 -0.12020887E+00
  0.82600000E+01  0.29411848E+00 -0.11649064E+00
  0.82700000E+01  0.29308367E+00 -0.11286763E+00
  0.82800000E+01  0.29204768E+00 -0.10933811E+00
  0.82900000E+01  0.29101074E+00 -0.10590037E+00
  0.83000000E+01  0.28997307E+00 -0.10255269E+00
  0.83100000E+01  0.28893486E+00 -0.99293356E-01
  0.83200000E+01  0.28789634E+00 -0.96120687E-01
  0.83300000E+01  0.28685769E+00 -0.93032993E-01
  0.83400000E+01  0.28581910E+00 -0.90028602E-01
  0.83500000E+01  0.28478075E+00 -0.87105853E-01
  0.83600000E+01  0.28374283E+00 -0.84263096E-01
  0.83700000E+01  0.28270549E+00 -0.81498698E-01
  0.83800000E+01  0.28166890E+00 -0.78811036E-01
  0.83900000E+01  0.28063322E+00 -0.76198505E-01
  0.84000000E+01  0.27959860E+00 -0.73659513E-01
  0.84100000E+01  0.27856518E+00 -0.71192483E-01
  0.84200000E+01  0.27753311E+00 -0.68795857E-01
  0.84300000E+01  0.27650251E+00 -0.66468092E-01
  0.84400000E+01  0.27547352E+00 -0.64207661E-01
  0.84500000E+01  0.27444626E+00 -0.62013057E-01
  0.84600000E+01  0.27342085E+00 -0.59882788E-01
  0.84700000E+01  0.27239740E+00 -0.57815382E-01
  0.84800000E+01  0.27137603E+00 -0.55809386E-01
  0.84900000E+01  0.27035683E+00 -0.53863366E-01
  0.85000000E+01  0.26933992E+00 -0.51975905E-01
  0.85100000E+01  0.26832538E+00 -0.50145608E-01
  0.85200000E+01  0.26731331E+00 -0.48371098E-01
  0.85300000E+01  0.26630381E+00 -0.46651020E-01
  0.85400000E+01  0.26529694E+00 -0.44984037E-01
  0.85500000E+01  0.26429281E+00 -0.43368833E-01
  0.85600000E+01  0.26329147E+00 -0.41804113E-01
  0.85700000E+01  0.26229302E+00 -0.40288603E-01
  0.85800000E+01  0.26129752E+00 -0.38821048E-01
  0.85900000E+01  0.26030503E+00 -0.37400215E-01
  0.86000000E+01  0.25931563E+00 -0.36024891E-01
  0.86100000E+01  0.25832937E+00 -0.34693886E-01
  0.86200000E+01  0.25734632E+00 -0.33406028E-01
  0.86300000E+01  0.25636653E+00 -0.32160169E-01
  0.86400000E+01  0.25539005E+00 -0.30955179E-01
  0.86500000E+01  0.25441694E+00 -0.29789951E-01
  0.86600000E+01  0.25344724E+00 -0.28663398E-01
  0.86700000E+01  0.25248100E+00 -0.27574454E-01
  0.86800000E+01  0.25151826E+00 -0.26522075E-01
  0.86900000E+01  0.25055907E+00 -0.25505236E-01
  0.87000000E+01  0.24960346E+00 -0.24522932E-01
  0.87100000E+01  0.24865146E+00 -0.23574182E-01
  0.87200000E+01  0.24770312E+00 -0.22658021E-01
  0.87300000E+01  0.24675847E+00 -0.21773508E-01
  0.87400000E+01  0.24581753E+00 -0.20919720E-01
  0.87500000E+01  0.24488034E+00 -0.20095755E-01
  0.87600000E+01  0.24394692E+00 -0.19300729E-01
  0.87700000E+01  0.24301730E+00 -0.18533780E-01
  0.87800000E+01  0.24209149E+00 -0.17794064E-01
  0.87900000E+01  0.24116953E+00 -0.17080756E-01
  0.88000000E+01  0.24025144E+00 -0.16393052E-01
  0.88100000E+01  0.23933722E+00 -0.15730165E-01
  0.88200000E+01  0.23842690E+00 -0.15091327E-01
  0.88300000E+01  0.23752050E+00 -0.14475788E-01
  0.88400000E+01  0.23661802E+00 -0.13882818E-01
  0.88500000E+01  0.23571949E+00 -0.13311704E-01
  0.88600000E+01  0.23482491E+00 -0.12761748E-01
  0.88700000E+01  0.23393429E+00 -0.12232274E-01
  0.88800000E+01  0.23304765E+00 -0.11722621E-01
  0.88900000E+01  0.23216498E+00 -0.11232144E-01
  0.89000000E+01  0.23128631E+00 -0.10760216E-01
  0.89100000E+01  0.23041163E+00 -0.10306227E-01
  0.89200000E+01  0.22954094E+00 -0.98695818E-02
  0.89300000E+01  0.22867426E+00 -0.94497017E-02
  0.89400000E+01  0.22781158E+00 -0.90460237E-02
  0.89500000E+01  0.22695292E+00 -0.86580001E-02
  0.89600000E+01  0.22609825E+00 -0.82850982E-02
  0.89700000E+01  0.22524760E+00 -0.79268004E-02
  0.89800000E+01  0.22440096E+00 -0.75826034E-02
  0.89900000E+01  0.22355832E+00 -0.72520183E-02
  0.90000000E+01  0.22271969E+00 -0.69345701E-02
  0.90100000E+01  0.22188505E+00 -0.66297976E-02
  0.90200000E+01  0.22105442E+00 -0.63372531E-02
  0.90300000E+01  0.22022778E+00 -0.60565020E-02
  0.90400000E+01  0.21940512E+00 -0.57871225E-02
  0.90500000E+01  0.21858645E+00 -0.55287056E-02
  0.90600000E+01  0.21777176E+00 -0.52808547E-02
  0.90700000E+01  0.21696103E+00 -0.50431851E-02
  0.90800000E+01  0.21615427E+00 -0.48153239E-02
  0.90900000E+01  0.21535146E+00 -0.45969100E-02
  0.91000000E+01  0.21455260E+00 -0.43875934E-02
  0.91100000E+01  0.21375767E+00 -0.41870351E-02
  0.91200000E+01  0.21296667E+00 -0.39949069E-02
  0.91300000E+01  0.21217959E+00 -0.38108911E-02
  0.91400000E+01  0.21139642E+00 -0.36346804E-02
  0.91500000E+01  0.21061714E+00 -0.34659771E-02
  0.91600000E+01  0.20984175E+00 -0.33044937E-02
  0.91700000E+01  0.20907023E+00 -0.31499518E-02
  0.91800000E+01  0.20830257E+00 -0.30020826E-02
  0.91900000E+01  0.20753877E+00 -0.28606260E-02
  0.92000000E+01  0.20677880E+00 -0.27253309E-02
  0.92100000E+01  0.20602265E+00 -0.25959546E-02
  0.92200000E+01  0.20527032E+00 -0.24722628E-02
  0.92300000E+01  0.20452178E+00 -0.23540292E-02
  0.92400000E+01  0.20377703E+00 -0.22410354E-02
  0.92500000E+01  0.20303605E+00 -0.21330706E-02
  0.92600000E+01  0.20229882E+00 -0.20299315E-02
  0.92700000E+01  0.20156534E+00 -0.19314220E-02
  0.92800000E+01  0.20083558E+00 -0.18373529E-02
  0.92900000E+01  0.20010953E+00 -0.17475419E-02
  0.93000000E+01  0.19938718E+00 -0.16618132E-02
  0.93100000E+01  0.19866851E+00 -0.15799976E-02
  0.93200000E+01  0.19795351E+00 -0.15019318E-02
  0.93300000E+01  0.19724215E+00 -0.14274588E-02
  0.93400000E+01  0.19653443E+00 -0.13564273E-02
  0.93500000E+01  0.19583033E+00 -0.12886918E-02
  0.93600000E+01  0.19512983E+00 -0.12241119E-02
  0.93700000E+01  0.19443291E+00 -0.11625530E-02
  0.93800000E+01  0.19373957E+00 -0.11038853E-02
  0.93900000E+01  0.19304977E+00 -0.10479841E-02
  0.94000000E+01  0.19236352E+00 -0.99472949E-03
  0.94100000E+01  0.19168078E+00 -0.94400615E-03
  0.94200000E+01  0.19100155E+00 -0.89570334E-03
  0.94300000E+01  0.19032580E+00 -0.84971465E-03
  0.94400000E+01  0.18965352E+00 -0.80593785E-03
  0.94500000E+01  0.18898469E+00 -0.76427479E-03
  0.94600000E+01  0.18831929E+00 -0.72463124E-03
  0.94700000E+01  0.18765732E+00 -0.68691675E-03
  0.94800000E+01  0.18699874E+00 -0.65104453E-03
  0.94900000E+01  0.18634355E+00 -0.61693133E-03
  0.95000000E+01  0.18569172E+00 -0.58449727E-03
  0.95100000E+01  0.18504324E+00 -0.55366579E-03
  0.95200000E+01  0.18439809E+00 -0.52436347E-03
  0.95300000E+01  0.18375625E+00 -0.49651997E-03
  0.95400000E+01  0.18311771E+00 -0.47006785E-03
  0.95500000E+01  0.18248245E+00 -0.44494254E-03
  0.95600000E+01  0.18185045E+00 -0.42108218E-03
  0.95700000E+01  0.18122169E+00 -0.39842754E-03
  0.95800000E+01  0.18059616E+00 -0.37692193E-03
  0.95900000E+01  0.17997384E+00 -0.35651107E-03
  0.96000000E+01  0.17935471E+00 -0.33714305E-03
  0.96100000E+01  0.17873875E+00 -0.31876819E-03
  0.96200000E+01  0.17812595E+00 -0.30133899E-03
  0.96300000E+01  0.17751629E+00 -0.28481002E-03
  0.96400000E+01  0.17690975E+00 -0.26913786E-03
  0.96500000E+01  0.17630632E+00 -0.25428102E-03
  0.96600000E+01  0.17570597E+00 -0.24019982E-03
  0.96700000E+01  0.17510869E+00 -0.22685641E-03
  0.96800000E+01  0.17451446E+00 -0.21421459E-03
  0.96900000E+01  0.17392326E+00 -0.20223982E-03
  0.97000000E+01  0.17333509E+00 -0.19089913E-03
  0.97100000E+01  0.17274991E+00 -0.18016104E-03
  0.97200000E+01  0.17216772E+00 -0.16999551E-03
  0.97300000E+01  0.17158849E+00 -0.16037391E-03
  0.97400000E+01  0.17101222E+00 -0.15126891E-03
  0.97500000E+01  0.17043887E+00 -0.14265445E-03
  0.97600000E+01  0.16986844E+00 -0.13450569E-03
  0.97700000E+01  0.16930091E+00 -0.12679897E-03
  0.97800000E+01  0.16873626E+00 -0.11951173E-03
  0.97900000E+01  0.16817447E+00 -0.11262248E-03
  0.98000000E+01  0.16761553E+00 -0.10611075E-03
  0.98100000E+01  0.16705942E+00 -0.99957050E-04
  0.98200000E+01  0.16650612E+00 -0.94142835E-04
  0.98300000E+01  0.16595563E+00 -0.88650443E-04
  0.98400000E+01  0.16540791E+00 -0.83463070E-04
  0.98500000E+01  0.16486296E+00 -0.78564731E-04
  0.98600000E+01  0.16432076E+00 -0.73940219E-04
  0.98700000E+01  0.16378129E+00 -0.69575077E-04
  0.98800000E+01  0.16324453E+00 -0.65455557E-04
  0.98900000E+01  0.16271047E+00 -0.61568593E-04
  0.99000000E+01  0.16217910E+00 -0.57901771E-04
  0.99100000E+01  0.16165040E+00 -0.54443291E-04
  0.99200000E+01  0.16112434E+00 -0.51181950E-04
  0.99300000E+01  0.16060092E+00 -0.48107107E-04
  0.99400000E+01  0.16008012E+00 -0.45208659E-04
  0.99500000E+01  0.15956193E+00 -0.42477014E-04
  0.99600000E+01  0.15904632E+00 -0.39903074E-04
  0.99700000E+01  0.15853329E+00 -0.37478201E-04
  0.99800000E+01  0.15802281E+00 -0.35194206E-04
  0.99900000E+01  0.15751487E+00 -0.33043318E-04
  0.10000000E+02  0.15700946E+00 -0.31018174E-04
