  0.00000000E+00  0.46973369E+00  0.21591907E-17
  0.10000000E-01  0.46970578E+00  0.35143357E-01
  0.20000000E-01  0.46962201E+00  0.70305310E-01
  0.30000000E-01  0.46948229E+00  0.10550451E+00
  0.40000000E-01  0.46928641E+00  0.14075971E+00
  0.50000000E-01  0.46903413E+00  0.17608985E+00
  0.60000000E-01  0.46872513E+00  0.21151405E+00
  0.70000000E-01  0.46835898E+00  0.24705172E+00
  0.80000000E-01  0.46793523E+00  0.28272259E+00
  0.90000000E-01  0.46745331E+00  0.31854676E+00
  0.10000000E+00  0.46691260E+00  0.35454476E+00
  0.11000000E+00  0.46631239E+00  0.39073756E+00
  0.12000000E+00  0.46565191E+00  0.42714666E+00
  0.13000000E+00  0.46493029E+00  0.46379412E+00
  0.14000000E+00  0.46414659E+00  0.50070260E+00
  0.15000000E+00  0.46329980E+00  0.53789539E+00
  0.16000000E+00  0.46238881E+00  0.57539646E+00
  0.17000000E+00  0.46141245E+00  0.61323048E+00
  0.18000000E+00  0.46036945E+00  0.65142288E+00
  0.19000000E+00  0.45925845E+00  0.68999984E+00
  0.20000000E+00  0.45807802E+00  0.72898835E+00
  0.21000000E+00  0.45682662E+00  0.76841621E+00
  0.22000000E+00  0.45550263E+00  0.80831206E+00
  0.23000000E+00  0.45410433E+00  0.84870539E+00
  0.24000000E+00  0.45262992E+00  0.88962656E+00
  0.25000000E+00  0.45107748E+00  0.93110679E+00
  0.26000000E+00  0.44944500E+00  0.97317819E+00
  0.27000000E+00  0.44773035E+00  0.10158737E+01
  0.28000000E+00  0.44593132E+00  0.10592273E+01
  0.29000000E+00  0.44404555E+00  0.11032735E+01
  0.30000000E+00  0.44207060E+00  0.11480481E+01
  0.31000000E+00  0.44000388E+00  0.11935874E+01
  0.32000000E+00  0.43784271E+00  0.12399286E+01
  0.33000000E+00  0.43558423E+00  0.12871098E+01
  0.34000000E+00  0.43322550E+00  0.13351697E+01
  0.35000000E+00  0.43076340E+00  0.13841478E+01
  0.36000000E+00  0.42819469E+00  0.14340844E+01
  0.37000000E+00  0.42551595E+00  0.14850203E+01
  0.38000000E+00  0.42272363E+00  0.15369970E+01
  0.39000000E+00  0.41981400E+00  0.15900565E+01
  0.40000000E+00  0.41678315E+00  0.16442412E+01
  0.41000000E+00  0.41362700E+00  0.16995942E+01
  0.42000000E+00  0.41034127E+00  0.17561587E+01
  0.43000000E+00  0.40692149E+00  0.18139783E+01
  0.44000000E+00  0.40336298E+00  0.18730970E+01
  0.45000000E+00  0.39966084E+00  0.19335588E+01
  0.46000000E+00  0.39580995E+00  0.19954078E+01
  0.47000000E+00  0.39180495E+00  0.20586883E+01
  0.48000000E+00  0.38764022E+00  0.21234444E+01
  0.49000000E+00  0.38330991E+00  0.21897201E+01
  0.50000000E+00  0.37880790E+00  0.22575594E+01
  0.51000000E+00  0.37412778E+00  0.23270060E+01
  0.52000000E+00  0.36926289E+00  0.23981033E+01
  0.53000000E+00  0.36420625E+00  0.24708947E+01
  0.54000000E+00  0.35895062E+00  0.25454229E+01
  0.55000000E+00  0.35348847E+00  0.26217308E+01
  0.56000000E+00  0.34781198E+00  0.26998609E+01
  0.57000000E+00  0.34191306E+00  0.27798555E+01
  0.58000000E+00  0.33578337E+00  0.28617571E+01
  0.59000000E+00  0.32941434E+00  0.29456085E+01
  0.60000000E+00  0.32279721E+00  0.30314527E+01
  0.61000000E+00  0.31592309E+00  0.31193338E+01
  0.62000000E+00  0.30878303E+00  0.32092970E+01
  0.63000000E+00  0.30136812E+00  0.33013896E+01
  0.64000000E+00  0.29366964E+00  0.33956615E+01
  0.65000000E+00  0.28567922E+00  0.34921662E+01
  0.66000000E+00  0.27738907E+00  0.35909620E+01
  0.67000000E+00  0.26879233E+00  0.36921132E+01
  0.68000000E+00  0.25988344E+00  0.37956917E+01
  0.69000000E+00  0.25065866E+00  0.39017785E+01
  0.70000000E+00  0.24111683E+00  0.40104653E+01
  0.71000000E+00  0.23126025E+00  0.41218572E+01
  0.72000000E+00  0.22109595E+00  0.42360752E+01
  0.73000000E+00  0.21063734E+00  0.43532620E+01
  0.74000000E+00  0.19990650E+00  0.44735899E+01
  0.75000000E+00  0.18893728E+00  0.45972724E+01
  0.76000000E+00  0.17777965E+00  0.47245745E+01
  0.77000000E+00  0.16650581E+00  0.48558167E+01
  0.78000000E+00  0.15521914E+00  0.49913595E+01
  0.79000000E+00  0.14406734E+00  0.51315686E+01
  0.80000000E+00  0.13326254E+00  0.52767871E+01
  0.81000000E+00  0.12311299E+00  0.54273984E+01
  0.82000000E+00  0.11407459E+00  0.55841199E+01
  0.83000000E+00  0.10683848E+00  0.57486833E+01
  0.84000000E+00  0.10249436E+00  0.59243912E+01
  0.85000000E+00  0.10295483E+00  0.61120793E+01
  0.86000000E+00  0.11290444E+00  0.62993627E+01
  0.87000000E+00  0.14854201E+00  0.64997740E+01
  0.88000000E+00  0.22192644E+00  0.68256302E+01
  0.89000000E+00  0.25758848E+00  0.73144405E+01
  0.90000000E+00  0.23951711E+00  0.78560877E+01
  0.91000000E+00  0.18794281E+00  0.84130777E+01
  0.92000000E+00  0.10777493E+00  0.90089802E+01
  0.93000000E+00 -0.16016238E-02  0.96584590E+01
  0.94000000E+00 -0.14348248E+00  0.10370683E+02
  0.95000000E+00 -0.32439236E+00  0.11156198E+02
  0.96000000E+00 -0.55659099E+00  0.12040606E+02
  0.97000000E+00 -0.86745958E+00  0.13132168E+02
  0.98000000E+00 -0.13319210E+01  0.14735473E+02
  0.99000000E+00 -0.22122046E+01  0.17138375E+02
  0.10000000E+01 -0.42455728E+01  0.18978809E+02
  0.10100000E+01 -0.64939857E+01  0.17096619E+02
  0.10200000E+01 -0.74831788E+01  0.14050646E+02
  0.10300000E+01 -0.79152716E+01  0.11849763E+02
  0.10400000E+01 -0.82074327E+01  0.10349616E+02
  0.10500000E+01 -0.84356681E+01  0.91056886E+01
  0.10600000E+01 -0.86160645E+01  0.80006493E+01
  0.10700000E+01 -0.87619208E+01  0.70498345E+01
  0.10800000E+01 -0.88878711E+01  0.63034789E+01
  0.10900000E+01 -0.90249299E+01  0.58612832E+01
  0.11000000E+01 -0.92845745E+01  0.59691770E+01
  0.11100000E+01 -0.10911218E+02  0.56202148E+01
  0.11200000E+01 -0.11144116E+02  0.25092134E+01
  0.11300000E+01 -0.11076291E+02  0.64422255E+00
  0.11400000E+01 -0.10952043E+02 -0.71320988E+00
  0.11500000E+01 -0.10538395E+02 -0.21323755E+01
  0.11600000E+01 -0.10366733E+02 -0.23522655E+01
  0.11700000E+01 -0.10343372E+02 -0.27637034E+01
  0.11800000E+01 -0.10363498E+02 -0.31774082E+01
  0.11900000E+01 -0.10411432E+02 -0.35310881E+01
  0.12000000E+01 -0.10505610E+02 -0.37733756E+01
  0.12100000E+01 -0.10707576E+02 -0.39481340E+01
  0.12200000E+01 -0.10876949E+02 -0.42073675E+01
  0.12300000E+01 -0.11116876E+02 -0.34759534E+01
  0.12400000E+01 -0.11718760E+02 -0.23360523E+01
  0.12500000E+01 -0.13043981E+02 -0.22261752E+00
  0.12600000E+01 -0.17284047E+02 -0.44141256E+00
  0.12700000E+01 -0.19489009E+02 -0.66315499E+01
  0.12800000E+01 -0.21099623E+02 -0.13501095E+02
  0.12900000E+01 -0.21777517E+02 -0.22991739E+02
  0.13000000E+01 -0.14389094E+02 -0.35819319E+02
  0.13100000E+01 -0.13000673E+02 -0.28978728E+02
  0.13200000E+01 -0.12998095E+02 -0.29315032E+02
  0.13300000E+01 -0.12816858E+02 -0.31107107E+02
  0.13400000E+01 -0.12488589E+02 -0.33091512E+02
  0.13500000E+01 -0.10704464E+02 -0.34385710E+02
  0.13600000E+01 -0.10753371E+02 -0.34246588E+02
  0.13700000E+01 -0.11346474E+02 -0.34874870E+02
  0.13800000E+01 -0.12536086E+02 -0.37334940E+02
  0.13900000E+01 -0.15163808E+02 -0.44188444E+02
  0.14000000E+01 -0.16753049E+02 -0.59798162E+02
  0.14100000E+01 -0.16569711E+02 -0.91138127E+02
  0.14200000E+01  0.25928091E+02 -0.11132438E+03
  0.14300000E+01  0.40887434E+02 -0.74503670E+02
  0.14400000E+01  0.41442249E+02 -0.41901607E+02
  0.14500000E+01  0.39174199E+02 -0.23582961E+02
  0.14600000E+01  0.35901749E+02 -0.97664451E+01
  0.14700000E+01  0.30263942E+02 -0.28450808E+01
  0.14800000E+01  0.27126170E+02 -0.23883197E+01
  0.14900000E+01  0.25329218E+02 -0.17095665E+01
  0.15000000E+01  0.24019566E+02 -0.52573785E+00
  0.15100000E+01  0.22937583E+02  0.75395266E+00
  0.15200000E+01  0.21943352E+02  0.19893544E+01
  0.15300000E+01  0.21194637E+02  0.31972817E+01
  0.15400000E+01  0.20485556E+02  0.44718692E+01
  0.15500000E+01  0.19815328E+02  0.58758682E+01
  0.15600000E+01  0.19128720E+02  0.73434769E+01
  0.15700000E+01  0.18280206E+02  0.85970721E+01
  0.15800000E+01  0.17569640E+02  0.92287194E+01
  0.15900000E+01  0.16987462E+02  0.98677743E+01
  0.16000000E+01  0.16521244E+02  0.10555003E+02
  0.16100000E+01  0.16073341E+02  0.11161234E+02
  0.16200000E+01  0.15787321E+02  0.11757278E+02
  0.16300000E+01  0.15611426E+02  0.12442530E+02
  0.16400000E+01  0.15507512E+02  0.13277361E+02
  0.16500000E+01  0.15495590E+02  0.14264018E+02
  0.16600000E+01  0.15646179E+02  0.15488338E+02
  0.16700000E+01  0.15665722E+02  0.17432843E+02
  0.16800000E+01  0.15532537E+02  0.19437208E+02
  0.16900000E+01  0.15325302E+02  0.21640465E+02
  0.17000000E+01  0.15028382E+02  0.24072732E+02
  0.17100000E+01  0.14625530E+02  0.27351971E+02
  0.17200000E+01  0.13514136E+02  0.29313647E+02
  0.17300000E+01  0.12803924E+02  0.31275872E+02
  0.17400000E+01  0.12506740E+02  0.33119050E+02
  0.17500000E+01  0.12682743E+02  0.36887814E+02
  0.17600000E+01  0.12324209E+02  0.43406628E+02
  0.17700000E+01  0.10572052E+02  0.56881981E+02
  0.17800000E+01 -0.92817027E+01  0.60129199E+02
  0.17900000E+01 -0.50307090E+01  0.42431542E+02
  0.18000000E+01 -0.54845582E+01  0.38378582E+02
  0.18100000E+01 -0.58538077E+01  0.35928372E+02
  0.18200000E+01 -0.63961717E+01  0.34138220E+02
  0.18300000E+01 -0.73990168E+01  0.32406750E+02
  0.18400000E+01 -0.80150470E+01  0.29804522E+02
  0.18500000E+01 -0.87207018E+01  0.27804586E+02
  0.18600000E+01 -0.95535876E+01  0.25441222E+02
  0.18700000E+01 -0.10639372E+02  0.24290099E+02
  0.18800000E+01 -0.10100589E+02  0.20404752E+02
  0.18900000E+01 -0.98448104E+01  0.19723650E+02
  0.19000000E+01 -0.98541410E+01  0.18821139E+02
  0.19100000E+01 -0.99092755E+01  0.17865962E+02
  0.19200000E+01 -0.99574535E+01  0.16806325E+02
  0.19300000E+01 -0.99770526E+01  0.15675111E+02
  0.19400000E+01 -0.99448566E+01  0.14574944E+02
  0.19500000E+01 -0.99362856E+01  0.13489097E+02
  0.19600000E+01 -0.99031442E+01  0.12371113E+02
  0.19700000E+01 -0.98793025E+01  0.11215319E+02
  0.19800000E+01 -0.98147670E+01  0.98702395E+01
  0.19900000E+01 -0.95578579E+01  0.91063015E+01
  0.20000000E+01 -0.94983860E+01  0.82267700E+01
  0.20100000E+01 -0.94726638E+01  0.72496154E+01
  0.20200000E+01 -0.94008087E+01  0.61898190E+01
  0.20300000E+01 -0.93070538E+01  0.51244035E+01
  0.20400000E+01 -0.91603275E+01  0.41160392E+01
  0.20500000E+01 -0.91424481E+01  0.30454432E+01
  0.20600000E+01 -0.88500770E+01  0.19039317E+01
  0.20700000E+01 -0.85566182E+01  0.10656973E+01
  0.20800000E+01 -0.82644000E+01  0.16413612E+00
  0.20900000E+01 -0.78578793E+01 -0.50657860E+00
  0.21000000E+01 -0.74532772E+01 -0.10340541E+01
  0.21100000E+01 -0.69707480E+01 -0.14041598E+01
  0.21200000E+01 -0.64404821E+01 -0.15563705E+01
  0.21300000E+01 -0.58698657E+01 -0.14628091E+01
  0.21400000E+01 -0.52514497E+01 -0.97498696E+00
  0.21500000E+01 -0.38697787E+01  0.32368114E+00
  0.21600000E+01 -0.36863506E+01  0.35906738E+01
  0.21700000E+01 -0.56679333E+01  0.61641500E+01
  0.21800000E+01 -0.65366090E+01  0.67668607E+01
  0.21900000E+01 -0.81042626E+01  0.11774266E+02
  0.22000000E+01 -0.12664073E+02  0.37433238E+01
  0.22100000E+01 -0.11965681E+02 -0.25261038E+01
  0.22200000E+01 -0.10381697E+02 -0.61501898E+01
  0.22300000E+01 -0.85517895E+01 -0.75424046E+01
  0.22400000E+01 -0.65632263E+01 -0.77252318E+01
  0.22500000E+01 -0.44869053E+01 -0.64172603E+01
  0.22600000E+01 -0.22337822E+01 -0.12161142E+01
  0.22700000E+01 -0.93981322E+01  0.23395219E+02
  0.22800000E+01 -0.13438644E+02 -0.20478677E+00
  0.22900000E+01 -0.11909500E+02 -0.35343422E+01
  0.23000000E+01 -0.10892513E+02 -0.44384395E+01
  0.23100000E+01 -0.10145034E+02 -0.47341049E+01
  0.23200000E+01 -0.96184493E+01 -0.47800970E+01
  0.23300000E+01 -0.91004357E+01 -0.46524489E+01
  0.23400000E+01 -0.87853228E+01 -0.47285607E+01
  0.23500000E+01 -0.82931060E+01 -0.42480865E+01
  0.23600000E+01 -0.79381073E+01 -0.37850483E+01
  0.23700000E+01 -0.76955552E+01 -0.32948234E+01
  0.23800000E+01 -0.75273740E+01 -0.27795525E+01
  0.23900000E+01 -0.74152670E+01 -0.22940762E+01
  0.24000000E+01 -0.73635000E+01 -0.18027522E+01
  0.24100000E+01 -0.73804803E+01 -0.13742083E+01
  0.24200000E+01 -0.75706992E+01 -0.10322875E+01
  0.24300000E+01 -0.77890277E+01 -0.10795749E+01
  0.24400000E+01 -0.78292618E+01 -0.12379593E+01
  0.24500000E+01 -0.78897676E+01 -0.89187602E+00
  0.24600000E+01 -0.83711370E+01 -0.83369524E+00
  0.24700000E+01 -0.86772448E+01 -0.18643154E+01
  0.24800000E+01 -0.87515153E+01 -0.28516280E+01
  0.24900000E+01 -0.86934712E+01 -0.38603769E+01
  0.25000000E+01 -0.85744567E+01 -0.44587555E+01
  0.25100000E+01 -0.84974829E+01 -0.52225195E+01
  0.25200000E+01 -0.83437778E+01 -0.61317384E+01
  0.25300000E+01 -0.82222760E+01 -0.68416042E+01
  0.25400000E+01 -0.80015551E+01 -0.78065825E+01
  0.25500000E+01 -0.75352575E+01 -0.86333427E+01
  0.25600000E+01 -0.71659977E+01 -0.91092974E+01
  0.25700000E+01 -0.67776456E+01 -0.96814333E+01
  0.25800000E+01 -0.63552742E+01 -0.99459879E+01
  0.25900000E+01 -0.62022600E+01 -0.10333169E+02
  0.26000000E+01 -0.56823118E+01 -0.11512938E+02
  0.26100000E+01 -0.46240820E+01 -0.11359293E+02
  0.26200000E+01 -0.41018192E+01 -0.10559215E+02
  0.26300000E+01 -0.37172635E+01 -0.98864508E+01
  0.26400000E+01 -0.34798320E+01 -0.92798758E+01
  0.26500000E+01 -0.32501691E+01 -0.88431184E+01
  0.26600000E+01 -0.29873887E+01 -0.83862859E+01
  0.26700000E+01 -0.27416086E+01 -0.77003710E+01
  0.26800000E+01 -0.26342691E+01 -0.68134373E+01
  0.26900000E+01 -0.29050450E+01 -0.63197381E+01
  0.27000000E+01 -0.28959423E+01 -0.62735128E+01
  0.27100000E+01 -0.28744822E+01 -0.60352825E+01
  0.27200000E+01 -0.27742793E+01 -0.56276948E+01
  0.27300000E+01 -0.28561536E+01 -0.53014445E+01
  0.27400000E+01 -0.29753121E+01 -0.52310423E+01
  0.27500000E+01 -0.29856162E+01 -0.54370236E+01
  0.27600000E+01 -0.29063588E+01 -0.54993871E+01
  0.27700000E+01 -0.27990468E+01 -0.55642005E+01
  0.27800000E+01 -0.26486906E+01 -0.55023518E+01
  0.27900000E+01 -0.25159966E+01 -0.53409388E+01
  0.28000000E+01 -0.24177333E+01 -0.51244389E+01
  0.28100000E+01 -0.23292424E+01 -0.49054938E+01
  0.28200000E+01 -0.22659719E+01 -0.45562238E+01
  0.28300000E+01 -0.22537617E+01 -0.42043744E+01
  0.28400000E+01 -0.22435928E+01 -0.38486185E+01
  0.28500000E+01 -0.22909030E+01 -0.34969891E+01
  0.28600000E+01 -0.23636608E+01 -0.31066226E+01
  0.28700000E+01 -0.24909512E+01 -0.27152660E+01
  0.28800000E+01 -0.26671046E+01 -0.23242253E+01
  0.28900000E+01 -0.29104397E+01 -0.19682949E+01
  0.29000000E+01 -0.32229798E+01 -0.17037392E+01
  0.29100000E+01 -0.36277929E+01 -0.14757895E+01
  0.29200000E+01 -0.41143396E+01 -0.16676140E+01
  0.29300000E+01 -0.45484583E+01 -0.20551604E+01
  0.29400000E+01 -0.50448686E+01 -0.28818376E+01
  0.29500000E+01 -0.52941154E+01 -0.38160066E+01
  0.29600000E+01 -0.54923768E+01 -0.47724981E+01
  0.29700000E+01 -0.55569757E+01 -0.58088749E+01
  0.29800000E+01 -0.55510944E+01 -0.69575504E+01
  0.29900000E+01 -0.54035381E+01 -0.81407679E+01
  0.30000000E+01 -0.50341513E+01 -0.82220223E+01
  0.30100000E+01 -0.53482659E+01 -0.86717218E+01
  0.30200000E+01 -0.52377760E+01 -0.99888763E+01
  0.30300000E+01 -0.49804261E+01 -0.10851899E+02
  0.30400000E+01 -0.47291634E+01 -0.11684396E+02
  0.30500000E+01 -0.41640127E+01 -0.13047124E+02
  0.30600000E+01 -0.33399043E+01 -0.12494364E+02
  0.30700000E+01 -0.31041271E+01 -0.12160692E+02
  0.30800000E+01 -0.29589499E+01 -0.12078416E+02
  0.30900000E+01 -0.28195748E+01 -0.12089337E+02
  0.31000000E+01 -0.26463558E+01 -0.12199974E+02
  0.31100000E+01 -0.24466942E+01 -0.12116405E+02
  0.31200000E+01 -0.22602062E+01 -0.12229381E+02
  0.31300000E+01 -0.20679570E+01 -0.11807229E+02
  0.31400000E+01 -0.21116052E+01 -0.11741250E+02
  0.31500000E+01 -0.21233551E+01 -0.11866369E+02
  0.31600000E+01 -0.20778052E+01 -0.12014632E+02
  0.31700000E+01 -0.20789812E+01 -0.12301433E+02
  0.31800000E+01 -0.20128906E+01 -0.13218349E+02
  0.31900000E+01 -0.12142649E+01 -0.13080563E+02
  0.32000000E+01 -0.11932221E+01 -0.12643582E+02
  0.32100000E+01 -0.11691337E+01 -0.12698440E+02
  0.32200000E+01 -0.10756276E+01 -0.12846084E+02
  0.32300000E+01 -0.99735530E+00 -0.13074543E+02
  0.32400000E+01 -0.88390510E+00 -0.13394092E+02
  0.32500000E+01 -0.68333067E+00 -0.13781281E+02
  0.32600000E+01 -0.76551396E+00 -0.14108989E+02
  0.32700000E+01  0.25592551E+00 -0.15225624E+02
  0.32800000E+01  0.59584648E+00 -0.14232691E+02
  0.32900000E+01  0.69564367E+00 -0.13992164E+02
  0.33000000E+01  0.80736501E+00 -0.14106213E+02
  0.33100000E+01  0.96844912E+00 -0.14456768E+02
  0.33200000E+01  0.13009037E+01 -0.15132273E+02
  0.33300000E+01  0.21650372E+01 -0.15437389E+02
  0.33400000E+01  0.27991745E+01 -0.14342205E+02
  0.33500000E+01  0.31637212E+01 -0.13576416E+02
  0.33600000E+01  0.32945701E+01 -0.12559198E+02
  0.33700000E+01  0.33679331E+01 -0.11943927E+02
  0.33800000E+01  0.34438421E+01 -0.11504040E+02
  0.33900000E+01  0.35284330E+01 -0.11020642E+02
  0.34000000E+01  0.35879346E+01 -0.10545473E+02
  0.34100000E+01  0.36158484E+01 -0.10115847E+02
  0.34200000E+01  0.36006649E+01 -0.96984848E+01
  0.34300000E+01  0.39151925E+01 -0.93036342E+01
  0.34400000E+01  0.37277322E+01 -0.89294984E+01
  0.34500000E+01  0.36880339E+01 -0.86541693E+01
  0.34600000E+01  0.33800047E+01 -0.85325919E+01
  0.34700000E+01  0.33994644E+01 -0.86617389E+01
  0.34800000E+01  0.35324733E+01 -0.87028428E+01
  0.34900000E+01  0.35808720E+01 -0.86237457E+01
  0.35000000E+01  0.35407022E+01 -0.85351670E+01
  0.35100000E+01  0.35294392E+01 -0.88663812E+01
  0.35200000E+01  0.36205569E+01 -0.93823994E+01
  0.35300000E+01  0.38976150E+01 -0.97673291E+01
  0.35400000E+01  0.47743354E+01 -0.10207196E+02
  0.35500000E+01  0.50529394E+01 -0.90614589E+01
  0.35600000E+01  0.51499165E+01 -0.84914498E+01
  0.35700000E+01  0.51897416E+01 -0.81184873E+01
  0.35800000E+01  0.52159597E+01 -0.80009366E+01
  0.35900000E+01  0.52965935E+01 -0.82619880E+01
  0.36000000E+01  0.56063474E+01 -0.87072686E+01
  0.36100000E+01  0.62016714E+01 -0.90160741E+01
  0.36200000E+01  0.68619078E+01 -0.78249417E+01
  0.36300000E+01  0.71238397E+01 -0.67847326E+01
  0.36400000E+01  0.73616881E+01 -0.58186297E+01
  0.36500000E+01  0.74067926E+01 -0.45391161E+01
  0.36600000E+01  0.72601322E+01 -0.39223899E+01
  0.36700000E+01  0.73086191E+01 -0.33628272E+01
  0.36800000E+01  0.72244385E+01 -0.25295120E+01
  0.36900000E+01  0.70575913E+01 -0.19373213E+01
  0.37000000E+01  0.69960951E+01 -0.14391769E+01
  0.37100000E+01  0.67723576E+01 -0.94454321E+00
  0.37200000E+01  0.66070426E+01 -0.52789136E+00
  0.37300000E+01  0.64626443E+01 -0.11676512E+00
  0.37400000E+01  0.62371340E+01  0.25843123E+00
  0.37500000E+01  0.60995126E+01  0.45482647E+00
  0.37600000E+01  0.59773871E+01  0.74392678E+00
  0.37700000E+01  0.58576018E+01  0.12174387E+01
  0.37800000E+01  0.54545296E+01  0.14435142E+01
  0.37900000E+01  0.53205971E+01  0.14100513E+01
  0.38000000E+01  0.52340651E+01  0.15304958E+01
  0.38100000E+01  0.51428193E+01  0.18173316E+01
  0.38200000E+01  0.49805196E+01  0.21708885E+01
  0.38300000E+01  0.46668755E+01  0.25307540E+01
  0.38400000E+01  0.43232269E+01  0.25698157E+01
  0.38500000E+01  0.40361070E+01  0.24442095E+01
  0.38600000E+01  0.37923860E+01  0.22528927E+01
  0.38700000E+01  0.35129374E+01  0.20934559E+01
  0.38800000E+01  0.31724846E+01  0.14706167E+01
  0.38900000E+01  0.29170594E+01  0.30130702E+00
  0.39000000E+01  0.29393149E+01 -0.29450861E+01
  0.39100000E+01  0.63552604E+01 -0.97437920E+00
  0.39200000E+01  0.61721069E+01  0.16489791E+01
  0.39300000E+01  0.58385581E+01  0.29289356E+01
  0.39400000E+01  0.55053689E+01  0.37856398E+01
  0.39500000E+01  0.50858267E+01  0.44141330E+01
  0.39600000E+01  0.46105412E+01  0.47397725E+01
  0.39700000E+01  0.44062692E+01  0.49214817E+01
  0.39800000E+01  0.41127819E+01  0.50364283E+01
  0.39900000E+01  0.33714506E+01  0.50870472E+01
  0.40000000E+01  0.34917045E+01  0.50696421E+01
  0.40100000E+01  0.32506998E+01  0.50244913E+01
  0.40200000E+01  0.30093393E+01  0.49873775E+01
  0.40300000E+01  0.27047457E+01  0.49174622E+01
  0.40400000E+01  0.24508918E+01  0.45863135E+01
  0.40500000E+01  0.21666667E+01  0.41392669E+01
  0.40600000E+01  0.19870613E+01  0.35714225E+01
  0.40700000E+01  0.17924031E+01  0.26040780E+01
  0.40800000E+01  0.17642376E+01  0.11559258E+01
  0.40900000E+01  0.21243093E+01 -0.11387993E+01
  0.41000000E+01  0.35162975E+01 -0.28477741E+01
  0.41100000E+01  0.50712521E+01 -0.13665009E+01
  0.41200000E+01  0.54826050E+01  0.10945787E+01
  0.41300000E+01  0.54061508E+01  0.26366565E+01
  0.41400000E+01  0.53037584E+01  0.34964434E+01
  0.41500000E+01  0.51192436E+01  0.39707664E+01
  0.41600000E+01  0.49626657E+01  0.40908023E+01
  0.41700000E+01  0.48784610E+01  0.39693794E+01
  0.41800000E+01  0.48864337E+01  0.36844205E+01
  0.41900000E+01  0.50341093E+01  0.33268556E+01
  0.42000000E+01  0.54530735E+01  0.30810716E+01
  0.42100000E+01  0.62658076E+01  0.35697239E+01
  0.42200000E+01  0.66546038E+01  0.55919958E+01
  0.42300000E+01  0.65498475E+01  0.74800059E+01
  0.42400000E+01  0.62006243E+01  0.90397089E+01
  0.42500000E+01  0.56780790E+01  0.10310430E+02
  0.42600000E+01  0.50891617E+01  0.10946968E+02
  0.42700000E+01  0.45907305E+01  0.11337831E+02
  0.42800000E+01  0.41717538E+01  0.11624233E+02
  0.42900000E+01  0.37880759E+01  0.11893918E+02
  0.43000000E+01  0.34261109E+01  0.12254410E+02
  0.43100000E+01  0.30098956E+01  0.12648934E+02
  0.43200000E+01  0.25514916E+01  0.13003114E+02
  0.43300000E+01  0.20613302E+01  0.13397136E+02
  0.43400000E+01  0.14547776E+01  0.13899964E+02
  0.43500000E+01  0.61857311E+00  0.14431314E+02
  0.43600000E+01 -0.10636412E+01  0.13896699E+02
  0.43700000E+01 -0.18798651E+01  0.11968146E+02
  0.43800000E+01 -0.23786666E+01  0.99623317E+01
  0.43900000E+01 -0.26694036E+01  0.80514993E+01
  0.44000000E+01 -0.28070220E+01  0.61769083E+01
  0.44100000E+01 -0.28094826E+01  0.43149682E+01
  0.44200000E+01 -0.26984144E+01  0.24984366E+01
  0.44300000E+01 -0.15540646E+01 -0.17914013E-01
  0.44400000E+01 -0.11048781E+01  0.14706842E+00
  0.44500000E+01 -0.40316906E+00 -0.84079846E+00
  0.44600000E+01  0.36542238E+00  0.21798823E-01
  0.44700000E+01  0.59582224E+00  0.52156889E+00
  0.44800000E+01  0.78176501E+00  0.81909490E+00
  0.44900000E+01  0.92203471E+00  0.11379832E+01
  0.45000000E+01  0.10171002E+01  0.14091299E+01
  0.45100000E+01  0.10827998E+01  0.16698946E+01
  0.45200000E+01  0.11094644E+01  0.18752431E+01
  0.45300000E+01  0.11152352E+01  0.20450154E+01
  0.45400000E+01  0.11059160E+01  0.21923681E+01
  0.45500000E+01  0.10785246E+01  0.22940224E+01
  0.45600000E+01  0.10509494E+01  0.23646844E+01
  0.45700000E+01  0.10120508E+01  0.24035162E+01
  0.45800000E+01  0.97332725E+00  0.23863339E+01
  0.45900000E+01  0.95302831E+00  0.23438487E+01
  0.46000000E+01  0.94219470E+00  0.22794560E+01
  0.46100000E+01  0.94350557E+00  0.21984568E+01
  0.46200000E+01  0.10343515E+01  0.21076820E+01
  0.46300000E+01  0.10734551E+01  0.22030439E+01
  0.46400000E+01  0.10887534E+01  0.22739346E+01
  0.46500000E+01  0.11011603E+01  0.23371701E+01
  0.46600000E+01  0.11100484E+01  0.24076821E+01
  0.46700000E+01  0.11053492E+01  0.24860765E+01
  0.46800000E+01  0.10990552E+01  0.25389997E+01
  0.46900000E+01  0.11047590E+01  0.25945369E+01
  0.47000000E+01  0.10974987E+01  0.26908763E+01
  0.47100000E+01  0.10610555E+01  0.27713406E+01
  0.47200000E+01  0.10493614E+01  0.28550486E+01
  0.47300000E+01  0.10204428E+01  0.29959817E+01
  0.47400000E+01  0.96062542E+00  0.31394474E+01
  0.47500000E+01  0.85433733E+00  0.32713478E+01
  0.47600000E+01  0.70398624E+00  0.31359978E+01
  0.47700000E+01  0.67041336E+00  0.30388877E+01
  0.47800000E+01  0.61829229E+00  0.29574418E+01
  0.47900000E+01  0.61950977E+00  0.28684842E+01
  0.48000000E+01  0.56992597E+00  0.29976260E+01
  0.48100000E+01  0.50820740E+00  0.28996468E+01
  0.48200000E+01  0.47539776E+00  0.28577505E+01
  0.48300000E+01  0.44624437E+00  0.28444394E+01
  0.48400000E+01  0.35908587E+00  0.28897107E+01
  0.48500000E+01  0.30817171E+00  0.27584349E+01
  0.48600000E+01  0.27030965E+00  0.26811566E+01
  0.48700000E+01  0.23737647E+00  0.26001267E+01
  0.48800000E+01  0.20999152E+00  0.25258614E+01
  0.48900000E+01  0.19052611E+00  0.24512562E+01
  0.49000000E+01  0.16811300E+00  0.24020408E+01
  0.49100000E+01  0.14401461E+00  0.23467983E+01
  0.49200000E+01  0.11970890E+00  0.22924537E+01
  0.49300000E+01  0.96413027E-01  0.22380781E+01
  0.49400000E+01  0.74276729E-01  0.21857231E+01
  0.49500000E+01  0.52653773E-01  0.21380803E+01
  0.49600000E+01  0.28894840E-01  0.20982669E+01
  0.49700000E+01  0.39571063E-03  0.20611439E+01
  0.49800000E+01 -0.30587500E-01  0.20220903E+01
  0.49900000E+01 -0.76450457E-01  0.19941989E+01
  0.50000000E+01 -0.12965311E+00  0.18907229E+01
  0.50100000E+01 -0.15791806E+00  0.17769419E+01
  0.50200000E+01 -0.17937682E+00  0.16569057E+01
  0.50300000E+01 -0.17296512E+00  0.15069790E+01
  0.50400000E+01 -0.15196621E+00  0.14687721E+01
  0.50500000E+01 -0.15051477E+00  0.14263312E+01
  0.50600000E+01 -0.15376282E+00  0.13841365E+01
  0.50700000E+01 -0.15679630E+00  0.13407515E+01
  0.50800000E+01 -0.15829256E+00  0.13031629E+01
  0.50900000E+01 -0.15813383E+00  0.12777535E+01
  0.51000000E+01 -0.15928005E+00  0.12674486E+01
  0.51100000E+01 -0.16180515E+00  0.12761184E+01
  0.51200000E+01 -0.16775178E+00  0.13254469E+01
  0.51300000E+01 -0.18893157E+00  0.14563399E+01
  0.51400000E+01 -0.27942147E+00  0.17557206E+01
  0.51500000E+01 -0.58058236E+00  0.17973772E+01
  0.51600000E+01 -0.83028045E+00  0.14779510E+01
  0.51700000E+01 -0.90389312E+00  0.57979161E+00
  0.51800000E+01 -0.67438740E+00  0.42009924E+00
  0.51900000E+01 -0.61542262E+00  0.33517918E+00
  0.52000000E+01 -0.55068804E+00  0.26941458E+00
  0.52100000E+01 -0.54255645E+00  0.20180528E+00
  0.52200000E+01 -0.52725226E+00  0.13124714E+00
  0.52300000E+01 -0.51750332E+00  0.48090377E-01
  0.52400000E+01 -0.50214955E+00 -0.28757141E-01
  0.52500000E+01 -0.53105066E+00 -0.96268935E-01
  0.52600000E+01 -0.45046820E+00 -0.16168275E+00
  0.52700000E+01 -0.44109764E+00 -0.22675368E+00
  0.52800000E+01 -0.42861560E+00 -0.28965262E+00
  0.52900000E+01 -0.41853923E+00 -0.36241898E+00
  0.53000000E+01 -0.40100875E+00 -0.45146998E+00
  0.53100000E+01 -0.37504597E+00 -0.53812845E+00
  0.53200000E+01 -0.34244466E+00 -0.61796302E+00
  0.53300000E+01 -0.30143215E+00 -0.69021654E+00
  0.53400000E+01 -0.24906305E+00 -0.73113256E+00
  0.53500000E+01 -0.21034515E+00 -0.74297993E+00
  0.53600000E+01 -0.14932354E+00 -0.76326374E+00
  0.53700000E+01 -0.11890972E+00 -0.72331242E+00
  0.53800000E+01 -0.10043796E+00 -0.69705189E+00
  0.53900000E+01 -0.10655568E+00 -0.68131830E+00
  0.54000000E+01 -0.92205698E-01 -0.72373827E+00
  0.54100000E+01 -0.64386802E-01 -0.75653420E+00
  0.54200000E+01 -0.23257552E-01 -0.73774345E+00
  0.54300000E+01 -0.24153707E-01 -0.72987833E+00
  0.54400000E+01 -0.31645937E-01 -0.73379537E+00
  0.54500000E+01 -0.18911572E-01 -0.81523743E+00
  0.54600000E+01  0.21595504E-01 -0.87578726E+00
  0.54700000E+01  0.70637326E-01 -0.89528851E+00
  0.54800000E+01  0.12571915E+00 -0.90877677E+00
  0.54900000E+01  0.17747733E+00 -0.86735787E+00
  0.55000000E+01  0.21564560E+00 -0.82205584E+00
  0.55100000E+01  0.24762122E+00 -0.77394491E+00
  0.55200000E+01  0.27552290E+00 -0.72287550E+00
  0.55300000E+01  0.30007053E+00 -0.66793974E+00
  0.55400000E+01  0.32176432E+00 -0.60727349E+00
  0.55500000E+01  0.34571566E+00 -0.53909599E+00
  0.55600000E+01  0.35886508E+00 -0.46445227E+00
  0.55700000E+01  0.37023703E+00 -0.38659064E+00
  0.55800000E+01  0.36966809E+00 -0.30903950E+00
  0.55900000E+01  0.37552440E+00 -0.23302224E+00
  0.56000000E+01  0.37784704E+00 -0.15728110E+00
  0.56100000E+01  0.37660818E+00 -0.77785487E-01
  0.56200000E+01  0.37390183E+00  0.43612014E-02
  0.56300000E+01  0.36705814E+00  0.87670444E-01
  0.56400000E+01  0.35641668E+00  0.17267930E+00
  0.56500000E+01  0.33648377E+00  0.25794752E+00
  0.56600000E+01  0.31138267E+00  0.32131710E+00
  0.56700000E+01  0.29178211E+00  0.37920387E+00
  0.56800000E+01  0.27348167E+00  0.43770223E+00
  0.56900000E+01  0.25772852E+00  0.51220868E+00
  0.57000000E+01  0.23247527E+00  0.61118356E+00
  0.57100000E+01  0.19353778E+00  0.74599022E+00
  0.57200000E+01  0.11920718E+00  0.93363687E+00
  0.57300000E+01 -0.13311444E+00  0.70038232E+00
  0.57400000E+01 -0.14902220E+00  0.51788372E+00
  0.57500000E+01 -0.13602760E+00  0.40186317E+00
  0.57600000E+01 -0.13090653E+00  0.34776063E+00
  0.57700000E+01 -0.12924877E+00  0.30835275E+00
  0.57800000E+01 -0.13137655E+00  0.26469121E+00
  0.57900000E+01 -0.12208674E+00  0.21778023E+00
  0.58000000E+01 -0.10652195E+00  0.20065858E+00
  0.58100000E+01 -0.10008852E+00  0.18967247E+00
  0.58200000E+01 -0.94486900E-01  0.18070242E+00
  0.58300000E+01 -0.91970268E-01  0.17490889E+00
  0.58400000E+01 -0.88998157E-01  0.15885090E+00
  0.58500000E+01 -0.79225026E-01  0.14852201E+00
  0.58600000E+01 -0.68184996E-01  0.15110117E+00
  0.58700000E+01 -0.42157928E-01  0.15353742E+00
  0.58800000E+01 -0.28529951E-01  0.20337886E+00
  0.58900000E+01 -0.16700763E-01  0.24699976E+00
  0.59000000E+01 -0.40667704E-02  0.30506294E+00
  0.59100000E+01  0.69345184E-02  0.38152517E+00
  0.59200000E+01  0.11921750E-01  0.48036195E+00
  0.59300000E+01 -0.34534989E-02  0.60397190E+00
  0.59400000E+01 -0.36228243E-01  0.68553415E+00
  0.59500000E+01 -0.53666935E-01  0.76642386E+00
  0.59600000E+01 -0.74679925E-01  0.86353174E+00
  0.59700000E+01 -0.10145199E+00  0.96832174E+00
  0.59800000E+01 -0.13503790E+00  0.10793017E+01
  0.59900000E+01 -0.17692131E+00  0.11970897E+01
  0.60000000E+01 -0.23104119E+00  0.13236721E+01
  0.60100000E+01 -0.30345324E+00  0.14353462E+01
  0.60200000E+01 -0.37915980E+00  0.15177924E+01
  0.60300000E+01 -0.45566425E+00  0.15847135E+01
  0.60400000E+01 -0.51588771E+00  0.16957869E+01
  0.60500000E+01 -0.74179918E+00  0.19620867E+01
  0.60600000E+01 -0.87837092E+00  0.16684338E+01
  0.60700000E+01 -0.11084540E+01  0.14575540E+01
  0.60800000E+01 -0.11037989E+01  0.10268184E+01
  0.60900000E+01 -0.99120261E+00  0.94450789E+00
  0.61000000E+01 -0.10162189E+01  0.99354851E+00
  0.61100000E+01 -0.10597555E+01  0.92904967E+00
  0.61200000E+01 -0.11015915E+01  0.84246278E+00
  0.61300000E+01 -0.11441303E+01  0.73863944E+00
  0.61400000E+01 -0.11827479E+01  0.62117313E+00
  0.61500000E+01 -0.12167621E+01  0.49629423E+00
  0.61600000E+01 -0.12460396E+01  0.36758671E+00
  0.61700000E+01 -0.12701361E+01  0.23690409E+00
  0.61800000E+01 -0.12882344E+01  0.10569477E+00
  0.61900000E+01 -0.13015103E+01 -0.24648223E-01
  0.62000000E+01 -0.13092944E+01 -0.15675441E+00
  0.62100000E+01 -0.13100712E+01 -0.28470815E+00
  0.62200000E+01 -0.13050167E+01 -0.40609987E+00
  0.62300000E+01 -0.12889620E+01 -0.51728493E+00
  0.62400000E+01 -0.12801659E+01 -0.60772342E+00
  0.62500000E+01 -0.12715510E+01 -0.69469055E+00
  0.62600000E+01 -0.12626958E+01 -0.77919052E+00
  0.62700000E+01 -0.12533182E+01 -0.86055473E+00
  0.62800000E+01 -0.12433599E+01 -0.93888033E+00
  0.62900000E+01 -0.12328961E+01 -0.10143372E+01
  0.63000000E+01 -0.12217943E+01 -0.10871559E+01
  0.63100000E+01 -0.12101854E+01 -0.11576109E+01
  0.63200000E+01 -0.11980595E+01 -0.12259950E+01
  0.63300000E+01 -0.11854217E+01 -0.12926244E+01
  0.63400000E+01 -0.11722602E+01 -0.13578632E+01
  0.63500000E+01 -0.11584820E+01 -0.14220895E+01
  0.63600000E+01 -0.11434137E+01 -0.14832433E+01
  0.63700000E+01 -0.11312439E+01 -0.15477634E+01
  0.63800000E+01 -0.11163323E+01 -0.16107355E+01
  0.63900000E+01 -0.11005015E+01 -0.16760498E+01
  0.64000000E+01 -0.10827577E+01 -0.17417435E+01
  0.64100000E+01 -0.10634682E+01 -0.18066627E+01
  0.64200000E+01 -0.10426640E+01 -0.18712434E+01
  0.64300000E+01 -0.10202435E+01 -0.19356784E+01
  0.64400000E+01 -0.99606458E+00 -0.19999253E+01
  0.64500000E+01 -0.96994606E+00 -0.20639145E+01
  0.64600000E+01 -0.94165364E+00 -0.21275617E+01
  0.64700000E+01 -0.91087175E+00 -0.21907307E+01
  0.64800000E+01 -0.87713926E+00 -0.22533502E+01
  0.64900000E+01 -0.83954135E+00 -0.23158692E+01
  0.65000000E+01 -0.79670134E+00 -0.23741754E+01
  0.65100000E+01 -0.75106673E+00 -0.24282880E+01
  0.65200000E+01 -0.69122255E+00 -0.24520700E+01
  0.65300000E+01 -0.64473861E+00 -0.24663700E+01
  0.65400000E+01 -0.60132501E+00 -0.24782895E+01
  0.65500000E+01 -0.55799970E+00 -0.24922774E+01
  0.65600000E+01 -0.51274124E+00 -0.25009680E+01
  0.65700000E+01 -0.46847412E+00 -0.25002670E+01
  0.65800000E+01 -0.42584446E+00 -0.25108515E+01
  0.65900000E+01 -0.35745243E+00 -0.24689788E+01
  0.66000000E+01 -0.32040230E+00 -0.24327134E+01
  0.66100000E+01 -0.28609189E+00 -0.23928879E+01
  0.66200000E+01 -0.25530536E+00 -0.23524142E+01
  0.66300000E+01 -0.22741935E+00 -0.23133960E+01
  0.66400000E+01 -0.20187347E+00 -0.22760072E+01
  0.66500000E+01 -0.17826040E+00 -0.22399910E+01
  0.66600000E+01 -0.15627817E+00 -0.22051977E+01
  0.66700000E+01 -0.13569374E+00 -0.21715789E+01
  0.66800000E+01 -0.11632081E+00 -0.21391030E+01
  0.66900000E+01 -0.98007081E-01 -0.21077063E+01
  0.67000000E+01 -0.80635913E-01 -0.20772926E+01
  0.67100000E+01 -0.63871058E-01 -0.20481296E+01
  0.67200000E+01 -0.48030982E-01 -0.20188435E+01
  0.67300000E+01 -0.33034070E-01 -0.19907330E+01
  0.67400000E+01 -0.18718627E-01 -0.19633801E+01
  0.67500000E+01 -0.50306083E-02 -0.19367805E+01
  0.67600000E+01  0.80827284E-02 -0.19109013E+01
  0.67700000E+01  0.20666971E-01 -0.18856954E+01
  0.67800000E+01  0.32761365E-01 -0.18611150E+01
  0.67900000E+01  0.44400024E-01 -0.18371163E+01
  0.68000000E+01  0.55612861E-01 -0.18136590E+01
  0.68100000E+01  0.66426278E-01 -0.17907055E+01
  0.68200000E+01  0.76863705E-01 -0.17682205E+01
  0.68300000E+01  0.86946025E-01 -0.17461710E+01
  0.68400000E+01  0.96691930E-01 -0.17245262E+01
  0.68500000E+01  0.10611821E+00 -0.17032574E+01
  0.68600000E+01  0.11523999E+00 -0.16823383E+01
  0.68700000E+01  0.12407096E+00 -0.16617445E+01
  0.68800000E+01  0.13262352E+00 -0.16414536E+01
  0.68900000E+01  0.14090898E+00 -0.16214448E+01
  0.69000000E+01  0.14893765E+00 -0.16016993E+01
  0.69100000E+01  0.15671896E+00 -0.15821995E+01
  0.69200000E+01  0.16426157E+00 -0.15629295E+01
  0.69300000E+01  0.17157349E+00 -0.15438746E+01
  0.69400000E+01  0.17866208E+00 -0.15250215E+01
  0.69500000E+01  0.18553418E+00 -0.15063580E+01
  0.69600000E+01  0.19219612E+00 -0.14878727E+01
  0.69700000E+01  0.19865366E+00 -0.14695536E+01
  0.69800000E+01  0.20491125E+00 -0.14513898E+01
  0.69900000E+01  0.21097162E+00 -0.14333788E+01
  0.70000000E+01  0.21684345E+00 -0.14155177E+01
  0.70100000E+01  0.22253188E+00 -0.13977969E+01
  0.70200000E+01  0.22804348E+00 -0.13802081E+01
  0.70300000E+01  0.23338165E+00 -0.13627392E+01
  0.70400000E+01  0.23854852E+00 -0.13453858E+01
  0.70500000E+01  0.24354762E+00 -0.13281467E+01
  0.70600000E+01  0.24838361E+00 -0.13110205E+01
  0.70700000E+01  0.25307100E+00 -0.12940063E+01
  0.70800000E+01  0.25751157E+00 -0.12771027E+01
  0.70900000E+01  0.26190618E+00 -0.12603069E+01
  0.71000000E+01  0.26612806E+00 -0.12436147E+01
  0.71100000E+01  0.27020441E+00 -0.12270209E+01
  0.71200000E+01  0.27413997E+00 -0.12105212E+01
  0.71300000E+01  0.27793776E+00 -0.11941121E+01
  0.71400000E+01  0.28160052E+00 -0.11777917E+01
  0.71500000E+01  0.28513095E+00 -0.11615588E+01
  0.71600000E+01  0.28853174E+00 -0.11454129E+01
  0.71700000E+01  0.29180554E+00 -0.11293538E+01
  0.71800000E+01  0.29495500E+00 -0.11133811E+01
  0.71900000E+01  0.29798273E+00 -0.10974951E+01
  0.72000000E+01  0.30089130E+00 -0.10816958E+01
  0.72100000E+01  0.30368327E+00 -0.10659837E+01
  0.72200000E+01  0.30636114E+00 -0.10503593E+01
  0.72300000E+01  0.30892741E+00 -0.10348234E+01
  0.72400000E+01  0.31138453E+00 -0.10193769E+01
  0.72500000E+01  0.31373491E+00 -0.10040208E+01
  0.72600000E+01  0.31598096E+00 -0.98875620E+00
  0.72700000E+01  0.31812502E+00 -0.97358444E+00
  0.72800000E+01  0.32016943E+00 -0.95850685E+00
  0.72900000E+01  0.32211649E+00 -0.94352489E+00
  0.73000000E+01  0.32396846E+00 -0.92864006E+00
  0.73100000E+01  0.32572759E+00 -0.91385396E+00
  0.73200000E+01  0.32739609E+00 -0.89916824E+00
  0.73300000E+01  0.32897612E+00 -0.88458456E+00
  0.73400000E+01  0.33046985E+00 -0.87010465E+00
  0.73500000E+01  0.33187938E+00 -0.85573026E+00
  0.73600000E+01  0.33320681E+00 -0.84146315E+00
  0.73700000E+01  0.33445419E+00 -0.82730509E+00
  0.73800000E+01  0.33562355E+00 -0.81325787E+00
  0.73900000E+01  0.33671689E+00 -0.79932325E+00
  0.74000000E+01  0.33773616E+00 -0.78550300E+00
  0.74100000E+01  0.33868331E+00 -0.77179887E+00
  0.74200000E+01  0.33956024E+00 -0.75821257E+00
  0.74300000E+01  0.34036882E+00 -0.74474581E+00
  0.74400000E+01  0.34111088E+00 -0.73140026E+00
  0.74500000E+01  0.34178825E+00 -0.71817753E+00
  0.74600000E+01  0.34240269E+00 -0.70507922E+00
  0.74700000E+01  0.34295595E+00 -0.69210687E+00
  0.74800000E+01  0.34344975E+00 -0.67926198E+00
  0.74900000E+01  0.34388577E+00 -0.66654599E+00
  0.75000000E+01  0.34426566E+00 -0.65396029E+00
  0.75100000E+01  0.34459105E+00 -0.64150622E+00
  0.75200000E+01  0.34486352E+00 -0.62918506E+00
  0.75300000E+01  0.34508463E+00 -0.61699801E+00
  0.75400000E+01  0.34525591E+00 -0.60494624E+00
  0.75500000E+01  0.34537886E+00 -0.59303083E+00
  0.75600000E+01  0.34545493E+00 -0.58125281E+00
  0.75700000E+01  0.34548557E+00 -0.56961314E+00
  0.75800000E+01  0.34547218E+00 -0.55811271E+00
  0.75900000E+01  0.34541614E+00 -0.54675234E+00
  0.76000000E+01  0.34531878E+00 -0.53553280E+00
  0.76100000E+01  0.34518143E+00 -0.52445477E+00
  0.76200000E+01  0.34500536E+00 -0.51351887E+00
  0.76300000E+01  0.34479184E+00 -0.50272565E+00
  0.76400000E+01  0.34454209E+00 -0.49207559E+00
  0.76500000E+01  0.34425731E+00 -0.48156911E+00
  0.76600000E+01  0.34393868E+00 -0.47120655E+00
  0.76700000E+01  0.34358733E+00 -0.46098818E+00
  0.76800000E+01  0.34320438E+00 -0.45091422E+00
  0.76900000E+01  0.34279092E+00 -0.44098480E+00
  0.77000000E+01  0.34234801E+00 -0.43120001E+00
  0.77100000E+01  0.34187668E+00 -0.42155985E+00
  0.77200000E+01  0.34137795E+00 -0.41206428E+00
  0.77300000E+01  0.34085281E+00 -0.40271316E+00
  0.77400000E+01  0.34030220E+00 -0.39350633E+00
  0.77500000E+01  0.33972707E+00 -0.38444354E+00
  0.77600000E+01  0.33912831E+00 -0.37552448E+00
  0.77700000E+01  0.33850683E+00 -0.36674880E+00
  0.77800000E+01  0.33786349E+00 -0.35811608E+00
  0.77900000E+01  0.33719911E+00 -0.34962584E+00
  0.78000000E+01  0.33651453E+00 -0.34127754E+00
  0.78100000E+01  0.33581053E+00 -0.33307061E+00
  0.78200000E+01  0.33508790E+00 -0.32500439E+00
  0.78300000E+01  0.33434737E+00 -0.31707820E+00
  0.78400000E+01  0.33358969E+00 -0.30929130E+00
  0.78500000E+01  0.33281556E+00 -0.30164290E+00
  0.78600000E+01  0.33202568E+00 -0.29413216E+00
  0.78700000E+01  0.33122072E+00 -0.28675820E+00
  0.78800000E+01  0.33040133E+00 -0.27952008E+00
  0.78900000E+01  0.32956814E+00 -0.27241684E+00
  0.79000000E+01  0.32872177E+00 -0.26544748E+00
  0.79100000E+01  0.32786282E+00 -0.25861092E+00
  0.79200000E+01  0.32699187E+00 -0.25190610E+00
  0.79300000E+01  0.32610948E+00 -0.24533188E+00
  0.79400000E+01  0.32521619E+00 -0.23888710E+00
  0.79500000E+01  0.32431255E+00 -0.23257056E+00
  0.79600000E+01  0.32339905E+00 -0.22638105E+00
  0.79700000E+01  0.32247621E+00 -0.22031729E+00
  0.79800000E+01  0.32154451E+00 -0.21437801E+00
  0.79900000E+01  0.32060441E+00 -0.20856190E+00
  0.80000000E+01  0.31965637E+00 -0.20286760E+00
  0.80100000E+01  0.31870083E+00 -0.19729377E+00
  0.80200000E+01  0.31773822E+00 -0.19183900E+00
  0.80300000E+01  0.31676895E+00 -0.18650190E+00
  0.80400000E+01  0.31579343E+00 -0.18128103E+00
  0.80500000E+01  0.31481203E+00 -0.17617494E+00
  0.80600000E+01  0.31382514E+00 -0.17118217E+00
  0.80700000E+01  0.31283312E+00 -0.16630125E+00
  0.80800000E+01  0.31183633E+00 -0.16153066E+00
  0.80900000E+01  0.31083510E+00 -0.15686890E+00
  0.81000000E+01  0.30982976E+00 -0.15231446E+00
  0.81100000E+01  0.30882064E+00 -0.14786580E+00
  0.81200000E+01  0.30780804E+00 -0.14352138E+00
  0.81300000E+01  0.30679226E+00 -0.13927965E+00
  0.81400000E+01  0.30577359E+00 -0.13513906E+00
  0.81500000E+01  0.30475231E+00 -0.13109804E+00
  0.81600000E+01  0.30372869E+00 -0.12715502E+00
  0.81700000E+01  0.30270299E+00 -0.12330845E+00
  0.81800000E+01  0.30167546E+00 -0.11955674E+00
  0.81900000E+01  0.30064634E+00 -0.11589833E+00
  0.82000000E+01  0.29961588E+00 -0.11233164E+00
  0.82100000E+01  0.29858429E+00 -0.10885510E+00
  0.82200000E+01  0.29755180E+00 -0.10546714E+00
  0.82300000E+01  0.29651861E+00 -0.10216619E+00
  0.82400000E+01  0.29548494E+00 -0.98950689E-01
  0.82500000E+01  0.29445097E+00 -0.95819082E-01
  0.82600000E+01  0.29341691E+00 -0.92769815E-01
  0.82700000E+01  0.29238292E+00 -0.89801340E-01
  0.82800000E+01  0.29134919E+00 -0.86912120E-01
  0.82900000E+01  0.29031589E+00 -0.84100624E-01
  0.83000000E+01  0.28928318E+00 -0.81365330E-01
  0.83100000E+01  0.28825123E+00 -0.78704725E-01
  0.83200000E+01  0.28722017E+00 -0.76117308E-01
  0.83300000E+01  0.28619016E+00 -0.73601589E-01
  0.83400000E+01  0.28516134E+00 -0.71156088E-01
  0.83500000E+01  0.28413384E+00 -0.68779338E-01
  0.83600000E+01  0.28310780E+00 -0.66469885E-01
  0.83700000E+01  0.28208334E+00 -0.64226289E-01
  0.83800000E+01  0.28106058E+00 -0.62047123E-01
  0.83900000E+01  0.28003963E+00 -0.59930974E-01
  0.84000000E+01  0.27902062E+00 -0.57876446E-01
  0.84100000E+01  0.27800363E+00 -0.55882156E-01
  0.84200000E+01  0.27698879E+00 -0.53946738E-01
  0.84300000E+01  0.27597618E+00 -0.52068843E-01
  0.84400000E+01  0.27496590E+00 -0.50247136E-01
  0.84500000E+01  0.27395804E+00 -0.48480300E-01
  0.84600000E+01  0.27295269E+00 -0.46767038E-01
  0.84700000E+01  0.27194992E+00 -0.45106065E-01
  0.84800000E+01  0.27094983E+00 -0.43496119E-01
  0.84900000E+01  0.26995248E+00 -0.41935953E-01
  0.85000000E+01  0.26895795E+00 -0.40424339E-01
  0.85100000E+01  0.26796630E+00 -0.38960067E-01
  0.85200000E+01  0.26697761E+00 -0.37541946E-01
  0.85300000E+01  0.26599194E+00 -0.36168805E-01
  0.85400000E+01  0.26500934E+00 -0.34839488E-01
  0.85500000E+01  0.26402988E+00 -0.33552863E-01
  0.85600000E+01  0.26305361E+00 -0.32307813E-01
  0.85700000E+01  0.26208058E+00 -0.31103243E-01
  0.85800000E+01  0.26111084E+00 -0.29938075E-01
  0.85900000E+01  0.26014444E+00 -0.28811251E-01
  0.86000000E+01  0.25918142E+00 -0.27721733E-01
  0.86100000E+01  0.25822183E+00 -0.26668502E-01
  0.86200000E+01  0.25726571E+00 -0.25650558E-01
  0.86300000E+01  0.25631309E+00 -0.24666919E-01
  0.86400000E+01  0.25536400E+00 -0.23716625E-01
  0.86500000E+01  0.25441850E+00 -0.22798732E-01
  0.86600000E+01  0.25347659E+00 -0.21912317E-01
  0.86700000E+01  0.25253833E+00 -0.21056475E-01
  0.86800000E+01  0.25160372E+00 -0.20230322E-01
  0.86900000E+01  0.25067281E+00 -0.19432989E-01
  0.87000000E+01  0.24974561E+00 -0.18663629E-01
  0.87100000E+01  0.24882214E+00 -0.17921412E-01
  0.87200000E+01  0.24790244E+00 -0.17205526E-01
  0.87300000E+01  0.24698652E+00 -0.16515178E-01
  0.87400000E+01  0.24607439E+00 -0.15849592E-01
  0.87500000E+01  0.24516607E+00 -0.15208012E-01
  0.87600000E+01  0.24426159E+00 -0.14589697E-01
  0.87700000E+01  0.24336095E+00 -0.13993925E-01
  0.87800000E+01  0.24246416E+00 -0.13419992E-01
  0.87900000E+01  0.24157124E+00 -0.12867209E-01
  0.88000000E+01  0.24068220E+00 -0.12334904E-01
  0.88100000E+01  0.23979705E+00 -0.11822425E-01
  0.88200000E+01  0.23891579E+00 -0.11329132E-01
  0.88300000E+01  0.23803844E+00 -0.10854404E-01
  0.88400000E+01  0.23716499E+00 -0.10397635E-01
  0.88500000E+01  0.23629546E+00 -0.99582355E-02
  0.88600000E+01  0.23542985E+00 -0.95356300E-02
  0.88700000E+01  0.23456815E+00 -0.91292595E-02
  0.88800000E+01  0.23371038E+00 -0.87385797E-02
  0.88900000E+01  0.23285653E+00 -0.83630608E-02
  0.89000000E+01  0.23200661E+00 -0.80021878E-02
  0.89100000E+01  0.23116061E+00 -0.76554598E-02
  0.89200000E+01  0.23031853E+00 -0.73223899E-02
  0.89300000E+01  0.22948038E+00 -0.70025050E-02
  0.89400000E+01  0.22864614E+00 -0.66953453E-02
  0.89500000E+01  0.22781581E+00 -0.64004644E-02
  0.89600000E+01  0.22698940E+00 -0.61174289E-02
  0.89700000E+01  0.22616689E+00 -0.58458178E-02
  0.89800000E+01  0.22534829E+00 -0.55852228E-02
  0.89900000E+01  0.22453357E+00 -0.53352477E-02
  0.90000000E+01  0.22372275E+00 -0.50955082E-02
  0.90100000E+01  0.22291581E+00 -0.48656317E-02
  0.90200000E+01  0.22211274E+00 -0.46452571E-02
  0.90300000E+01  0.22131354E+00 -0.44340342E-02
  0.90400000E+01  0.22051819E+00 -0.42316239E-02
  0.90500000E+01  0.21972669E+00 -0.40376978E-02
  0.90600000E+01  0.21893904E+00 -0.38519378E-02
  0.90700000E+01  0.21815521E+00 -0.36740358E-02
  0.90800000E+01  0.21737520E+00 -0.35036940E-02
  0.90900000E+01  0.21659900E+00 -0.33406239E-02
  0.91000000E+01  0.21582659E+00 -0.31845467E-02
  0.91100000E+01  0.21505797E+00 -0.30351925E-02
  0.91200000E+01  0.21429313E+00 -0.28923007E-02
  0.91300000E+01  0.21353205E+00 -0.27556191E-02
  0.91400000E+01  0.21277471E+00 -0.26249043E-02
  0.91500000E+01  0.21202112E+00 -0.24999209E-02
  0.91600000E+01  0.21127125E+00 -0.23804418E-02
  0.91700000E+01  0.21052509E+00 -0.22662474E-02
  0.91800000E+01  0.20978263E+00 -0.21571262E-02
  0.91900000E+01  0.20904385E+00 -0.20528736E-02
  0.92000000E+01  0.20830874E+00 -0.19532925E-02
  0.92100000E+01  0.20757728E+00 -0.18581927E-02
  0.92200000E+01  0.20684947E+00 -0.17673909E-02
  0.92300000E+01  0.20612529E+00 -0.16807102E-02
  0.92400000E+01  0.20540471E+00 -0.15979802E-02
  0.92500000E+01  0.20468774E+00 -0.15190368E-02
  0.92600000E+01  0.20397434E+00 -0.14437218E-02
  0.92700000E+01  0.20326451E+00 -0.13718828E-02
  0.92800000E+01  0.20255824E+00 -0.13033732E-02
  0.92900000E+01  0.20185550E+00 -0.12380518E-02
  0.93000000E+01  0.20115628E+00 -0.11757828E-02
  0.93100000E+01  0.20046056E+00 -0.11164354E-02
  0.93200000E+01  0.19976833E+00 -0.10598840E-02
  0.93300000E+01  0.19907958E+00 -0.10060076E-02
  0.93400000E+01  0.19839428E+00 -0.95468993E-03
  0.93500000E+01  0.19771242E+00 -0.90581936E-03
  0.93600000E+01  0.19703398E+00 -0.85928851E-03
  0.93700000E+01  0.19635895E+00 -0.81499425E-03
  0.93800000E+01  0.19568731E+00 -0.77283753E-03
  0.93900000E+01  0.19501905E+00 -0.73272323E-03
  0.94000000E+01  0.19435414E+00 -0.69456007E-03
  0.94100000E+01  0.19369257E+00 -0.65826041E-03
  0.94200000E+01  0.19303433E+00 -0.62374017E-03
  0.94300000E+01  0.19237940E+00 -0.59091871E-03
  0.94400000E+01  0.19172775E+00 -0.55971868E-03
  0.94500000E+01  0.19107938E+00 -0.53006591E-03
  0.94600000E+01  0.19043427E+00 -0.50188931E-03
  0.94700000E+01  0.18979240E+00 -0.47512077E-03
  0.94800000E+01  0.18915375E+00 -0.44969500E-03
  0.94900000E+01  0.18851831E+00 -0.42554948E-03
  0.95000000E+01  0.18788606E+00 -0.40262433E-03
  0.95100000E+01  0.18725698E+00 -0.38086223E-03
  0.95200000E+01  0.18663105E+00 -0.36020831E-03
  0.95300000E+01  0.18600827E+00 -0.34061005E-03
  0.95400000E+01  0.18538860E+00 -0.32201721E-03
  0.95500000E+01  0.18477204E+00 -0.30438174E-03
  0.95600000E+01  0.18415857E+00 -0.28765768E-03
  0.95700000E+01  0.18354817E+00 -0.27180111E-03
  0.95800000E+01  0.18294083E+00 -0.25677002E-03
  0.95900000E+01  0.18233652E+00 -0.24252429E-03
  0.96000000E+01  0.18173524E+00 -0.22902559E-03
  0.96100000E+01  0.18113695E+00 -0.21623728E-03
  0.96200000E+01  0.18054166E+00 -0.20412441E-03
  0.96300000E+01  0.17994934E+00 -0.19265360E-03
  0.96400000E+01  0.17935997E+00 -0.18179296E-03
  0.96500000E+01  0.17877353E+00 -0.17151211E-03
  0.96600000E+01  0.17819002E+00 -0.16178202E-03
  0.96700000E+01  0.17760941E+00 -0.15257503E-03
  0.96800000E+01  0.17703169E+00 -0.14386476E-03
  0.96900000E+01  0.17645684E+00 -0.13562605E-03
  0.97000000E+01  0.17588485E+00 -0.12783492E-03
  0.97100000E+01  0.17531569E+00 -0.12046853E-03
  0.97200000E+01  0.17474936E+00 -0.11350511E-03
  0.97300000E+01  0.17418583E+00 -0.10692392E-03
  0.97400000E+01  0.17362510E+00 -0.10070523E-03
  0.97500000E+01  0.17306713E+00 -0.94830241E-04
  0.97600000E+01  0.17251193E+00 -0.89281057E-04
  0.97700000E+01  0.17195946E+00 -0.84040657E-04
  0.97800000E+01  0.17140972E+00 -0.79092844E-04
  0.97900000E+01  0.17086269E+00 -0.74422211E-04
  0.98000000E+01  0.17031835E+00 -0.70014108E-04
  0.98100000E+01  0.16977669E+00 -0.65854606E-04
  0.98200000E+01  0.16923770E+00 -0.61930466E-04
  0.98300000E+01  0.16870135E+00 -0.58229108E-04
  0.98400000E+01  0.16816763E+00 -0.54738576E-04
  0.98500000E+01  0.16763653E+00 -0.51447518E-04
  0.98600000E+01  0.16710802E+00 -0.48345151E-04
  0.98700000E+01  0.16658210E+00 -0.45421238E-04
  0.98800000E+01  0.16605876E+00 -0.42666062E-04
  0.98900000E+01  0.16553796E+00 -0.40070400E-04
  0.99000000E+01  0.16501970E+00 -0.37625504E-04
  0.99100000E+01  0.16450397E+00 -0.35323075E-04
  0.99200000E+01  0.16399075E+00 -0.33155240E-04
  0.99300000E+01  0.16348002E+00 -0.31114538E-04
  0.99400000E+01  0.16297177E+00 -0.29193895E-04
  0.99500000E+01  0.16246598E+00 -0.27386605E-04
  0.99600000E+01  0.16196265E+00 -0.25686317E-04
  0.99700000E+01  0.16146174E+00 -0.24087013E-04
  0.99800000E+01  0.16096326E+00 -0.22582994E-04
  0.99900000E+01  0.16046719E+00 -0.21168863E-04
  0.10000000E+02  0.15997350E+00 -0.19839513E-04
