  0.00000000E+00  0.16973424E+02  0.25905003E-15
  0.10000000E-01  0.16985636E+02 -0.19186924E+01
  0.20000000E-01  0.17022286E+02 -0.38375099E+01
  0.30000000E-01  0.17083425E+02 -0.57565772E+01
  0.40000000E-01  0.17169133E+02 -0.76760188E+01
  0.50000000E-01  0.17279524E+02 -0.95959589E+01
  0.60000000E-01  0.17414745E+02 -0.11516521E+02
  0.70000000E-01  0.17574974E+02 -0.13437828E+02
  0.80000000E-01  0.17760425E+02 -0.15360001E+02
  0.90000000E-01  0.17971342E+02 -0.17283161E+02
  0.10000000E+00  0.18208002E+02 -0.19207428E+02
  0.11000000E+00  0.18470718E+02 -0.21132919E+02
  0.12000000E+00  0.18759834E+02 -0.23059752E+02
  0.13000000E+00  0.19075727E+02 -0.24988040E+02
  0.14000000E+00  0.19418809E+02 -0.26917896E+02
  0.15000000E+00  0.19789527E+02 -0.28849430E+02
  0.16000000E+00  0.20188359E+02 -0.30782751E+02
  0.17000000E+00  0.20615819E+02 -0.32717965E+02
  0.18000000E+00  0.21072455E+02 -0.34655172E+02
  0.19000000E+00  0.21558850E+02 -0.36594474E+02
  0.20000000E+00  0.22075620E+02 -0.38535966E+02
  0.21000000E+00  0.22623419E+02 -0.40479741E+02
  0.22000000E+00  0.23202932E+02 -0.42425887E+02
  0.23000000E+00  0.23814881E+02 -0.44374490E+02
  0.24000000E+00  0.24460025E+02 -0.46325628E+02
  0.25000000E+00  0.25139156E+02 -0.48279378E+02
  0.26000000E+00  0.25853102E+02 -0.50235809E+02
  0.27000000E+00  0.26602727E+02 -0.52194986E+02
  0.28000000E+00  0.27388929E+02 -0.54156968E+02
  0.29000000E+00  0.28212643E+02 -0.56121808E+02
  0.30000000E+00  0.29074838E+02 -0.58089550E+02
  0.31000000E+00  0.29976520E+02 -0.60060234E+02
  0.32000000E+00  0.30918730E+02 -0.62033891E+02
  0.33000000E+00  0.31902541E+02 -0.64010542E+02
  0.34000000E+00  0.32929064E+02 -0.65990203E+02
  0.35000000E+00  0.33999444E+02 -0.67972878E+02
  0.36000000E+00  0.35114860E+02 -0.69958561E+02
  0.37000000E+00  0.36276522E+02 -0.71947238E+02
  0.38000000E+00  0.37485678E+02 -0.73938882E+02
  0.39000000E+00  0.38743606E+02 -0.75933453E+02
  0.40000000E+00  0.40051616E+02 -0.77930900E+02
  0.41000000E+00  0.41411051E+02 -0.79931159E+02
  0.42000000E+00  0.42823285E+02 -0.81934149E+02
  0.43000000E+00  0.44289720E+02 -0.83939778E+02
  0.44000000E+00  0.45811791E+02 -0.85947934E+02
  0.45000000E+00  0.47390958E+02 -0.87958489E+02
  0.46000000E+00  0.49028712E+02 -0.89971298E+02
  0.47000000E+00  0.50726569E+02 -0.91986194E+02
  0.48000000E+00  0.52486070E+02 -0.94002992E+02
  0.49000000E+00  0.54308782E+02 -0.96021485E+02
  0.50000000E+00  0.56196296E+02 -0.98041440E+02
  0.51000000E+00  0.58150223E+02 -0.10006260E+03
  0.52000000E+00  0.60172198E+02 -0.10208469E+03
  0.53000000E+00  0.62263875E+02 -0.10410740E+03
  0.54000000E+00  0.64426926E+02 -0.10613038E+03
  0.55000000E+00  0.66663041E+02 -0.10815328E+03
  0.56000000E+00  0.68973928E+02 -0.11017568E+03
  0.57000000E+00  0.71361309E+02 -0.11219715E+03
  0.58000000E+00  0.73826920E+02 -0.11421721E+03
  0.59000000E+00  0.76372509E+02 -0.11623536E+03
  0.60000000E+00  0.78999838E+02 -0.11825103E+03
  0.61000000E+00  0.81710679E+02 -0.12026363E+03
  0.62000000E+00  0.84506814E+02 -0.12227252E+03
  0.63000000E+00  0.87390035E+02 -0.12427700E+03
  0.64000000E+00  0.90362142E+02 -0.12627632E+03
  0.65000000E+00  0.93424947E+02 -0.12826968E+03
  0.66000000E+00  0.96580268E+02 -0.13025623E+03
  0.67000000E+00  0.99829933E+02 -0.13223504E+03
  0.68000000E+00  0.10317578E+03 -0.13420511E+03
  0.69000000E+00  0.10661967E+03 -0.13616540E+03
  0.70000000E+00  0.11016346E+03 -0.13811477E+03
  0.71000000E+00  0.11380904E+03 -0.14005200E+03
  0.72000000E+00  0.11755832E+03 -0.14197580E+03
  0.73000000E+00  0.12141323E+03 -0.14388476E+03
  0.74000000E+00  0.12537574E+03 -0.14577738E+03
  0.75000000E+00  0.12944786E+03 -0.14765208E+03
  0.76000000E+00  0.13363164E+03 -0.14950710E+03
  0.77000000E+00  0.13792921E+03 -0.15134059E+03
  0.78000000E+00  0.14234279E+03 -0.15315053E+03
  0.79000000E+00  0.14687474E+03 -0.15493472E+03
  0.80000000E+00  0.15152761E+03 -0.15669075E+03
  0.81000000E+00  0.15630414E+03 -0.15841597E+03
  0.82000000E+00  0.16120706E+03 -0.16010738E+03
  0.83000000E+00  0.16623885E+03 -0.16176159E+03
  0.84000000E+00  0.17140182E+03 -0.16337453E+03
  0.85000000E+00  0.17670161E+03 -0.16494105E+03
  0.86000000E+00  0.18215231E+03 -0.16645315E+03
  0.87000000E+00  0.18774609E+03 -0.16789423E+03
  0.88000000E+00  0.19340739E+03 -0.16924809E+03
  0.89000000E+00  0.19909932E+03 -0.17056329E+03
  0.90000000E+00  0.20490774E+03 -0.17186377E+03
  0.91000000E+00  0.21090367E+03 -0.17312622E+03
  0.92000000E+00  0.21709832E+03 -0.17433486E+03
  0.93000000E+00  0.22350065E+03 -0.17547801E+03
  0.94000000E+00  0.23013410E+03 -0.17654322E+03
  0.95000000E+00  0.23704333E+03 -0.17751460E+03
  0.96000000E+00  0.24431836E+03 -0.17836868E+03
  0.97000000E+00  0.25211285E+03 -0.17906543E+03
  0.98000000E+00  0.26062547E+03 -0.17951802E+03
  0.99000000E+00  0.27053759E+03 -0.17946737E+03
  0.10000000E+01  0.28401324E+03 -0.17545839E+03
  0.10100000E+01  0.28179713E+03 -0.17256447E+03
  0.10200000E+01  0.28410190E+03 -0.17221865E+03
  0.10300000E+01  0.28691856E+03 -0.17202751E+03
  0.10400000E+01  0.29007633E+03 -0.17228580E+03
  0.10500000E+01  0.29399080E+03 -0.17270643E+03
  0.10600000E+01  0.29834499E+03 -0.17319698E+03
  0.10700000E+01  0.30306102E+03 -0.17373104E+03
  0.10800000E+01  0.30819613E+03 -0.17428464E+03
  0.10900000E+01  0.31387860E+03 -0.17481823E+03
  0.11000000E+01  0.32033605E+03 -0.17523161E+03
  0.11100000E+01  0.32717283E+03 -0.17408217E+03
  0.11200000E+01  0.33200901E+03 -0.17396297E+03
  0.11300000E+01  0.33681783E+03 -0.17363601E+03
  0.11400000E+01  0.34143814E+03 -0.17380263E+03
  0.11500000E+01  0.34781945E+03 -0.17345786E+03
  0.11600000E+01  0.35182873E+03 -0.17381303E+03
  0.11700000E+01  0.35714286E+03 -0.17431588E+03
  0.11800000E+01  0.36302184E+03 -0.17489095E+03
  0.11900000E+01  0.36945292E+03 -0.17547902E+03
  0.12000000E+01  0.37647151E+03 -0.17606535E+03
  0.12100000E+01  0.38404380E+03 -0.17659681E+03
  0.12200000E+01  0.39256384E+03 -0.17708173E+03
  0.12300000E+01  0.40179233E+03 -0.17739709E+03
  0.12400000E+01  0.41260596E+03 -0.17753507E+03
  0.12500000E+01  0.42591734E+03 -0.17674329E+03
  0.12600000E+01  0.43791782E+03 -0.17181492E+03
  0.12700000E+01  0.44157907E+03 -0.16971741E+03
  0.12800000E+01  0.44812772E+03 -0.16877732E+03
  0.12900000E+01  0.45865769E+03 -0.16807527E+03
  0.13000000E+01  0.47280174E+03 -0.16145981E+03
  0.13100000E+01  0.47203440E+03 -0.15903190E+03
  0.13200000E+01  0.47792274E+03 -0.15837009E+03
  0.13300000E+01  0.48585622E+03 -0.15728328E+03
  0.13400000E+01  0.49466728E+03 -0.15562537E+03
  0.13500000E+01  0.50246307E+03 -0.15244020E+03
  0.13600000E+01  0.50852910E+03 -0.15083246E+03
  0.13700000E+01  0.51581098E+03 -0.14982585E+03
  0.13800000E+01  0.52571130E+03 -0.14938205E+03
  0.13900000E+01  0.53985948E+03 -0.14741470E+03
  0.14000000E+01  0.56041079E+03 -0.14704529E+03
  0.14100000E+01  0.59727706E+03 -0.14476486E+03
  0.14200000E+01  0.62580690E+03 -0.10132642E+03
  0.14300000E+01  0.59794953E+03 -0.81635133E+02
  0.14400000E+01  0.57306234E+03 -0.77808919E+02
  0.14500000E+01  0.56261790E+03 -0.76503416E+02
  0.14600000E+01  0.55882966E+03 -0.73986854E+02
  0.14700000E+01  0.55628659E+03 -0.69279003E+02
  0.14800000E+01  0.55034752E+03 -0.66648806E+02
  0.14900000E+01  0.54686318E+03 -0.64636811E+02
  0.15000000E+01  0.54462018E+03 -0.62526171E+02
  0.15100000E+01  0.54228374E+03 -0.60108299E+02
  0.15200000E+01  0.53974933E+03 -0.57769551E+02
  0.15300000E+01  0.53742669E+03 -0.55677060E+02
  0.15400000E+01  0.53557765E+03 -0.53654845E+02
  0.15500000E+01  0.53392513E+03 -0.51515508E+02
  0.15600000E+01  0.53194698E+03 -0.48825760E+02
  0.15700000E+01  0.52928070E+03 -0.46593524E+02
  0.15800000E+01  0.52630835E+03 -0.44573757E+02
  0.15900000E+01  0.52324258E+03 -0.42923589E+02
  0.16000000E+01  0.52087916E+03 -0.41250690E+02
  0.16100000E+01  0.51825553E+03 -0.39862243E+02
  0.16200000E+01  0.51622416E+03 -0.38588473E+02
  0.16300000E+01  0.51450937E+03 -0.37368480E+02
  0.16400000E+01  0.51307543E+03 -0.36239233E+02
  0.16500000E+01  0.51216205E+03 -0.35090701E+02
  0.16600000E+01  0.51161417E+03 -0.33683365E+02
  0.16700000E+01  0.51042739E+03 -0.32515122E+02
  0.16800000E+01  0.51009053E+03 -0.31470327E+02
  0.16900000E+01  0.50990822E+03 -0.30381844E+02
  0.17000000E+01  0.51047435E+03 -0.29346781E+02
  0.17100000E+01  0.51334040E+03 -0.28118543E+02
  0.17200000E+01  0.51274680E+03 -0.25864008E+02
  0.17300000E+01  0.51380529E+03 -0.24350134E+02
  0.17400000E+01  0.51590081E+03 -0.23091452E+02
  0.17500000E+01  0.52053144E+03 -0.21585553E+02
  0.17600000E+01  0.52374197E+03 -0.19111724E+02
  0.17700000E+01  0.53805521E+03 -0.16372365E+02
  0.17800000E+01  0.53197455E+03  0.16854805E+01
  0.17900000E+01  0.51888247E+03  0.50944906E+01
  0.18000000E+01  0.51109935E+03  0.64561169E+01
  0.18100000E+01  0.50596389E+03  0.74439836E+01
  0.18200000E+01  0.50332513E+03  0.84813068E+01
  0.18300000E+01  0.50181797E+03  0.10694057E+02
  0.18400000E+01  0.50016323E+03  0.12418360E+02
  0.18500000E+01  0.50054905E+03  0.15753318E+02
  0.18600000E+01  0.49950402E+03  0.19826886E+02
  0.18700000E+01  0.49372897E+03  0.27523653E+02
  0.18800000E+01  0.48196124E+03  0.30649913E+02
  0.18900000E+01  0.47051534E+03  0.32366083E+02
  0.19000000E+01  0.46056182E+03  0.32791199E+02
  0.19100000E+01  0.45206689E+03  0.32631688E+02
  0.19200000E+01  0.44466979E+03  0.32290213E+02
  0.19300000E+01  0.43766948E+03  0.31434290E+02
  0.19400000E+01  0.43163708E+03  0.30290708E+02
  0.19500000E+01  0.42642020E+03  0.28922624E+02
  0.19600000E+01  0.42204710E+03  0.27402996E+02
  0.19700000E+01  0.41829713E+03  0.25776987E+02
  0.19800000E+01  0.41539598E+03  0.24041089E+02
  0.19900000E+01  0.41299284E+03  0.22427688E+02
  0.20000000E+01  0.41129907E+03  0.20572931E+02
  0.20100000E+01  0.41029274E+03  0.18774551E+02
  0.20200000E+01  0.40996965E+03  0.16895933E+02
  0.20300000E+01  0.41066393E+03  0.15178989E+02
  0.20400000E+01  0.41303899E+03  0.13544154E+02
  0.20500000E+01  0.41295038E+03  0.13624722E+02
  0.20600000E+01  0.41373407E+03  0.11807044E+02
  0.20700000E+01  0.41606344E+03  0.10122336E+02
  0.20800000E+01  0.41885641E+03  0.86624028E+01
  0.20900000E+01  0.42252923E+03  0.70469319E+01
  0.21000000E+01  0.42718461E+03  0.56373148E+01
  0.21100000E+01  0.43254371E+03  0.43392818E+01
  0.21200000E+01  0.43906639E+03  0.32129566E+01
  0.21300000E+01  0.44692601E+03  0.24431007E+01
  0.21400000E+01  0.45552717E+03  0.24533133E+01
  0.21500000E+01  0.46524776E+03  0.19207958E+01
  0.21600000E+01  0.47587279E+03  0.48193993E+01
  0.21700000E+01  0.48468513E+03  0.80875170E+01
  0.21800000E+01  0.49292093E+03  0.11105763E+02
  0.21900000E+01  0.50570199E+03  0.18092535E+02
  0.22000000E+01  0.50150998E+03  0.23510777E+02
  0.22100000E+01  0.50212394E+03  0.26208575E+02
  0.22200000E+01  0.50443636E+03  0.28987903E+02
  0.22300000E+01  0.50610922E+03  0.31362135E+02
  0.22400000E+01  0.51001388E+03  0.33878278E+02
  0.22500000E+01  0.51073801E+03  0.37459244E+02
  0.22600000E+01  0.51318405E+03  0.38900438E+02
  0.22700000E+01  0.53758330E+03  0.42649523E+02
  0.22800000E+01  0.51211171E+03  0.56091346E+02
  0.22900000E+01  0.50745382E+03  0.56553108E+02
  0.23000000E+01  0.50541099E+03  0.57292164E+02
  0.23100000E+01  0.50496410E+03  0.58339329E+02
  0.23200000E+01  0.50501108E+03  0.59650769E+02
  0.23300000E+01  0.50550850E+03  0.61214045E+02
  0.23400000E+01  0.50599158E+03  0.62864632E+02
  0.23500000E+01  0.50646283E+03  0.64584126E+02
  0.23600000E+01  0.50702229E+03  0.66376225E+02
  0.23700000E+01  0.50742204E+03  0.67965611E+02
  0.23800000E+01  0.50799624E+03  0.69346436E+02
  0.23900000E+01  0.50939227E+03  0.70583955E+02
  0.24000000E+01  0.51175633E+03  0.72071329E+02
  0.24100000E+01  0.51443337E+03  0.74083640E+02
  0.24200000E+01  0.51703266E+03  0.76563263E+02
  0.24300000E+01  0.51862892E+03  0.79620888E+02
  0.24400000E+01  0.51886597E+03  0.82306197E+02
  0.24500000E+01  0.51917895E+03  0.84615597E+02
  0.24600000E+01  0.51994111E+03  0.86832175E+02
  0.24700000E+01  0.51947101E+03  0.89194351E+02
  0.24800000E+01  0.51929798E+03  0.90582156E+02
  0.24900000E+01  0.52076647E+03  0.91726790E+02
  0.25000000E+01  0.52307704E+03  0.93130495E+02
  0.25100000E+01  0.52599147E+03  0.94521990E+02
  0.25200000E+01  0.52980249E+03  0.96032306E+02
  0.25300000E+01  0.53430344E+03  0.97831318E+02
  0.25400000E+01  0.53983383E+03  0.10022050E+03
  0.25500000E+01  0.54478868E+03  0.10418322E+03
  0.25600000E+01  0.54801750E+03  0.10737098E+03
  0.25700000E+01  0.55185383E+03  0.11089818E+03
  0.25800000E+01  0.55620682E+03  0.11471539E+03
  0.25900000E+01  0.56084183E+03  0.11964401E+03
  0.26000000E+01  0.56398903E+03  0.12590061E+03
  0.26100000E+01  0.56292309E+03  0.13272039E+03
  0.26200000E+01  0.55933990E+03  0.13900074E+03
  0.26300000E+01  0.55419652E+03  0.14418193E+03
  0.26400000E+01  0.54880191E+03  0.14891149E+03
  0.26500000E+01  0.54237673E+03  0.15302616E+03
  0.26600000E+01  0.53601823E+03  0.15658854E+03
  0.26700000E+01  0.52952202E+03  0.15971243E+03
  0.26800000E+01  0.52344495E+03  0.16231810E+03
  0.26900000E+01  0.51790584E+03  0.16476986E+03
  0.27000000E+01  0.51161662E+03  0.16709598E+03
  0.27100000E+01  0.50572980E+03  0.16918845E+03
  0.27200000E+01  0.49971818E+03  0.17093479E+03
  0.27300000E+01  0.49407931E+03  0.17258852E+03
  0.27400000E+01  0.48805674E+03  0.17389374E+03
  0.27500000E+01  0.48244770E+03  0.17511160E+03
  0.27600000E+01  0.47703286E+03  0.17582281E+03
  0.27700000E+01  0.47237604E+03  0.17644788E+03
  0.27800000E+01  0.46763350E+03  0.17732325E+03
  0.27900000E+01  0.46307815E+03  0.17793184E+03
  0.28000000E+01  0.45875598E+03  0.17810513E+03
  0.28100000E+01  0.45496920E+03  0.17827262E+03
  0.28200000E+01  0.45181720E+03  0.17820223E+03
  0.28300000E+01  0.44941974E+03  0.17806901E+03
  0.28400000E+01  0.44779807E+03  0.17802986E+03
  0.28500000E+01  0.44684495E+03  0.17812477E+03
  0.28600000E+01  0.44625948E+03  0.17838831E+03
  0.28700000E+01  0.44634001E+03  0.17879749E+03
  0.28800000E+01  0.44687668E+03  0.17970029E+03
  0.28900000E+01  0.44662642E+03  0.18132274E+03
  0.29000000E+01  0.44535874E+03  0.18257098E+03
  0.29100000E+01  0.44444528E+03  0.18365757E+03
  0.29200000E+01  0.44325626E+03  0.18523755E+03
  0.29300000E+01  0.44167984E+03  0.18639464E+03
  0.29400000E+01  0.43940219E+03  0.18784595E+03
  0.29500000E+01  0.43712907E+03  0.18856447E+03
  0.29600000E+01  0.43568093E+03  0.18918118E+03
  0.29700000E+01  0.43408792E+03  0.18971837E+03
  0.29800000E+01  0.43383211E+03  0.19010835E+03
  0.29900000E+01  0.43451479E+03  0.19166193E+03
  0.30000000E+01  0.43306673E+03  0.19329868E+03
  0.30100000E+01  0.43182547E+03  0.19463276E+03
  0.30200000E+01  0.42885646E+03  0.19592028E+03
  0.30300000E+01  0.42645296E+03  0.19650753E+03
  0.30400000E+01  0.42495152E+03  0.19691445E+03
  0.30500000E+01  0.42557270E+03  0.19811668E+03
  0.30600000E+01  0.42145354E+03  0.19970943E+03
  0.30700000E+01  0.41889711E+03  0.20004772E+03
  0.30800000E+01  0.41674517E+03  0.20026492E+03
  0.30900000E+01  0.41505988E+03  0.20038892E+03
  0.31000000E+01  0.41362626E+03  0.20055008E+03
  0.31100000E+01  0.41225275E+03  0.20071824E+03
  0.31200000E+01  0.41126014E+03  0.20081823E+03
  0.31300000E+01  0.41010025E+03  0.20110830E+03
  0.31400000E+01  0.40895203E+03  0.20111794E+03
  0.31500000E+01  0.40827486E+03  0.20106827E+03
  0.31600000E+01  0.40782385E+03  0.20111833E+03
  0.31700000E+01  0.40796740E+03  0.20119270E+03
  0.31800000E+01  0.40879728E+03  0.20141427E+03
  0.31900000E+01  0.40863194E+03  0.20253155E+03
  0.32000000E+01  0.40779266E+03  0.20307114E+03
  0.32100000E+01  0.40717336E+03  0.20343504E+03
  0.32200000E+01  0.40681901E+03  0.20366665E+03
  0.32300000E+01  0.40693287E+03  0.20384589E+03
  0.32400000E+01  0.40770413E+03  0.20401363E+03
  0.32500000E+01  0.40931180E+03  0.20503775E+03
  0.32600000E+01  0.41096851E+03  0.20606557E+03
  0.32700000E+01  0.41222384E+03  0.20784212E+03
  0.32800000E+01  0.40992234E+03  0.20939222E+03
  0.32900000E+01  0.40866350E+03  0.20993536E+03
  0.33000000E+01  0.40877956E+03  0.21039679E+03
  0.33100000E+01  0.40999211E+03  0.21112033E+03
  0.33200000E+01  0.41224559E+03  0.21266718E+03
  0.33300000E+01  0.41170965E+03  0.21546334E+03
  0.33400000E+01  0.40849912E+03  0.21789076E+03
  0.33500000E+01  0.40522612E+03  0.21912534E+03
  0.33600000E+01  0.40155853E+03  0.22019377E+03
  0.33700000E+01  0.39810882E+03  0.22037616E+03
  0.33800000E+01  0.39569724E+03  0.22023956E+03
  0.33900000E+01  0.39407631E+03  0.22000449E+03
  0.34000000E+01  0.39316864E+03  0.21974231E+03
  0.34100000E+01  0.39285068E+03  0.21945494E+03
  0.34200000E+01  0.39328697E+03  0.21922504E+03
  0.34300000E+01  0.39422377E+03  0.21970667E+03
  0.34400000E+01  0.39431876E+03  0.21995828E+03
  0.34500000E+01  0.39465231E+03  0.21998357E+03
  0.34600000E+01  0.39560182E+03  0.22012159E+03
  0.34700000E+01  0.39754643E+03  0.22005974E+03
  0.34800000E+01  0.40048280E+03  0.22044355E+03
  0.34900000E+01  0.40406301E+03  0.22190315E+03
  0.35000000E+01  0.40565150E+03  0.22356490E+03
  0.35100000E+01  0.40863731E+03  0.22617705E+03
  0.35200000E+01  0.40674349E+03  0.22816523E+03
  0.35300000E+01  0.40673023E+03  0.22943447E+03
  0.35400000E+01  0.40656511E+03  0.23202468E+03
  0.35500000E+01  0.40427229E+03  0.23301703E+03
  0.35600000E+01  0.40330351E+03  0.23363725E+03
  0.35700000E+01  0.40342708E+03  0.23423568E+03
  0.35800000E+01  0.40406345E+03  0.23509241E+03
  0.35900000E+01  0.40522784E+03  0.23608315E+03
  0.36000000E+01  0.40696391E+03  0.23748740E+03
  0.36100000E+01  0.40832911E+03  0.24006739E+03
  0.36200000E+01  0.40703899E+03  0.24203906E+03
  0.36300000E+01  0.40637688E+03  0.24367988E+03
  0.36400000E+01  0.40513895E+03  0.24603793E+03
  0.36500000E+01  0.40321765E+03  0.24750267E+03
  0.36600000E+01  0.40123187E+03  0.24879206E+03
  0.36700000E+01  0.39977450E+03  0.25015143E+03
  0.36800000E+01  0.39789075E+03  0.25131441E+03
  0.36900000E+01  0.39636174E+03  0.25233328E+03
  0.37000000E+01  0.39460433E+03  0.25344577E+03
  0.37100000E+01  0.39296026E+03  0.25441076E+03
  0.37200000E+01  0.39183422E+03  0.25510330E+03
  0.37300000E+01  0.39131437E+03  0.25597548E+03
  0.37400000E+01  0.39079007E+03  0.25736098E+03
  0.37500000E+01  0.38941611E+03  0.25898439E+03
  0.37600000E+01  0.38715952E+03  0.26016706E+03
  0.37700000E+01  0.38554823E+03  0.26113252E+03
  0.37800000E+01  0.38377956E+03  0.26243096E+03
  0.37900000E+01  0.38147425E+03  0.26344846E+03
  0.38000000E+01  0.37937299E+03  0.26418401E+03
  0.38100000E+01  0.37741613E+03  0.26485604E+03
  0.38200000E+01  0.37607796E+03  0.26559402E+03
  0.38300000E+01  0.37418383E+03  0.26643613E+03
  0.38400000E+01  0.37233260E+03  0.26732950E+03
  0.38500000E+01  0.37035441E+03  0.26806793E+03
  0.38600000E+01  0.36822330E+03  0.26864927E+03
  0.38700000E+01  0.36631557E+03  0.26903296E+03
  0.38800000E+01  0.36477122E+03  0.26926267E+03
  0.38900000E+01  0.36473977E+03  0.26927921E+03
  0.39000000E+01  0.37024530E+03  0.27257028E+03
  0.39100000E+01  0.36134249E+03  0.27460915E+03
  0.39200000E+01  0.35808870E+03  0.27479365E+03
  0.39300000E+01  0.35631587E+03  0.27510809E+03
  0.39400000E+01  0.35443810E+03  0.27589442E+03
  0.39500000E+01  0.35168893E+03  0.27663535E+03
  0.39600000E+01  0.34881811E+03  0.27705698E+03
  0.39700000E+01  0.34630450E+03  0.27710390E+03
  0.39800000E+01  0.34408815E+03  0.27705165E+03
  0.39900000E+01  0.34222824E+03  0.27705279E+03
  0.40000000E+01  0.34074084E+03  0.27684087E+03
  0.40100000E+01  0.33962185E+03  0.27668075E+03
  0.40200000E+01  0.33893536E+03  0.27656659E+03
  0.40300000E+01  0.33876130E+03  0.27671842E+03
  0.40400000E+01  0.33821714E+03  0.27683456E+03
  0.40500000E+01  0.33801611E+03  0.27703508E+03
  0.40600000E+01  0.33851108E+03  0.27719112E+03
  0.40700000E+01  0.33907401E+03  0.27768982E+03
  0.40800000E+01  0.34040306E+03  0.27825927E+03
  0.40900000E+01  0.34270747E+03  0.27931406E+03
  0.41000000E+01  0.34559199E+03  0.28216762E+03
  0.41100000E+01  0.34138878E+03  0.28557324E+03
  0.41200000E+01  0.33654994E+03  0.28664593E+03
  0.41300000E+01  0.33334498E+03  0.28704861E+03
  0.41400000E+01  0.33090502E+03  0.28732917E+03
  0.41500000E+01  0.32916143E+03  0.28760721E+03
  0.41600000E+01  0.32809253E+03  0.28781713E+03
  0.41700000E+01  0.32742569E+03  0.28817832E+03
  0.41800000E+01  0.32703419E+03  0.28866329E+03
  0.41900000E+01  0.32691747E+03  0.28941371E+03
  0.42000000E+01  0.32694129E+03  0.29058925E+03
  0.42100000E+01  0.32594801E+03  0.29281523E+03
  0.42200000E+01  0.32219872E+03  0.29398092E+03
  0.42300000E+01  0.31914332E+03  0.29460680E+03
  0.42400000E+01  0.31658362E+03  0.29504964E+03
  0.42500000E+01  0.31451397E+03  0.29569939E+03
  0.42600000E+01  0.31177351E+03  0.29603308E+03
  0.42700000E+01  0.30958180E+03  0.29615172E+03
  0.42800000E+01  0.30805909E+03  0.29618727E+03
  0.42900000E+01  0.30698133E+03  0.29648286E+03
  0.43000000E+01  0.30547598E+03  0.29667757E+03
  0.43100000E+01  0.30480059E+03  0.29677683E+03
  0.43200000E+01  0.30427210E+03  0.29698837E+03
  0.43300000E+01  0.30438201E+03  0.29721758E+03
  0.43400000E+01  0.30529642E+03  0.29775688E+03
  0.43500000E+01  0.30651179E+03  0.29893963E+03
  0.43600000E+01  0.30537238E+03  0.30121642E+03
  0.43700000E+01  0.30329434E+03  0.30206151E+03
  0.43800000E+01  0.30241610E+03  0.30242481E+03
  0.43900000E+01  0.30333348E+03  0.30263154E+03
  0.44000000E+01  0.30865354E+03  0.30314781E+03
  0.44100000E+01  0.32224054E+03  0.31522741E+03
  0.44200000E+01  0.30217951E+03  0.31952108E+03
  0.44300000E+01  0.29334986E+03  0.32084183E+03
  0.44400000E+01  0.28691220E+03  0.32164639E+03
  0.44500000E+01  0.28123594E+03  0.32263814E+03
  0.44600000E+01  0.27469530E+03  0.32334101E+03
  0.44700000E+01  0.26867105E+03  0.32345354E+03
  0.44800000E+01  0.26324626E+03  0.32337340E+03
  0.44900000E+01  0.25825730E+03  0.32316204E+03
  0.45000000E+01  0.25365277E+03  0.32288279E+03
  0.45100000E+01  0.24927907E+03  0.32254176E+03
  0.45200000E+01  0.24518629E+03  0.32210635E+03
  0.45300000E+01  0.24138033E+03  0.32162332E+03
  0.45400000E+01  0.23777866E+03  0.32110158E+03
  0.45500000E+01  0.23440383E+03  0.32053776E+03
  0.45600000E+01  0.23128028E+03  0.31994458E+03
  0.45700000E+01  0.22841137E+03  0.31934866E+03
  0.45800000E+01  0.22582461E+03  0.31875245E+03
  0.45900000E+01  0.22360333E+03  0.31820381E+03
  0.46000000E+01  0.22184718E+03  0.31781428E+03
  0.46100000E+01  0.22003065E+03  0.31784734E+03
  0.46200000E+01  0.21723009E+03  0.31795917E+03
  0.46300000E+01  0.21399807E+03  0.31783783E+03
  0.46400000E+01  0.21103606E+03  0.31750892E+03
  0.46500000E+01  0.20818779E+03  0.31719668E+03
  0.46600000E+01  0.20532803E+03  0.31678804E+03
  0.46700000E+01  0.20259913E+03  0.31631399E+03
  0.46800000E+01  0.20007054E+03  0.31579923E+03
  0.46900000E+01  0.19765914E+03  0.31535292E+03
  0.47000000E+01  0.19518656E+03  0.31481834E+03
  0.47100000E+01  0.19294616E+03  0.31426584E+03
  0.47200000E+01  0.19094300E+03  0.31373077E+03
  0.47300000E+01  0.18910703E+03  0.31326259E+03
  0.47400000E+01  0.18752966E+03  0.31288808E+03
  0.47500000E+01  0.18602717E+03  0.31283888E+03
  0.47600000E+01  0.18377009E+03  0.31294885E+03
  0.47700000E+01  0.18097994E+03  0.31286063E+03
  0.47800000E+01  0.17844799E+03  0.31258857E+03
  0.47900000E+01  0.17595035E+03  0.31258603E+03
  0.48000000E+01  0.17274241E+03  0.31233467E+03
  0.48100000E+01  0.16955319E+03  0.31185122E+03
  0.48200000E+01  0.16661445E+03  0.31122506E+03
  0.48300000E+01  0.16394377E+03  0.31054008E+03
  0.48400000E+01  0.16156667E+03  0.30996831E+03
  0.48500000E+01  0.15875766E+03  0.30931801E+03
  0.48600000E+01  0.15620612E+03  0.30854356E+03
  0.48700000E+01  0.15378798E+03  0.30773729E+03
  0.48800000E+01  0.15147928E+03  0.30690913E+03
  0.48900000E+01  0.14927882E+03  0.30607122E+03
  0.49000000E+01  0.14713310E+03  0.30521711E+03
  0.49100000E+01  0.14508233E+03  0.30434976E+03
  0.49200000E+01  0.14311317E+03  0.30347318E+03
  0.49300000E+01  0.14123238E+03  0.30259320E+03
  0.49400000E+01  0.13940812E+03  0.30171075E+03
  0.49500000E+01  0.13766612E+03  0.30082396E+03
  0.49600000E+01  0.13601854E+03  0.29993732E+03
  0.49700000E+01  0.13446628E+03  0.29907202E+03
  0.49800000E+01  0.13298723E+03  0.29821615E+03
  0.49900000E+01  0.13166474E+03  0.29745246E+03
  0.50000000E+01  0.12994880E+03  0.29673028E+03
  0.50100000E+01  0.12834898E+03  0.29588510E+03
  0.50200000E+01  0.12680081E+03  0.29504286E+03
  0.50300000E+01  0.12532554E+03  0.29417247E+03
  0.50400000E+01  0.12383682E+03  0.29328398E+03
  0.50500000E+01  0.12245783E+03  0.29235788E+03
  0.50600000E+01  0.12117524E+03  0.29141978E+03
  0.50700000E+01  0.11998407E+03  0.29047217E+03
  0.50800000E+01  0.11889384E+03  0.28952091E+03
  0.50900000E+01  0.11790311E+03  0.28857101E+03
  0.51000000E+01  0.11702540E+03  0.28762326E+03
  0.51100000E+01  0.11627485E+03  0.28668742E+03
  0.51200000E+01  0.11565693E+03  0.28577489E+03
  0.51300000E+01  0.11517001E+03  0.28490293E+03
  0.51400000E+01  0.11480057E+03  0.28409649E+03
  0.51500000E+01  0.11450219E+03  0.28341525E+03
  0.51600000E+01  0.11396527E+03  0.28281033E+03
  0.51700000E+01  0.11333648E+03  0.28214972E+03
  0.51800000E+01  0.11276829E+03  0.28148188E+03
  0.51900000E+01  0.11225141E+03  0.28081952E+03
  0.52000000E+01  0.11170252E+03  0.28021186E+03
  0.52100000E+01  0.11126053E+03  0.27951880E+03
  0.52200000E+01  0.11106013E+03  0.27891507E+03
  0.52300000E+01  0.11066050E+03  0.27862485E+03
  0.52400000E+01  0.10959669E+03  0.27808306E+03
  0.52500000E+01  0.10882108E+03  0.27739769E+03
  0.52600000E+01  0.10813744E+03  0.27672253E+03
  0.52700000E+01  0.10758790E+03  0.27599095E+03
  0.52800000E+01  0.10719932E+03  0.27525767E+03
  0.52900000E+01  0.10694221E+03  0.27455633E+03
  0.53000000E+01  0.10677035E+03  0.27387692E+03
  0.53100000E+01  0.10668638E+03  0.27323486E+03
  0.53200000E+01  0.10669013E+03  0.27261903E+03
  0.53300000E+01  0.10680914E+03  0.27206029E+03
  0.53400000E+01  0.10698754E+03  0.27157687E+03
  0.53500000E+01  0.10722845E+03  0.27119407E+03
  0.53600000E+01  0.10734169E+03  0.27094674E+03
  0.53700000E+01  0.10728533E+03  0.27067126E+03
  0.53800000E+01  0.10730505E+03  0.27041918E+03
  0.53900000E+01  0.10743761E+03  0.27038421E+03
  0.54000000E+01  0.10693286E+03  0.27034514E+03
  0.54100000E+01  0.10641578E+03  0.27022800E+03
  0.54200000E+01  0.10584942E+03  0.27012239E+03
  0.54300000E+01  0.10510749E+03  0.27010108E+03
  0.54400000E+01  0.10407572E+03  0.26994923E+03
  0.54500000E+01  0.10311684E+03  0.26971799E+03
  0.54600000E+01  0.10211681E+03  0.26947893E+03
  0.54700000E+01  0.10104877E+03  0.26919669E+03
  0.54800000E+01  0.99954450E+02  0.26888269E+03
  0.54900000E+01  0.98750691E+02  0.26848483E+03
  0.55000000E+01  0.97649829E+02  0.26800616E+03
  0.55100000E+01  0.96630273E+02  0.26748533E+03
  0.55200000E+01  0.95696298E+02  0.26693597E+03
  0.55300000E+01  0.94849556E+02  0.26636994E+03
  0.55400000E+01  0.94077667E+02  0.26579570E+03
  0.55500000E+01  0.93380371E+02  0.26522372E+03
  0.55600000E+01  0.92752603E+02  0.26464952E+03
  0.55700000E+01  0.92183354E+02  0.26408493E+03
  0.55800000E+01  0.91657944E+02  0.26353669E+03
  0.55900000E+01  0.91179395E+02  0.26302653E+03
  0.56000000E+01  0.90697723E+02  0.26255662E+03
  0.56100000E+01  0.90190528E+02  0.26205357E+03
  0.56200000E+01  0.89716809E+02  0.26155944E+03
  0.56300000E+01  0.89215362E+02  0.26106082E+03
  0.56400000E+01  0.88759053E+02  0.26054047E+03
  0.56500000E+01  0.88313963E+02  0.26002651E+03
  0.56600000E+01  0.87880890E+02  0.25948960E+03
  0.56700000E+01  0.87516949E+02  0.25893848E+03
  0.56800000E+01  0.87231866E+02  0.25838812E+03
  0.56900000E+01  0.87014306E+02  0.25785197E+03
  0.57000000E+01  0.86854428E+02  0.25732156E+03
  0.57100000E+01  0.86810934E+02  0.25680768E+03
  0.57200000E+01  0.86906235E+02  0.25637431E+03
  0.57300000E+01  0.86531848E+02  0.25616970E+03
  0.57400000E+01  0.86277189E+02  0.25567919E+03
  0.57500000E+01  0.86083936E+02  0.25522307E+03
  0.57600000E+01  0.85908032E+02  0.25473622E+03
  0.57700000E+01  0.85836388E+02  0.25424499E+03
  0.57800000E+01  0.85861974E+02  0.25377272E+03
  0.57900000E+01  0.85945215E+02  0.25335133E+03
  0.58000000E+01  0.85939768E+02  0.25295438E+03
  0.58100000E+01  0.85990897E+02  0.25250813E+03
  0.58200000E+01  0.86141404E+02  0.25207338E+03
  0.58300000E+01  0.86370076E+02  0.25165974E+03
  0.58400000E+01  0.86654539E+02  0.25127337E+03
  0.58500000E+01  0.86996551E+02  0.25091427E+03
  0.58600000E+01  0.87382842E+02  0.25059088E+03
  0.58700000E+01  0.87845357E+02  0.25032399E+03
  0.58800000E+01  0.88314591E+02  0.25008965E+03
  0.58900000E+01  0.88866899E+02  0.24990219E+03
  0.59000000E+01  0.89466408E+02  0.24979159E+03
  0.59100000E+01  0.90041743E+02  0.24978024E+03
  0.59200000E+01  0.90536114E+02  0.24986781E+03
  0.59300000E+01  0.90822680E+02  0.25008899E+03
  0.59400000E+01  0.90800024E+02  0.25028093E+03
  0.59500000E+01  0.90661262E+02  0.25041443E+03
  0.59600000E+01  0.90478070E+02  0.25050592E+03
  0.59700000E+01  0.90297012E+02  0.25057687E+03
  0.59800000E+01  0.90153573E+02  0.25064710E+03
  0.59900000E+01  0.90082209E+02  0.25073818E+03
  0.60000000E+01  0.90061804E+02  0.25089748E+03
  0.60100000E+01  0.89833542E+02  0.25114701E+03
  0.60200000E+01  0.89422244E+02  0.25133914E+03
  0.60300000E+01  0.89159275E+02  0.25149526E+03
  0.60400000E+01  0.89306312E+02  0.25176438E+03
  0.60500000E+01  0.89138234E+02  0.25251849E+03
  0.60600000E+01  0.87732361E+02  0.25304291E+03
  0.60700000E+01  0.86561376E+02  0.25342491E+03
  0.60800000E+01  0.85046304E+02  0.25372741E+03
  0.60900000E+01  0.83639625E+02  0.25399580E+03
  0.61000000E+01  0.81939405E+02  0.25406922E+03
  0.61100000E+01  0.80557283E+02  0.25412945E+03
  0.61200000E+01  0.78632065E+02  0.25427809E+03
  0.61300000E+01  0.76665242E+02  0.25411925E+03
  0.61400000E+01  0.74972809E+02  0.25387356E+03
  0.61500000E+01  0.73403913E+02  0.25360261E+03
  0.61600000E+01  0.71874765E+02  0.25329911E+03
  0.61700000E+01  0.70412606E+02  0.25295954E+03
  0.61800000E+01  0.69020345E+02  0.25259731E+03
  0.61900000E+01  0.67686585E+02  0.25221864E+03
  0.62000000E+01  0.66401833E+02  0.25182577E+03
  0.62100000E+01  0.65165492E+02  0.25142336E+03
  0.62200000E+01  0.63964981E+02  0.25100910E+03
  0.62300000E+01  0.62794082E+02  0.25061801E+03
  0.62400000E+01  0.61634443E+02  0.25017142E+03
  0.62500000E+01  0.60520871E+02  0.24971544E+03
  0.62600000E+01  0.59458677E+02  0.24924746E+03
  0.62700000E+01  0.58446185E+02  0.24877041E+03
  0.62800000E+01  0.57482582E+02  0.24828655E+03
  0.62900000E+01  0.56567308E+02  0.24779787E+03
  0.63000000E+01  0.55699787E+02  0.24730610E+03
  0.63100000E+01  0.54878381E+02  0.24681344E+03
  0.63200000E+01  0.54099418E+02  0.24632238E+03
  0.63300000E+01  0.53359088E+02  0.24583589E+03
  0.63400000E+01  0.52648484E+02  0.24535739E+03
  0.63500000E+01  0.51950499E+02  0.24488195E+03
  0.63600000E+01  0.51285149E+02  0.24440255E+03
  0.63700000E+01  0.50636967E+02  0.24392496E+03
  0.63800000E+01  0.50023648E+02  0.24345221E+03
  0.63900000E+01  0.49428774E+02  0.24298169E+03
  0.64000000E+01  0.48867556E+02  0.24251549E+03
  0.64100000E+01  0.48344978E+02  0.24206130E+03
  0.64200000E+01  0.47808727E+02  0.24164324E+03
  0.64300000E+01  0.47274447E+02  0.24120714E+03
  0.64400000E+01  0.46735118E+02  0.24078813E+03
  0.64500000E+01  0.46161596E+02  0.24036295E+03
  0.64600000E+01  0.45600555E+02  0.23992326E+03
  0.64700000E+01  0.45075151E+02  0.23948241E+03
  0.64800000E+01  0.44582234E+02  0.23904825E+03
  0.64900000E+01  0.44115591E+02  0.23862671E+03
  0.65000000E+01  0.43657621E+02  0.23822468E+03
  0.65100000E+01  0.43203254E+02  0.23783786E+03
  0.65200000E+01  0.42762885E+02  0.23748297E+03
  0.65300000E+01  0.42176993E+02  0.23716821E+03
  0.65400000E+01  0.41555819E+02  0.23679721E+03
  0.65500000E+01  0.40962932E+02  0.23641248E+03
  0.65600000E+01  0.40421631E+02  0.23606442E+03
  0.65700000E+01  0.39709837E+02  0.23570287E+03
  0.65800000E+01  0.39011188E+02  0.23530831E+03
  0.65900000E+01  0.38314736E+02  0.23488884E+03
  0.66000000E+01  0.37641898E+02  0.23445432E+03
  0.66100000E+01  0.36992306E+02  0.23401064E+03
  0.66200000E+01  0.36362440E+02  0.23356068E+03
  0.66300000E+01  0.35751333E+02  0.23310641E+03
  0.66400000E+01  0.35157365E+02  0.23264928E+03
  0.66500000E+01  0.34577745E+02  0.23218839E+03
  0.66600000E+01  0.34043316E+02  0.23178079E+03
  0.66700000E+01  0.33407420E+02  0.23132045E+03
  0.66800000E+01  0.32827149E+02  0.23085614E+03
  0.66900000E+01  0.32258580E+02  0.23039012E+03
  0.67000000E+01  0.31704587E+02  0.22992256E+03
  0.67100000E+01  0.31165291E+02  0.22945562E+03
  0.67200000E+01  0.30633163E+02  0.22898695E+03
  0.67300000E+01  0.30113960E+02  0.22851718E+03
  0.67400000E+01  0.29605007E+02  0.22804703E+03
  0.67500000E+01  0.29105814E+02  0.22757670E+03
  0.67600000E+01  0.28615853E+02  0.22710633E+03
  0.67700000E+01  0.28134634E+02  0.22663607E+03
  0.67800000E+01  0.27661740E+02  0.22616603E+03
  0.67900000E+01  0.27196823E+02  0.22569630E+03
  0.68000000E+01  0.26739584E+02  0.22522696E+03
  0.68100000E+01  0.26289756E+02  0.22475809E+03
  0.68200000E+01  0.25847098E+02  0.22428975E+03
  0.68300000E+01  0.25411387E+02  0.22382202E+03
  0.68400000E+01  0.24982416E+02  0.22335493E+03
  0.68500000E+01  0.24559994E+02  0.22288855E+03
  0.68600000E+01  0.24143941E+02  0.22242292E+03
  0.68700000E+01  0.23734085E+02  0.22195808E+03
  0.68800000E+01  0.23330267E+02  0.22149406E+03
  0.68900000E+01  0.22932335E+02  0.22103091E+03
  0.69000000E+01  0.22540146E+02  0.22056865E+03
  0.69100000E+01  0.22153567E+02  0.22010732E+03
  0.69200000E+01  0.21772469E+02  0.21964693E+03
  0.69300000E+01  0.21396734E+02  0.21918752E+03
  0.69400000E+01  0.21026249E+02  0.21872910E+03
  0.69500000E+01  0.20660909E+02  0.21827170E+03
  0.69600000E+01  0.20300615E+02  0.21781533E+03
  0.69700000E+01  0.19945283E+02  0.21736001E+03
  0.69800000E+01  0.19594840E+02  0.21690577E+03
  0.69900000E+01  0.19249153E+02  0.21645263E+03
  0.70000000E+01  0.18908127E+02  0.21600058E+03
  0.70100000E+01  0.18571739E+02  0.21554964E+03
  0.70200000E+01  0.18239911E+02  0.21509981E+03
  0.70300000E+01  0.17912598E+02  0.21465111E+03
  0.70400000E+01  0.17589734E+02  0.21420355E+03
  0.70500000E+01  0.17271247E+02  0.21375716E+03
  0.70600000E+01  0.16957076E+02  0.21331193E+03
  0.70700000E+01  0.16647158E+02  0.21286782E+03
  0.70800000E+01  0.16341437E+02  0.21242521E+03
  0.70900000E+01  0.16039868E+02  0.21198346E+03
  0.71000000E+01  0.15742410E+02  0.21154297E+03
  0.71100000E+01  0.15449031E+02  0.21110368E+03
  0.71200000E+01  0.15159700E+02  0.21066559E+03
  0.71300000E+01  0.14874382E+02  0.21022872E+03
  0.71400000E+01  0.14593041E+02  0.20979306E+03
  0.71500000E+01  0.14315639E+02  0.20935864E+03
  0.71600000E+01  0.14042139E+02  0.20892545E+03
  0.71700000E+01  0.13772506E+02  0.20849351E+03
  0.71800000E+01  0.13506703E+02  0.20806281E+03
  0.71900000E+01  0.13244698E+02  0.20763337E+03
  0.72000000E+01  0.12986456E+02  0.20720518E+03
  0.72100000E+01  0.12731944E+02  0.20677826E+03
  0.72200000E+01  0.12481130E+02  0.20635262E+03
  0.72300000E+01  0.12233982E+02  0.20592825E+03
  0.72400000E+01  0.11990469E+02  0.20550516E+03
  0.72500000E+01  0.11750558E+02  0.20508335E+03
  0.72600000E+01  0.11514219E+02  0.20466284E+03
  0.72700000E+01  0.11281421E+02  0.20424363E+03
  0.72800000E+01  0.11052134E+02  0.20382571E+03
  0.72900000E+01  0.10826327E+02  0.20340909E+03
  0.73000000E+01  0.10603969E+02  0.20299379E+03
  0.73100000E+01  0.10385031E+02  0.20257979E+03
  0.73200000E+01  0.10169484E+02  0.20216711E+03
  0.73300000E+01  0.99572957E+01  0.20175575E+03
  0.73400000E+01  0.97484379E+01  0.20134571E+03
  0.73500000E+01  0.95428805E+01  0.20093700E+03
  0.73600000E+01  0.93405938E+01  0.20052962E+03
  0.73700000E+01  0.91415481E+01  0.20012357E+03
  0.73800000E+01  0.89457138E+01  0.19971885E+03
  0.73900000E+01  0.87530612E+01  0.19931547E+03
  0.74000000E+01  0.85635607E+01  0.19891342E+03
  0.74100000E+01  0.83771826E+01  0.19851272E+03
  0.74200000E+01  0.81938973E+01  0.19811337E+03
  0.74300000E+01  0.80136751E+01  0.19771536E+03
  0.74400000E+01  0.78364861E+01  0.19731869E+03
  0.74500000E+01  0.76623008E+01  0.19692338E+03
  0.74600000E+01  0.74910891E+01  0.19652942E+03
  0.74700000E+01  0.73228214E+01  0.19613681E+03
  0.74800000E+01  0.71574677E+01  0.19574555E+03
  0.74900000E+01  0.69949981E+01  0.19535565E+03
  0.75000000E+01  0.68353825E+01  0.19496710E+03
  0.75100000E+01  0.66785911E+01  0.19457991E+03
  0.75200000E+01  0.65245936E+01  0.19419408E+03
  0.75300000E+01  0.63733599E+01  0.19380960E+03
  0.75400000E+01  0.62248599E+01  0.19342648E+03
  0.75500000E+01  0.60790634E+01  0.19304472E+03
  0.75600000E+01  0.59359401E+01  0.19266432E+03
  0.75700000E+01  0.57954598E+01  0.19228527E+03
  0.75800000E+01  0.56575920E+01  0.19190758E+03
  0.75900000E+01  0.55223064E+01  0.19153125E+03
  0.76000000E+01  0.53895728E+01  0.19115627E+03
  0.76100000E+01  0.52593606E+01  0.19078265E+03
  0.76200000E+01  0.51316394E+01  0.19041038E+03
  0.76300000E+01  0.50063789E+01  0.19003946E+03
  0.76400000E+01  0.48835485E+01  0.18966990E+03
  0.76500000E+01  0.47631179E+01  0.18930169E+03
  0.76600000E+01  0.46450566E+01  0.18893482E+03
  0.76700000E+01  0.45293341E+01  0.18856930E+03
  0.76800000E+01  0.44159202E+01  0.18820513E+03
  0.76900000E+01  0.43047845E+01  0.18784230E+03
  0.77000000E+01  0.41958965E+01  0.18748082E+03
  0.77100000E+01  0.40892260E+01  0.18712067E+03
  0.77200000E+01  0.39847427E+01  0.18676186E+03
  0.77300000E+01  0.38824165E+01  0.18640438E+03
  0.77400000E+01  0.37822171E+01  0.18604824E+03
  0.77500000E+01  0.36841146E+01  0.18569343E+03
  0.77600000E+01  0.35880788E+01  0.18533994E+03
  0.77700000E+01  0.34940800E+01  0.18498778E+03
  0.77800000E+01  0.34020882E+01  0.18463693E+03
  0.77900000E+01  0.33120737E+01  0.18428741E+03
  0.78000000E+01  0.32240069E+01  0.18393920E+03
  0.78100000E+01  0.31378583E+01  0.18359230E+03
  0.78200000E+01  0.30535985E+01  0.18324671E+03
  0.78300000E+01  0.29711983E+01  0.18290242E+03
  0.78400000E+01  0.28906284E+01  0.18255944E+03
  0.78500000E+01  0.28118599E+01  0.18221775E+03
  0.78600000E+01  0.27348639E+01  0.18187735E+03
  0.78700000E+01  0.26596118E+01  0.18153825E+03
  0.78800000E+01  0.25860750E+01  0.18120043E+03
  0.78900000E+01  0.25142251E+01  0.18086389E+03
  0.79000000E+01  0.24440340E+01  0.18052863E+03
  0.79100000E+01  0.23754737E+01  0.18019464E+03
  0.79200000E+01  0.23085163E+01  0.17986193E+03
  0.79300000E+01  0.22431343E+01  0.17953048E+03
  0.79400000E+01  0.21793001E+01  0.17920028E+03
  0.79500000E+01  0.21169866E+01  0.17887135E+03
  0.79600000E+01  0.20561669E+01  0.17854367E+03
  0.79700000E+01  0.19968140E+01  0.17821723E+03
  0.79800000E+01  0.19389014E+01  0.17789204E+03
  0.79900000E+01  0.18824028E+01  0.17756809E+03
  0.80000000E+01  0.18272922E+01  0.17724537E+03
  0.80100000E+01  0.17735435E+01  0.17692387E+03
  0.80200000E+01  0.17211313E+01  0.17660361E+03
  0.80300000E+01  0.16700301E+01  0.17628456E+03
  0.80400000E+01  0.16202148E+01  0.17596673E+03
  0.80500000E+01  0.15716605E+01  0.17565010E+03
  0.80600000E+01  0.15243427E+01  0.17533468E+03
  0.80700000E+01  0.14782369E+01  0.17502046E+03
  0.80800000E+01  0.14333191E+01  0.17470744E+03
  0.80900000E+01  0.13895656E+01  0.17439560E+03
  0.81000000E+01  0.13469526E+01  0.17408495E+03
  0.81100000E+01  0.13054571E+01  0.17377548E+03
  0.81200000E+01  0.12650559E+01  0.17346719E+03
  0.81300000E+01  0.12257264E+01  0.17316006E+03
  0.81400000E+01  0.11874462E+01  0.17285410E+03
  0.81500000E+01  0.11501931E+01  0.17254930E+03
  0.81600000E+01  0.11139452E+01  0.17224565E+03
  0.81700000E+01  0.10786810E+01  0.17194315E+03
  0.81800000E+01  0.10443793E+01  0.17164179E+03
  0.81900000E+01  0.10110190E+01  0.17134158E+03
  0.82000000E+01  0.97857937E+00  0.17104249E+03
  0.82100000E+01  0.94704010E+00  0.17074454E+03
  0.82200000E+01  0.91638104E+00  0.17044770E+03
  0.82300000E+01  0.88658237E+00  0.17015199E+03
  0.82400000E+01  0.85762458E+00  0.16985738E+03
  0.82500000E+01  0.82948843E+00  0.16956389E+03
  0.82600000E+01  0.80215499E+00  0.16927149E+03
  0.82700000E+01  0.77560563E+00  0.16898020E+03
  0.82800000E+01  0.74982199E+00  0.16868999E+03
  0.82900000E+01  0.72478602E+00  0.16840087E+03
  0.83000000E+01  0.70047997E+00  0.16811283E+03
  0.83100000E+01  0.67688636E+00  0.16782587E+03
  0.83200000E+01  0.65398803E+00  0.16753997E+03
  0.83300000E+01  0.63176810E+00  0.16725515E+03
  0.83400000E+01  0.61020996E+00  0.16697138E+03
  0.83500000E+01  0.58929731E+00  0.16668866E+03
  0.83600000E+01  0.56901413E+00  0.16640700E+03
  0.83700000E+01  0.54934470E+00  0.16612638E+03
  0.83800000E+01  0.53027356E+00  0.16584680E+03
  0.83900000E+01  0.51178555E+00  0.16556825E+03
  0.84000000E+01  0.49386578E+00  0.16529073E+03
  0.84100000E+01  0.47649964E+00  0.16501424E+03
  0.84200000E+01  0.45967282E+00  0.16473876E+03
  0.84300000E+01  0.44337124E+00  0.16446430E+03
  0.84400000E+01  0.42758113E+00  0.16419084E+03
  0.84500000E+01  0.41228898E+00  0.16391839E+03
  0.84600000E+01  0.39748154E+00  0.16364693E+03
  0.84700000E+01  0.38314584E+00  0.16337647E+03
  0.84800000E+01  0.36926916E+00  0.16310700E+03
  0.84900000E+01  0.35583904E+00  0.16283851E+03
  0.85000000E+01  0.34284329E+00  0.16257099E+03
  0.85100000E+01  0.33026997E+00  0.16230445E+03
  0.85200000E+01  0.31810739E+00  0.16203888E+03
  0.85300000E+01  0.30634410E+00  0.16177426E+03
  0.85400000E+01  0.29496892E+00  0.16151061E+03
  0.85500000E+01  0.28397090E+00  0.16124791E+03
  0.85600000E+01  0.27333933E+00  0.16098615E+03
  0.85700000E+01  0.26306373E+00  0.16072534E+03
  0.85800000E+01  0.25313388E+00  0.16046547E+03
  0.85900000E+01  0.24353977E+00  0.16020653E+03
  0.86000000E+01  0.23427163E+00  0.15994852E+03
  0.86100000E+01  0.22531991E+00  0.15969143E+03
  0.86200000E+01  0.21667528E+00  0.15943526E+03
  0.86300000E+01  0.20832864E+00  0.15918000E+03
  0.86400000E+01  0.20027109E+00  0.15892565E+03
  0.86500000E+01  0.19249395E+00  0.15867221E+03
  0.86600000E+01  0.18498876E+00  0.15841967E+03
  0.86700000E+01  0.17774726E+00  0.15816802E+03
  0.86800000E+01  0.17076138E+00  0.15791726E+03
  0.86900000E+01  0.16402327E+00  0.15766739E+03
  0.87000000E+01  0.15752526E+00  0.15741840E+03
  0.87100000E+01  0.15125989E+00  0.15717028E+03
  0.87200000E+01  0.14521986E+00  0.15692304E+03
  0.87300000E+01  0.13939810E+00  0.15667666E+03
  0.87400000E+01  0.13378768E+00  0.15643114E+03
  0.87500000E+01  0.12838189E+00  0.15618649E+03
  0.87600000E+01  0.12317416E+00  0.15594269E+03
  0.87700000E+01  0.11815811E+00  0.15569973E+03
  0.87800000E+01  0.11332755E+00  0.15545762E+03
  0.87900000E+01  0.10867641E+00  0.15521635E+03
  0.88000000E+01  0.10419884E+00  0.15497592E+03
  0.88100000E+01  0.99889099E-01  0.15473632E+03
  0.88200000E+01  0.95741637E-01  0.15449755E+03
  0.88300000E+01  0.91751046E-01  0.15425959E+03
  0.88400000E+01  0.87912071E-01  0.15402246E+03
  0.88500000E+01  0.84219605E-01  0.15378614E+03
  0.88600000E+01  0.80668686E-01  0.15355063E+03
  0.88700000E+01  0.77254493E-01  0.15331593E+03
  0.88800000E+01  0.73972345E-01  0.15308203E+03
  0.88900000E+01  0.70817697E-01  0.15284893E+03
  0.89000000E+01  0.67786135E-01  0.15261662E+03
  0.89100000E+01  0.64873377E-01  0.15238509E+03
  0.89200000E+01  0.62075267E-01  0.15215436E+03
  0.89300000E+01  0.59387772E-01  0.15192440E+03
  0.89400000E+01  0.56806983E-01  0.15169522E+03
  0.89500000E+01  0.54329106E-01  0.15146682E+03
  0.89600000E+01  0.51950464E-01  0.15123918E+03
  0.89700000E+01  0.49667495E-01  0.15101231E+03
  0.89800000E+01  0.47476744E-01  0.15078620E+03
  0.89900000E+01  0.45374866E-01  0.15056084E+03
  0.90000000E+01  0.43358617E-01  0.15033624E+03
  0.90100000E+01  0.41424860E-01  0.15011239E+03
  0.90200000E+01  0.39570554E-01  0.14988928E+03
  0.90300000E+01  0.37792757E-01  0.14966692E+03
  0.90400000E+01  0.36088621E-01  0.14944529E+03
  0.90500000E+01  0.34455390E-01  0.14922440E+03
  0.90600000E+01  0.32890399E-01  0.14900423E+03
  0.90700000E+01  0.31391069E-01  0.14878480E+03
  0.90800000E+01  0.29954906E-01  0.14856608E+03
  0.90900000E+01  0.28579501E-01  0.14834808E+03
  0.91000000E+01  0.27262522E-01  0.14813080E+03
  0.91100000E+01  0.26001719E-01  0.14791423E+03
  0.91200000E+01  0.24794915E-01  0.14769837E+03
  0.91300000E+01  0.23640009E-01  0.14748321E+03
  0.91400000E+01  0.22534973E-01  0.14726876E+03
  0.91500000E+01  0.21477846E-01  0.14705500E+03
  0.91600000E+01  0.20466737E-01  0.14684193E+03
  0.91700000E+01  0.19499821E-01  0.14662956E+03
  0.91800000E+01  0.18575335E-01  0.14641787E+03
  0.91900000E+01  0.17691581E-01  0.14620686E+03
  0.92000000E+01  0.16846920E-01  0.14599653E+03
  0.92100000E+01  0.16039771E-01  0.14578688E+03
  0.92200000E+01  0.15268611E-01  0.14557790E+03
  0.92300000E+01  0.14531971E-01  0.14536959E+03
  0.92400000E+01  0.13828437E-01  0.14516195E+03
  0.92500000E+01  0.13156644E-01  0.14495497E+03
  0.92600000E+01  0.12515279E-01  0.14474865E+03
  0.92700000E+01  0.11903079E-01  0.14454298E+03
  0.92800000E+01  0.11318824E-01  0.14433797E+03
  0.92900000E+01  0.10761343E-01  0.14413361E+03
  0.93000000E+01  0.10229509E-01  0.14392989E+03
  0.93100000E+01  0.97222344E-02  0.14372682E+03
  0.93200000E+01  0.92384764E-02  0.14352438E+03
  0.93300000E+01  0.87772306E-02  0.14332259E+03
  0.93400000E+01  0.83375312E-02  0.14312142E+03
  0.93500000E+01  0.79184501E-02  0.14292089E+03
  0.93600000E+01  0.75190950E-02  0.14272098E+03
  0.93700000E+01  0.71386085E-02  0.14252170E+03
  0.93800000E+01  0.67761670E-02  0.14232303E+03
  0.93900000E+01  0.64309792E-02  0.14212499E+03
  0.94000000E+01  0.61022854E-02  0.14192756E+03
  0.94100000E+01  0.57893561E-02  0.14173074E+03
  0.94200000E+01  0.54914911E-02  0.14153453E+03
  0.94300000E+01  0.52080185E-02  0.14133893E+03
  0.94400000E+01  0.49382935E-02  0.14114393E+03
  0.94500000E+01  0.46816976E-02  0.14094953E+03
  0.94600000E+01  0.44376377E-02  0.14075572E+03
  0.94700000E+01  0.42055450E-02  0.14056251E+03
  0.94800000E+01  0.39848743E-02  0.14036989E+03
  0.94900000E+01  0.37751030E-02  0.14017786E+03
  0.95000000E+01  0.35757304E-02  0.13998642E+03
  0.95100000E+01  0.33862767E-02  0.13979555E+03
  0.95200000E+01  0.32062825E-02  0.13960527E+03
  0.95300000E+01  0.30353077E-02  0.13941556E+03
  0.95400000E+01  0.28729311E-02  0.13922643E+03
  0.95500000E+01  0.27187494E-02  0.13903787E+03
  0.95600000E+01  0.25723769E-02  0.13884988E+03
  0.95700000E+01  0.24334441E-02  0.13866245E+03
  0.95800000E+01  0.23015981E-02  0.13847559E+03
  0.95900000E+01  0.21765010E-02  0.13828928E+03
  0.96000000E+01  0.20578299E-02  0.13810354E+03
  0.96100000E+01  0.19452760E-02  0.13791835E+03
  0.96200000E+01  0.18385443E-02  0.13773371E+03
  0.96300000E+01  0.17373528E-02  0.13754962E+03
  0.96400000E+01  0.16414323E-02  0.13736608E+03
  0.96500000E+01  0.15505253E-02  0.13718309E+03
  0.96600000E+01  0.14643863E-02  0.13700063E+03
  0.96700000E+01  0.13827808E-02  0.13681872E+03
  0.96800000E+01  0.13054847E-02  0.13663734E+03
  0.96900000E+01  0.12322846E-02  0.13645649E+03
  0.97000000E+01  0.11629766E-02  0.13627618E+03
  0.97100000E+01  0.10973662E-02  0.13609640E+03
  0.97200000E+01  0.10352681E-02  0.13591714E+03
  0.97300000E+01  0.97650535E-03  0.13573841E+03
  0.97400000E+01  0.92090952E-03  0.13556020E+03
  0.97500000E+01  0.86831995E-03  0.13538251E+03
  0.97600000E+01  0.81858359E-03  0.13520534E+03
  0.97700000E+01  0.77155464E-03  0.13502868E+03
  0.97800000E+01  0.72709422E-03  0.13485254E+03
  0.97900000E+01  0.68507009E-03  0.13467690E+03
  0.98000000E+01  0.64535635E-03  0.13450177E+03
  0.98100000E+01  0.60783316E-03  0.13432715E+03
  0.98200000E+01  0.57238649E-03  0.13415303E+03
  0.98300000E+01  0.53890785E-03  0.13397941E+03
  0.98400000E+01  0.50729402E-03  0.13380629E+03
  0.98500000E+01  0.47744685E-03  0.13363366E+03
  0.98600000E+01  0.44927304E-03  0.13346153E+03
  0.98700000E+01  0.42268385E-03  0.13328989E+03
  0.98800000E+01  0.39759499E-03  0.13311873E+03
  0.98900000E+01  0.37392634E-03  0.13294807E+03
  0.99000000E+01  0.35160180E-03  0.13277789E+03
  0.99100000E+01  0.33054908E-03  0.13260819E+03
  0.99200000E+01  0.31069954E-03  0.13243897E+03
  0.99300000E+01  0.29198802E-03  0.13227023E+03
  0.99400000E+01  0.27435266E-03  0.13210197E+03
  0.99500000E+01  0.25773478E-03  0.13193418E+03
  0.99600000E+01  0.24207866E-03  0.13176686E+03
  0.99700000E+01  0.22733151E-03  0.13160001E+03
  0.99800000E+01  0.21344321E-03  0.13143363E+03
  0.99900000E+01  0.20036626E-03  0.13126771E+03
  0.10000000E+02  0.18805565E-03  0.13110226E+03
