  0.00000000E+00  0.42052025E+00  0.29709537E-17
  0.10000000E-01  0.42049524E+00  0.34919981E-01
  0.20000000E-01  0.42042015E+00  0.69861522E-01
  0.30000000E-01  0.42029485E+00  0.10484624E+00
  0.40000000E-01  0.42011912E+00  0.13989587E+00
  0.50000000E-01  0.41989266E+00  0.17503230E+00
  0.60000000E-01  0.41961506E+00  0.21027769E+00
  0.70000000E-01  0.41928584E+00  0.24565443E+00
  0.80000000E-01  0.41890443E+00  0.28118529E+00
  0.90000000E-01  0.41847015E+00  0.31689341E+00
  0.10000000E+00  0.41798224E+00  0.35280236E+00
  0.11000000E+00  0.41743985E+00  0.38893624E+00
  0.12000000E+00  0.41684202E+00  0.42531966E+00
  0.13000000E+00  0.41618770E+00  0.46197781E+00
  0.14000000E+00  0.41547575E+00  0.49893652E+00
  0.15000000E+00  0.41470492E+00  0.53622229E+00
  0.16000000E+00  0.41387385E+00  0.57386231E+00
  0.17000000E+00  0.41298108E+00  0.61188453E+00
  0.18000000E+00  0.41202504E+00  0.65031764E+00
  0.19000000E+00  0.41100405E+00  0.68919114E+00
  0.20000000E+00  0.40991631E+00  0.72853538E+00
  0.21000000E+00  0.40875991E+00  0.76838150E+00
  0.22000000E+00  0.40753281E+00  0.80876154E+00
  0.23000000E+00  0.40623283E+00  0.84970838E+00
  0.24000000E+00  0.40485769E+00  0.89125581E+00
  0.25000000E+00  0.40340494E+00  0.93343848E+00
  0.26000000E+00  0.40187200E+00  0.97629191E+00
  0.27000000E+00  0.40025614E+00  0.10198525E+01
  0.28000000E+00  0.39855450E+00  0.10641576E+01
  0.29000000E+00  0.39676402E+00  0.11092452E+01
  0.30000000E+00  0.39488150E+00  0.11551544E+01
  0.31000000E+00  0.39290355E+00  0.12019249E+01
  0.32000000E+00  0.39082660E+00  0.12495971E+01
  0.33000000E+00  0.38864690E+00  0.12982125E+01
  0.34000000E+00  0.38636047E+00  0.13478128E+01
  0.35000000E+00  0.38396316E+00  0.13984408E+01
  0.36000000E+00  0.38145056E+00  0.14501396E+01
  0.37000000E+00  0.37881803E+00  0.15029530E+01
  0.38000000E+00  0.37606072E+00  0.15569251E+01
  0.39000000E+00  0.37317347E+00  0.16121005E+01
  0.40000000E+00  0.37015089E+00  0.16685243E+01
  0.41000000E+00  0.36698727E+00  0.17262416E+01
  0.42000000E+00  0.36367662E+00  0.17852978E+01
  0.43000000E+00  0.36021261E+00  0.18457382E+01
  0.44000000E+00  0.35658861E+00  0.19076084E+01
  0.45000000E+00  0.35279758E+00  0.19709537E+01
  0.46000000E+00  0.34883215E+00  0.20358192E+01
  0.47000000E+00  0.34468454E+00  0.21022498E+01
  0.48000000E+00  0.34034656E+00  0.21702899E+01
  0.49000000E+00  0.33580957E+00  0.22399836E+01
  0.50000000E+00  0.33106449E+00  0.23113743E+01
  0.51000000E+00  0.32610175E+00  0.23845048E+01
  0.52000000E+00  0.32091128E+00  0.24594172E+01
  0.53000000E+00  0.31548249E+00  0.25361528E+01
  0.54000000E+00  0.30980424E+00  0.26147524E+01
  0.55000000E+00  0.30386484E+00  0.26952556E+01
  0.56000000E+00  0.29765200E+00  0.27777016E+01
  0.57000000E+00  0.29115288E+00  0.28621287E+01
  0.58000000E+00  0.28435398E+00  0.29485747E+01
  0.59000000E+00  0.27724127E+00  0.30370771E+01
  0.60000000E+00  0.26980007E+00  0.31276732E+01
  0.61000000E+00  0.26201516E+00  0.32204004E+01
  0.62000000E+00  0.25387078E+00  0.33152968E+01
  0.63000000E+00  0.24535071E+00  0.34124019E+01
  0.64000000E+00  0.23643831E+00  0.35117569E+01
  0.65000000E+00  0.22711671E+00  0.36134061E+01
  0.66000000E+00  0.21736892E+00  0.37173977E+01
  0.67000000E+00  0.20717811E+00  0.38237853E+01
  0.68000000E+00  0.19652787E+00  0.39326293E+01
  0.69000000E+00  0.18540271E+00  0.40439989E+01
  0.70000000E+00  0.17378858E+00  0.41579742E+01
  0.71000000E+00  0.16167367E+00  0.42746486E+01
  0.72000000E+00  0.14904946E+00  0.43941320E+01
  0.73000000E+00  0.13591212E+00  0.45165555E+01
  0.74000000E+00  0.12226449E+00  0.46420778E+01
  0.75000000E+00  0.10811879E+00  0.47708931E+01
  0.76000000E+00  0.93500377E-01  0.49032403E+01
  0.77000000E+00  0.78453149E-01  0.50394082E+01
  0.78000000E+00  0.63047395E-01  0.51797304E+01
  0.79000000E+00  0.47391425E-01  0.53245692E+01
  0.80000000E+00  0.31649365E-01  0.54743126E+01
  0.81000000E+00  0.16069338E-01  0.56294428E+01
  0.82000000E+00  0.10300602E-02  0.57907589E+01
  0.83000000E+00 -0.12876917E-01  0.59597917E+01
  0.84000000E+00 -0.24682792E-01  0.61389381E+01
  0.85000000E+00 -0.32610822E-01  0.63281176E+01
  0.86000000E+00 -0.32436748E-01  0.65185772E+01
  0.87000000E+00 -0.11487753E-01  0.67233747E+01
  0.88000000E+00  0.43061014E-01  0.70295735E+01
  0.89000000E+00  0.75553729E-01  0.74883632E+01
  0.90000000E+00  0.54474772E-01  0.80231279E+01
  0.91000000E+00 -0.33255023E-02  0.85779733E+01
  0.92000000E+00 -0.91077403E-01  0.91649457E+01
  0.93000000E+00 -0.20870639E+00  0.98033237E+01
  0.94000000E+00 -0.35913352E+00  0.10508050E+02
  0.95000000E+00 -0.54814526E+00  0.11297563E+02
  0.96000000E+00 -0.78571665E+00  0.12200400E+02
  0.97000000E+00 -0.10907972E+01  0.13263773E+02
  0.98000000E+00 -0.15086390E+01  0.14595223E+02
  0.99000000E+00 -0.22725684E+01  0.17136930E+02
  0.10000000E+01 -0.49320569E+01  0.19710704E+02
  0.10100000E+01 -0.71541653E+01  0.15888614E+02
  0.10200000E+01 -0.77674572E+01  0.13085319E+02
  0.10300000E+01 -0.80771352E+01  0.11334447E+02
  0.10400000E+01 -0.83164002E+01  0.99287269E+01
  0.10500000E+01 -0.85180525E+01  0.86999592E+01
  0.10600000E+01 -0.86823051E+01  0.75998273E+01
  0.10700000E+01 -0.88150028E+01  0.66436707E+01
  0.10800000E+01 -0.89267539E+01  0.58740440E+01
  0.10900000E+01 -0.90486766E+01  0.54280878E+01
  0.11000000E+01 -0.93187404E+01  0.56109001E+01
  0.11100000E+01 -0.10778063E+02  0.55235387E+01
  0.11200000E+01 -0.11250814E+02  0.24083617E+01
  0.11300000E+01 -0.11081866E+02  0.35019819E+00
  0.11400000E+01 -0.10972649E+02 -0.99376577E+00
  0.11500000E+01 -0.10539772E+02 -0.25541874E+01
  0.11600000E+01 -0.10266605E+02 -0.26455405E+01
  0.11700000E+01 -0.10245929E+02 -0.29773700E+01
  0.11800000E+01 -0.10273093E+02 -0.33831414E+01
  0.11900000E+01 -0.10323247E+02 -0.37575865E+01
  0.12000000E+01 -0.10411807E+02 -0.40241142E+01
  0.12100000E+01 -0.10580118E+02 -0.42768320E+01
  0.12200000E+01 -0.10746684E+02 -0.43254073E+01
  0.12300000E+01 -0.11015375E+02 -0.38638178E+01
  0.12400000E+01 -0.11560241E+02 -0.27041882E+01
  0.12500000E+01 -0.12834032E+02 -0.56956988E+00
  0.12600000E+01 -0.16532478E+02  0.18527829E+00
  0.12700000E+01 -0.19370281E+02 -0.58652195E+01
  0.12800000E+01 -0.21152867E+02 -0.12570944E+02
  0.12900000E+01 -0.22164235E+02 -0.22075465E+02
  0.13000000E+01 -0.14638881E+02 -0.40286116E+02
  0.13100000E+01 -0.12499346E+02 -0.29051277E+02
  0.13200000E+01 -0.12678992E+02 -0.29171867E+02
  0.13300000E+01 -0.12580845E+02 -0.30844262E+02
  0.13400000E+01 -0.12257578E+02 -0.32906311E+02
  0.13500000E+01 -0.10626666E+02 -0.33809320E+02
  0.13600000E+01 -0.10716673E+02 -0.33588867E+02
  0.13700000E+01 -0.11379182E+02 -0.34059785E+02
  0.13800000E+01 -0.12737634E+02 -0.36308854E+02
  0.13900000E+01 -0.15369077E+02 -0.43062297E+02
  0.14000000E+01 -0.17394187E+02 -0.58000735E+02
  0.14100000E+01 -0.18317950E+02 -0.87528676E+02
  0.14200000E+01  0.22074150E+02 -0.10712744E+03
  0.14300000E+01  0.41921578E+02 -0.80426032E+02
  0.14400000E+01  0.42214899E+02 -0.42174191E+02
  0.14500000E+01  0.39438609E+02 -0.23680154E+02
  0.14600000E+01  0.36112541E+02 -0.10784115E+02
  0.14700000E+01  0.30402299E+02 -0.31275146E+01
  0.14800000E+01  0.27106570E+02 -0.23791703E+01
  0.14900000E+01  0.25045378E+02 -0.21557142E+01
  0.15000000E+01  0.23904390E+02 -0.66852461E+00
  0.15100000E+01  0.22761733E+02  0.56145323E+00
  0.15200000E+01  0.21746831E+02  0.17615219E+01
  0.15300000E+01  0.20968372E+02  0.29249750E+01
  0.15400000E+01  0.20245675E+02  0.41861078E+01
  0.15500000E+01  0.19562531E+02  0.55750435E+01
  0.15600000E+01  0.18860200E+02  0.69475868E+01
  0.15700000E+01  0.18026522E+02  0.80921479E+01
  0.15800000E+01  0.17326111E+02  0.87113802E+01
  0.15900000E+01  0.16798916E+02  0.93528045E+01
  0.16000000E+01  0.16344028E+02  0.99955544E+01
  0.16100000E+01  0.15958505E+02  0.10571693E+02
  0.16200000E+01  0.15693254E+02  0.11122474E+02
  0.16300000E+01  0.15570506E+02  0.11785746E+02
  0.16400000E+01  0.15498528E+02  0.12631887E+02
  0.16500000E+01  0.15526339E+02  0.13598083E+02
  0.16600000E+01  0.15745381E+02  0.14855125E+02
  0.16700000E+01  0.15826723E+02  0.16871194E+02
  0.16800000E+01  0.15755129E+02  0.19140153E+02
  0.16900000E+01  0.15339347E+02  0.21474983E+02
  0.17000000E+01  0.15105710E+02  0.23697538E+02
  0.17100000E+01  0.14806979E+02  0.26759649E+02
  0.17200000E+01  0.13830129E+02  0.29640192E+02
  0.17300000E+01  0.12855484E+02  0.31626371E+02
  0.17400000E+01  0.12557806E+02  0.33779599E+02
  0.17500000E+01  0.12640951E+02  0.37712570E+02
  0.17600000E+01  0.12383325E+02  0.44866149E+02
  0.17700000E+01  0.96017246E+01  0.62771012E+02
  0.17800000E+01 -0.63607672E+01  0.48194123E+02
  0.17900000E+01 -0.50306294E+01  0.40744348E+02
  0.18000000E+01 -0.52958870E+01  0.37134984E+02
  0.18100000E+01 -0.56159996E+01  0.34821556E+02
  0.18200000E+01 -0.59896942E+01  0.33565422E+02
  0.18300000E+01 -0.78843668E+01  0.32534630E+02
  0.18400000E+01 -0.83828794E+01  0.29154152E+02
  0.18500000E+01 -0.91691969E+01  0.27387866E+02
  0.18600000E+01 -0.95560791E+01  0.25408573E+02
  0.18700000E+01 -0.10607250E+02  0.24262455E+02
  0.18800000E+01 -0.10031354E+02  0.20495496E+02
  0.18900000E+01 -0.99561671E+01  0.19891275E+02
  0.19000000E+01 -0.99772264E+01  0.18815540E+02
  0.19100000E+01 -0.10016488E+02  0.17783126E+02
  0.19200000E+01 -0.10034642E+02  0.16717107E+02
  0.19300000E+01 -0.10034483E+02  0.15644328E+02
  0.19400000E+01 -0.10011657E+02  0.14584637E+02
  0.19500000E+01 -0.99805955E+01  0.13550840E+02
  0.19600000E+01 -0.99514004E+01  0.12509127E+02
  0.19700000E+01 -0.99005192E+01  0.11440028E+02
  0.19800000E+01 -0.98395530E+01  0.10337472E+02
  0.19900000E+01 -0.95869381E+01  0.93615207E+01
  0.20000000E+01 -0.95257705E+01  0.85437917E+01
  0.20100000E+01 -0.94944812E+01  0.76574047E+01
  0.20200000E+01 -0.94485030E+01  0.66952764E+01
  0.20300000E+01 -0.93578444E+01  0.56379480E+01
  0.20400000E+01 -0.93226744E+01  0.48603225E+01
  0.20500000E+01 -0.92646661E+01  0.34437873E+01
  0.20600000E+01 -0.90032818E+01  0.23391288E+01
  0.20700000E+01 -0.87147992E+01  0.14468127E+01
  0.20800000E+01 -0.84307207E+01  0.53417264E+00
  0.20900000E+01 -0.80284795E+01 -0.16390709E+00
  0.21000000E+01 -0.76146671E+01 -0.63848268E+00
  0.21100000E+01 -0.71619631E+01 -0.96377331E+00
  0.21200000E+01 -0.66545263E+01 -0.10957868E+01
  0.21300000E+01 -0.61095810E+01 -0.82291434E+00
  0.21400000E+01 -0.55920445E+01 -0.30681932E+00
  0.21500000E+01 -0.51244716E+01  0.10193991E+01
  0.21600000E+01 -0.42923424E+01  0.41630198E+01
  0.21700000E+01 -0.50824581E+01  0.68398059E+01
  0.21800000E+01 -0.63095521E+01  0.10622051E+02
  0.21900000E+01 -0.13787439E+02  0.12438516E+02
  0.22000000E+01 -0.14339930E+02  0.46293912E+00
  0.22100000E+01 -0.12972011E+02 -0.50924684E+01
  0.22200000E+01 -0.10821397E+02 -0.82575326E+01
  0.22300000E+01 -0.89226499E+01 -0.90885429E+01
  0.22400000E+01 -0.69517689E+01 -0.91054831E+01
  0.22500000E+01 -0.49656603E+01 -0.75423112E+01
  0.22600000E+01 -0.27167953E+01 -0.31260765E+01
  0.22700000E+01 -0.39815741E+01  0.20166538E+02
  0.22800000E+01 -0.13834372E+02 -0.22783006E+00
  0.22900000E+01 -0.12233561E+02 -0.40644582E+01
  0.23000000E+01 -0.11115635E+02 -0.51512585E+01
  0.23100000E+01 -0.10302700E+02 -0.54910054E+01
  0.23200000E+01 -0.96165195E+01 -0.55727345E+01
  0.23300000E+01 -0.89669335E+01 -0.52823666E+01
  0.23400000E+01 -0.85623251E+01 -0.48473071E+01
  0.23500000E+01 -0.81455619E+01 -0.44529061E+01
  0.23600000E+01 -0.77575397E+01 -0.37921066E+01
  0.23700000E+01 -0.75598651E+01 -0.31329576E+01
  0.23800000E+01 -0.74042563E+01 -0.25340899E+01
  0.23900000E+01 -0.73244034E+01 -0.19469729E+01
  0.24000000E+01 -0.73128699E+01 -0.13927672E+01
  0.24100000E+01 -0.73838223E+01 -0.86247677E+00
  0.24200000E+01 -0.76655235E+01 -0.43295393E+00
  0.24300000E+01 -0.79398169E+01 -0.60610571E+00
  0.24400000E+01 -0.80357112E+01 -0.97119473E+00
  0.24500000E+01 -0.79644023E+01 -0.80597677E+00
  0.24600000E+01 -0.89200003E+01  0.28868544E+00
  0.24700000E+01 -0.92412476E+01 -0.20683555E+01
  0.24800000E+01 -0.92171292E+01 -0.31393765E+01
  0.24900000E+01 -0.91451141E+01 -0.41057805E+01
  0.25000000E+01 -0.90787701E+01 -0.49627878E+01
  0.25100000E+01 -0.90023872E+01 -0.58804429E+01
  0.25200000E+01 -0.89012099E+01 -0.69076488E+01
  0.25300000E+01 -0.87297541E+01 -0.79783111E+01
  0.25400000E+01 -0.85842244E+01 -0.92414184E+01
  0.25500000E+01 -0.79858734E+01 -0.10474421E+02
  0.25600000E+01 -0.75046900E+01 -0.11210581E+02
  0.25700000E+01 -0.69111403E+01 -0.11913334E+02
  0.25800000E+01 -0.63948720E+01 -0.12526815E+02
  0.25900000E+01 -0.58561531E+01 -0.13138508E+02
  0.26000000E+01 -0.49743888E+01 -0.14039566E+02
  0.26100000E+01 -0.39216677E+01 -0.13325918E+02
  0.26200000E+01 -0.33427768E+01 -0.12532338E+02
  0.26300000E+01 -0.28612014E+01 -0.11745090E+02
  0.26400000E+01 -0.24665894E+01 -0.10786017E+02
  0.26500000E+01 -0.22103891E+01 -0.10162261E+02
  0.26600000E+01 -0.19349672E+01 -0.93229003E+01
  0.26700000E+01 -0.17610618E+01 -0.84895198E+01
  0.26800000E+01 -0.16441113E+01 -0.77479729E+01
  0.26900000E+01 -0.15361262E+01 -0.66744463E+01
  0.27000000E+01 -0.21665833E+01 -0.65963313E+01
  0.27100000E+01 -0.19968739E+01 -0.65197753E+01
  0.27200000E+01 -0.17752731E+01 -0.60974193E+01
  0.27300000E+01 -0.18228744E+01 -0.53548809E+01
  0.27400000E+01 -0.20700546E+01 -0.48788970E+01
  0.27500000E+01 -0.21781299E+01 -0.51910173E+01
  0.27600000E+01 -0.22006409E+01 -0.52491025E+01
  0.27700000E+01 -0.21140501E+01 -0.53758121E+01
  0.27800000E+01 -0.19443173E+01 -0.53238542E+01
  0.27900000E+01 -0.18108130E+01 -0.50965930E+01
  0.28000000E+01 -0.17183706E+01 -0.47884442E+01
  0.28100000E+01 -0.16577038E+01 -0.44767473E+01
  0.28200000E+01 -0.16149778E+01 -0.40749567E+01
  0.28300000E+01 -0.16124540E+01 -0.37393685E+01
  0.28400000E+01 -0.16443978E+01 -0.32453233E+01
  0.28500000E+01 -0.16947072E+01 -0.28085786E+01
  0.28600000E+01 -0.18390488E+01 -0.23665782E+01
  0.28700000E+01 -0.20066005E+01 -0.19770519E+01
  0.28800000E+01 -0.22251990E+01 -0.15993494E+01
  0.28900000E+01 -0.24981128E+01 -0.12815817E+01
  0.29000000E+01 -0.28276111E+01 -0.10521460E+01
  0.29100000E+01 -0.32114863E+01 -0.86374082E+00
  0.29200000E+01 -0.37421782E+01 -0.96534860E+00
  0.29300000E+01 -0.42185063E+01 -0.13952381E+01
  0.29400000E+01 -0.46705515E+01 -0.21554078E+01
  0.29500000E+01 -0.49601310E+01 -0.31400316E+01
  0.29600000E+01 -0.51447109E+01 -0.41917592E+01
  0.29700000E+01 -0.51970287E+01 -0.50340030E+01
  0.29800000E+01 -0.52396899E+01 -0.60104387E+01
  0.29900000E+01 -0.51668249E+01 -0.68039177E+01
  0.30000000E+01 -0.51345717E+01 -0.74216755E+01
  0.30100000E+01 -0.52887088E+01 -0.80567868E+01
  0.30200000E+01 -0.52151992E+01 -0.92867591E+01
  0.30300000E+01 -0.50015310E+01 -0.10266615E+02
  0.30400000E+01 -0.47231505E+01 -0.11248550E+02
  0.30500000E+01 -0.41445514E+01 -0.12797864E+02
  0.30600000E+01 -0.33167995E+01 -0.11961665E+02
  0.30700000E+01 -0.30854178E+01 -0.11667305E+02
  0.30800000E+01 -0.29476326E+01 -0.11562247E+02
  0.30900000E+01 -0.28047279E+01 -0.11594138E+02
  0.31000000E+01 -0.26457019E+01 -0.11684276E+02
  0.31100000E+01 -0.24485220E+01 -0.11678376E+02
  0.31200000E+01 -0.22648846E+01 -0.11651537E+02
  0.31300000E+01 -0.22120020E+01 -0.11523471E+02
  0.31400000E+01 -0.21526476E+01 -0.11401521E+02
  0.31500000E+01 -0.21330702E+01 -0.11521707E+02
  0.31600000E+01 -0.21221870E+01 -0.11497814E+02
  0.31700000E+01 -0.22168011E+01 -0.11786305E+02
  0.31800000E+01 -0.21883665E+01 -0.12872496E+02
  0.31900000E+01 -0.14254712E+01 -0.12723053E+02
  0.32000000E+01 -0.13572653E+01 -0.12376910E+02
  0.32100000E+01 -0.13334875E+01 -0.12444070E+02
  0.32200000E+01 -0.11453864E+01 -0.12616936E+02
  0.32300000E+01 -0.10772226E+01 -0.12715838E+02
  0.32400000E+01 -0.93854559E+00 -0.13003159E+02
  0.32500000E+01 -0.83770561E+00 -0.13314154E+02
  0.32600000E+01 -0.99790203E+00 -0.13622560E+02
  0.32700000E+01 -0.24423163E+00 -0.14567564E+02
  0.32800000E+01  0.18981225E+00 -0.13973345E+02
  0.32900000E+01  0.32850635E+00 -0.13743653E+02
  0.33000000E+01  0.46507704E+00 -0.13894947E+02
  0.33100000E+01  0.61811135E+00 -0.14134235E+02
  0.33200000E+01  0.88628152E+00 -0.14801633E+02
  0.33300000E+01  0.18698639E+01 -0.15701980E+02
  0.33400000E+01  0.25376114E+01 -0.14223152E+02
  0.33500000E+01  0.27882535E+01 -0.13491690E+02
  0.33600000E+01  0.30041301E+01 -0.12668744E+02
  0.33700000E+01  0.31058684E+01 -0.12035423E+02
  0.33800000E+01  0.31786421E+01 -0.11511668E+02
  0.33900000E+01  0.32459255E+01 -0.11077157E+02
  0.34000000E+01  0.33071876E+01 -0.10627940E+02
  0.34100000E+01  0.33390897E+01 -0.10207791E+02
  0.34200000E+01  0.33091786E+01 -0.98376389E+01
  0.34300000E+01  0.35875530E+01 -0.94613891E+01
  0.34400000E+01  0.34711879E+01 -0.90952338E+01
  0.34500000E+01  0.34529291E+01 -0.88404151E+01
  0.34600000E+01  0.31459910E+01 -0.87234364E+01
  0.34700000E+01  0.30921647E+01 -0.88547399E+01
  0.34800000E+01  0.33368573E+01 -0.87778915E+01
  0.34900000E+01  0.33842991E+01 -0.88650174E+01
  0.35000000E+01  0.34136319E+01 -0.86826505E+01
  0.35100000E+01  0.33793397E+01 -0.90260971E+01
  0.35200000E+01  0.34812050E+01 -0.94362020E+01
  0.35300000E+01  0.36906996E+01 -0.98250847E+01
  0.35400000E+01  0.46455526E+01 -0.10083742E+02
  0.35500000E+01  0.48619559E+01 -0.90158862E+01
  0.35600000E+01  0.49240321E+01 -0.84157385E+01
  0.35700000E+01  0.49157517E+01 -0.80033620E+01
  0.35800000E+01  0.48739691E+01 -0.78402832E+01
  0.35900000E+01  0.48249152E+01 -0.80522044E+01
  0.36000000E+01  0.49018486E+01 -0.89083574E+01
  0.36100000E+01  0.63613795E+01 -0.10246960E+02
  0.36200000E+01  0.70095236E+01 -0.79685813E+01
  0.36300000E+01  0.71522149E+01 -0.68134746E+01
  0.36400000E+01  0.73448310E+01 -0.58713316E+01
  0.36500000E+01  0.73388803E+01 -0.46207396E+01
  0.36600000E+01  0.71737358E+01 -0.40828679E+01
  0.36700000E+01  0.72238516E+01 -0.34960999E+01
  0.36800000E+01  0.71573287E+01 -0.26321814E+01
  0.36900000E+01  0.69776374E+01 -0.19478221E+01
  0.37000000E+01  0.68270522E+01 -0.14990407E+01
  0.37100000E+01  0.66044691E+01 -0.10573441E+01
  0.37200000E+01  0.64679021E+01 -0.68432856E+00
  0.37300000E+01  0.63386404E+01 -0.26385339E+00
  0.37400000E+01  0.61104692E+01  0.25180394E+00
  0.37500000E+01  0.59165135E+01  0.38451292E+00
  0.37600000E+01  0.58141383E+01  0.64300740E+00
  0.37700000E+01  0.57347677E+01  0.10591569E+01
  0.37800000E+01  0.53346607E+01  0.15216755E+01
  0.37900000E+01  0.51680768E+01  0.14400325E+01
  0.38000000E+01  0.50415865E+01  0.16512048E+01
  0.38100000E+01  0.48674192E+01  0.18108549E+01
  0.38200000E+01  0.46787209E+01  0.20716974E+01
  0.38300000E+01  0.43983868E+01  0.22463079E+01
  0.38400000E+01  0.40829226E+01  0.22225544E+01
  0.38500000E+01  0.38180948E+01  0.20294580E+01
  0.38600000E+01  0.36124321E+01  0.18900272E+01
  0.38700000E+01  0.33921101E+01  0.16532451E+01
  0.38800000E+01  0.30649733E+01  0.10672916E+01
  0.38900000E+01  0.28097110E+01 -0.78695262E-01
  0.39000000E+01  0.29764275E+01 -0.38849583E+01
  0.39100000E+01  0.63662937E+01 -0.11610692E+01
  0.39200000E+01  0.61662644E+01  0.14849405E+01
  0.39300000E+01  0.58330518E+01  0.27283967E+01
  0.39400000E+01  0.54888270E+01  0.35794214E+01
  0.39500000E+01  0.50761392E+01  0.42100361E+01
  0.39600000E+01  0.48030453E+01  0.45424673E+01
  0.39700000E+01  0.44022428E+01  0.47532358E+01
  0.39800000E+01  0.41034350E+01  0.48555539E+01
  0.39900000E+01  0.36960942E+01  0.48818030E+01
  0.40000000E+01  0.35018210E+01  0.48557549E+01
  0.40100000E+01  0.32721703E+01  0.48090355E+01
  0.40200000E+01  0.30435634E+01  0.47734197E+01
  0.40300000E+01  0.27360043E+01  0.47322956E+01
  0.40400000E+01  0.24980573E+01  0.45223089E+01
  0.40500000E+01  0.21641274E+01  0.42593893E+01
  0.40600000E+01  0.19089391E+01  0.36944662E+01
  0.40700000E+01  0.16525385E+01  0.26995556E+01
  0.40800000E+01  0.15758802E+01  0.12202914E+01
  0.40900000E+01  0.17836210E+01 -0.96035154E+00
  0.41000000E+01  0.32537706E+01 -0.39508851E+01
  0.41100000E+01  0.53047818E+01 -0.17616598E+01
  0.41200000E+01  0.56286987E+01  0.96078511E+00
  0.41300000E+01  0.55378915E+01  0.23959190E+01
  0.41400000E+01  0.53584243E+01  0.33824393E+01
  0.41500000E+01  0.51542401E+01  0.38597850E+01
  0.41600000E+01  0.49825899E+01  0.39998612E+01
  0.41700000E+01  0.48850337E+01  0.39309512E+01
  0.41800000E+01  0.48618300E+01  0.37127696E+01
  0.41900000E+01  0.49529848E+01  0.33438036E+01
  0.42000000E+01  0.53342805E+01  0.28931892E+01
  0.42100000E+01  0.62798001E+01  0.34958899E+01
  0.42200000E+01  0.66210092E+01  0.54700410E+01
  0.42300000E+01  0.65321163E+01  0.73409269E+01
  0.42400000E+01  0.61978105E+01  0.89914804E+01
  0.42500000E+01  0.56159920E+01  0.10255091E+02
  0.42600000E+01  0.50739987E+01  0.10777333E+02
  0.42700000E+01  0.46390084E+01  0.11215929E+02
  0.42800000E+01  0.42398432E+01  0.11611747E+02
  0.42900000E+01  0.38801280E+01  0.11976144E+02
  0.43000000E+01  0.35048604E+01  0.12475905E+02
  0.43100000E+01  0.30676492E+01  0.13131355E+02
  0.43200000E+01  0.24939430E+01  0.13342218E+02
  0.43300000E+01  0.19896760E+01  0.13742858E+02
  0.43400000E+01  0.13433915E+01  0.14239984E+02
  0.43500000E+01  0.49359786E+00  0.14688949E+02
  0.43600000E+01 -0.10492949E+01  0.14443205E+02
  0.43700000E+01 -0.20018718E+01  0.12420976E+02
  0.43800000E+01 -0.25626896E+01  0.10398826E+02
  0.43900000E+01 -0.28965554E+01  0.84062761E+01
  0.44000000E+01 -0.30565453E+01  0.64164704E+01
  0.44100000E+01 -0.30465023E+01  0.43490089E+01
  0.44200000E+01 -0.27995249E+01  0.21240571E+01
  0.44300000E+01 -0.18485742E+01  0.10923144E+00
  0.44400000E+01 -0.10521172E+01 -0.21369177E+00
  0.44500000E+01 -0.42135174E+00 -0.17283027E+00
  0.44600000E+01  0.55705225E-01  0.40857760E-01
  0.44700000E+01  0.35059348E+00  0.47500477E+00
  0.44800000E+01  0.54379702E+00  0.76126171E+00
  0.44900000E+01  0.69012769E+00  0.10044899E+01
  0.45000000E+01  0.82021358E+00  0.12473278E+01
  0.45100000E+01  0.90842568E+00  0.15606115E+01
  0.45200000E+01  0.93869445E+00  0.18000447E+01
  0.45300000E+01  0.94580002E+00  0.20019791E+01
  0.45400000E+01  0.92837492E+00  0.21648990E+01
  0.45500000E+01  0.89602093E+00  0.22707655E+01
  0.45600000E+01  0.86241995E+00  0.23353649E+01
  0.45700000E+01  0.81941761E+00  0.23601195E+01
  0.45800000E+01  0.78515212E+00  0.23391735E+01
  0.45900000E+01  0.75784229E+00  0.22953516E+01
  0.46000000E+01  0.73583755E+00  0.22215052E+01
  0.46100000E+01  0.72525184E+00  0.21077388E+01
  0.46200000E+01  0.74760099E+00  0.19292647E+01
  0.46300000E+01  0.88544869E+00  0.18514247E+01
  0.46400000E+01  0.95091400E+00  0.19873995E+01
  0.46500000E+01  0.96735066E+00  0.20171114E+01
  0.46600000E+01  0.99558150E+00  0.21058242E+01
  0.46700000E+01  0.10062322E+01  0.21908849E+01
  0.46800000E+01  0.10091171E+01  0.22563178E+01
  0.46900000E+01  0.10300750E+01  0.23240001E+01
  0.47000000E+01  0.10300545E+01  0.24504560E+01
  0.47100000E+01  0.10035263E+01  0.25551651E+01
  0.47200000E+01  0.98918278E+00  0.26790262E+01
  0.47300000E+01  0.95485845E+00  0.28326994E+01
  0.47400000E+01  0.89230833E+00  0.30089807E+01
  0.47500000E+01  0.75123660E+00  0.31657681E+01
  0.47600000E+01  0.61246683E+00  0.30347277E+01
  0.47700000E+01  0.55887815E+00  0.29315249E+01
  0.47800000E+01  0.49896770E+00  0.28607821E+01
  0.47900000E+01  0.49083319E+00  0.27303808E+01
  0.48000000E+01  0.43358539E+00  0.28157790E+01
  0.48100000E+01  0.37220424E+00  0.27547062E+01
  0.48200000E+01  0.33139348E+00  0.26905623E+01
  0.48300000E+01  0.29519545E+00  0.26630858E+01
  0.48400000E+01  0.20602781E+00  0.26654006E+01
  0.48500000E+01  0.16066807E+00  0.25232951E+01
  0.48600000E+01  0.12946342E+00  0.24326079E+01
  0.48700000E+01  0.10205816E+00  0.23502243E+01
  0.48800000E+01  0.77051840E-01  0.22756117E+01
  0.48900000E+01  0.54621000E-01  0.22050282E+01
  0.49000000E+01  0.35223818E-01  0.21441632E+01
  0.49100000E+01  0.10295131E-01  0.20884111E+01
  0.49200000E+01 -0.14576091E-01  0.20263519E+01
  0.49300000E+01 -0.36526520E-01  0.19632309E+01
  0.49400000E+01 -0.56109915E-01  0.19056649E+01
  0.49500000E+01 -0.76209805E-01  0.18550036E+01
  0.49600000E+01 -0.98935807E-01  0.18078196E+01
  0.49700000E+01 -0.12352881E+00  0.17597647E+01
  0.49800000E+01 -0.14884568E+00  0.17207593E+01
  0.49900000E+01 -0.19160380E+00  0.16867314E+01
  0.50000000E+01 -0.24014515E+00  0.15862287E+01
  0.50100000E+01 -0.26670667E+00  0.14676683E+01
  0.50200000E+01 -0.28375820E+00  0.13442056E+01
  0.50300000E+01 -0.27228633E+00  0.12003358E+01
  0.50400000E+01 -0.25444154E+00  0.11505300E+01
  0.50500000E+01 -0.24652582E+00  0.11061793E+01
  0.50600000E+01 -0.24829121E+00  0.10588698E+01
  0.50700000E+01 -0.24969592E+00  0.10083466E+01
  0.50800000E+01 -0.24926926E+00  0.95990964E+00
  0.50900000E+01 -0.24625174E+00  0.91954927E+00
  0.51000000E+01 -0.24212769E+00  0.88967866E+00
  0.51100000E+01 -0.23548297E+00  0.87392078E+00
  0.51200000E+01 -0.22518461E+00  0.88828582E+00
  0.51300000E+01 -0.21366795E+00  0.98030675E+00
  0.51400000E+01 -0.25855609E+00  0.14503769E+01
  0.51500000E+01 -0.54247385E+00  0.11596475E+01
  0.51600000E+01 -0.89172170E+00  0.11018390E+01
  0.51700000E+01 -0.88581490E+00  0.31815656E+00
  0.51800000E+01 -0.76482897E+00  0.77939542E-01
  0.51900000E+01 -0.58371146E+00 -0.93235378E-01
  0.52000000E+01 -0.54540401E+00 -0.60790777E-01
  0.52100000E+01 -0.52976729E+00 -0.10440434E+00
  0.52200000E+01 -0.51452543E+00 -0.16667552E+00
  0.52300000E+01 -0.49812232E+00 -0.23192805E+00
  0.52400000E+01 -0.48190220E+00 -0.28863014E+00
  0.52500000E+01 -0.46463922E+00 -0.36355375E+00
  0.52600000E+01 -0.43878902E+00 -0.40233089E+00
  0.52700000E+01 -0.42632405E+00 -0.45193599E+00
  0.52800000E+01 -0.41528342E+00 -0.48961709E+00
  0.52900000E+01 -0.41994475E+00 -0.57741938E+00
  0.53000000E+01 -0.40206907E+00 -0.65357807E+00
  0.53100000E+01 -0.38250029E+00 -0.73055003E+00
  0.53200000E+01 -0.35569393E+00 -0.81147049E+00
  0.53300000E+01 -0.32142494E+00 -0.87563774E+00
  0.53400000E+01 -0.28599040E+00 -0.93035882E+00
  0.53500000E+01 -0.24400207E+00 -0.96624609E+00
  0.53600000E+01 -0.20335820E+00 -0.10098666E+01
  0.53700000E+01 -0.16773823E+00 -0.99859227E+00
  0.53800000E+01 -0.14676791E+00 -0.10037225E+01
  0.53900000E+01 -0.14197132E+00 -0.10210153E+01
  0.54000000E+01 -0.10200748E+00 -0.10751643E+01
  0.54100000E+01 -0.52428679E-01 -0.10569532E+01
  0.54200000E+01 -0.39364860E-01 -0.99130921E+00
  0.54300000E+01 -0.61296781E-01 -0.98542465E+00
  0.54400000E+01 -0.64069980E-01 -0.10586983E+01
  0.54500000E+01 -0.46275538E-01 -0.11363703E+01
  0.54600000E+01 -0.76323195E-02 -0.12302294E+01
  0.54700000E+01  0.58859741E-01 -0.12530436E+01
  0.54800000E+01  0.11832396E+00 -0.12866803E+01
  0.54900000E+01  0.18031703E+00 -0.12316985E+01
  0.55000000E+01  0.22362685E+00 -0.11853929E+01
  0.55100000E+01  0.26043394E+00 -0.11327802E+01
  0.55200000E+01  0.29234491E+00 -0.10756682E+01
  0.55300000E+01  0.32042104E+00 -0.10140720E+01
  0.55400000E+01  0.34399260E+00 -0.94505603E+00
  0.55500000E+01  0.36958681E+00 -0.86903091E+00
  0.55600000E+01  0.38545670E+00 -0.78772086E+00
  0.55700000E+01  0.39972608E+00 -0.70485794E+00
  0.55800000E+01  0.39966745E+00 -0.62361423E+00
  0.55900000E+01  0.40742925E+00 -0.54469018E+00
  0.56000000E+01  0.40980340E+00 -0.46239029E+00
  0.56100000E+01  0.40984424E+00 -0.38161482E+00
  0.56200000E+01  0.40591107E+00 -0.29828343E+00
  0.56300000E+01  0.39812099E+00 -0.22103084E+00
  0.56400000E+01  0.38841356E+00 -0.14498009E+00
  0.56500000E+01  0.37752538E+00 -0.71820230E-01
  0.56600000E+01  0.36495107E+00  0.30378775E-02
  0.56700000E+01  0.34755012E+00  0.77411561E-01
  0.56800000E+01  0.32795801E+00  0.13805269E+00
  0.56900000E+01  0.32236318E+00  0.21008805E+00
  0.57000000E+01  0.30221882E+00  0.31820135E+00
  0.57100000E+01  0.26537059E+00  0.46744016E+00
  0.57200000E+01  0.18315195E+00  0.62180172E+00
  0.57300000E+01 -0.57432475E-01  0.43502886E+00
  0.57400000E+01 -0.64575833E-01  0.26705216E+00
  0.57500000E+01 -0.50087855E-01  0.17320276E+00
  0.57600000E+01 -0.45497116E-01  0.13318719E+00
  0.57700000E+01 -0.44622802E-01  0.89654458E-01
  0.57800000E+01 -0.37514725E-01  0.71996464E-01
  0.57900000E+01 -0.25187222E-01  0.46188769E-01
  0.58000000E+01 -0.16642397E-01  0.51053441E-01
  0.58100000E+01 -0.13132495E-01  0.51736341E-01
  0.58200000E+01 -0.99722125E-02  0.52823847E-01
  0.58300000E+01 -0.79533214E-02  0.55731990E-01
  0.58400000E+01 -0.65563054E-02  0.59786600E-01
  0.58500000E+01 -0.34194756E-02  0.62590500E-01
  0.58600000E+01  0.33575545E-02  0.76238174E-01
  0.58700000E+01  0.17917060E-01  0.89786167E-01
  0.58800000E+01  0.21869716E-01  0.12889931E+00
  0.58900000E+01  0.28676064E-01  0.16256941E+00
  0.59000000E+01  0.39086212E-01  0.20575810E+00
  0.59100000E+01  0.65829471E-01  0.27439070E+00
  0.59200000E+01  0.69457709E-01  0.40473202E+00
  0.59300000E+01  0.42753068E-01  0.53110505E+00
  0.59400000E+01  0.13774387E-01  0.61292214E+00
  0.59500000E+01 -0.11162894E-01  0.69367775E+00
  0.59600000E+01 -0.38127144E-01  0.78045061E+00
  0.59700000E+01 -0.69273338E-01  0.87205861E+00
  0.59800000E+01 -0.10603514E+00  0.96756180E+00
  0.59900000E+01 -0.15002527E+00  0.10643186E+01
  0.60000000E+01 -0.20382359E+00  0.11571933E+01
  0.60100000E+01 -0.26616912E+00  0.12321123E+01
  0.60200000E+01 -0.33080034E+00  0.12928418E+01
  0.60300000E+01 -0.39646882E+00  0.13507867E+01
  0.60400000E+01 -0.46883213E+00  0.14480620E+01
  0.60500000E+01 -0.63308505E+00  0.16029723E+01
  0.60600000E+01 -0.76950593E+00  0.14724257E+01
  0.60700000E+01 -0.94175979E+00  0.14791192E+01
  0.60800000E+01 -0.11058689E+01  0.10270098E+01
  0.60900000E+01 -0.10914789E+01  0.69599631E+00
  0.61000000E+01 -0.10364036E+01  0.58267492E+00
  0.61100000E+01 -0.10345313E+01  0.49936723E+00
  0.61200000E+01 -0.10428104E+01  0.43040984E+00
  0.61300000E+01 -0.10594376E+01  0.35572262E+00
  0.61400000E+01 -0.10782284E+01  0.27233908E+00
  0.61500000E+01 -0.10965697E+01  0.18108776E+00
  0.61600000E+01 -0.11129097E+01  0.84139580E-01
  0.61700000E+01 -0.11262843E+01 -0.17356423E-01
  0.61800000E+01 -0.11366032E+01 -0.11913313E+00
  0.61900000E+01 -0.11447784E+01 -0.22284137E+00
  0.62000000E+01 -0.11494543E+01 -0.33203213E+00
  0.62100000E+01 -0.11480981E+01 -0.44025711E+00
  0.62200000E+01 -0.11428963E+01 -0.54363110E+00
  0.62300000E+01 -0.11243245E+01 -0.64044073E+00
  0.62400000E+01 -0.11162588E+01 -0.71427870E+00
  0.62500000E+01 -0.11082919E+01 -0.78896015E+00
  0.62600000E+01 -0.11003248E+01 -0.86181661E+00
  0.62700000E+01 -0.10921134E+01 -0.93297210E+00
  0.62800000E+01 -0.10835450E+01 -0.10021974E+01
  0.62900000E+01 -0.10746486E+01 -0.10695108E+01
  0.63000000E+01 -0.10652814E+01 -0.11350657E+01
  0.63100000E+01 -0.10555384E+01 -0.11990549E+01
  0.63200000E+01 -0.10454100E+01 -0.12616842E+01
  0.63300000E+01 -0.10349051E+01 -0.13231674E+01
  0.63400000E+01 -0.10240324E+01 -0.13837336E+01
  0.63500000E+01 -0.10128025E+01 -0.14434373E+01
  0.63600000E+01 -0.10018589E+01 -0.15011402E+01
  0.63700000E+01 -0.99131087E+00 -0.15634545E+01
  0.63800000E+01 -0.97906995E+00 -0.16261066E+01
  0.63900000E+01 -0.96577105E+00 -0.16899706E+01
  0.64000000E+01 -0.95087513E+00 -0.17551783E+01
  0.64100000E+01 -0.93428838E+00 -0.18210214E+01
  0.64200000E+01 -0.91602445E+00 -0.18870638E+01
  0.64300000E+01 -0.89602023E+00 -0.19532316E+01
  0.64400000E+01 -0.87413761E+00 -0.20195808E+01
  0.64500000E+01 -0.85017774E+00 -0.20861372E+01
  0.64600000E+01 -0.82387954E+00 -0.21528739E+01
  0.64700000E+01 -0.79490008E+00 -0.22197617E+01
  0.64800000E+01 -0.76275742E+00 -0.22868152E+01
  0.64900000E+01 -0.72667158E+00 -0.23537735E+01
  0.65000000E+01 -0.68559535E+00 -0.24186949E+01
  0.65100000E+01 -0.63944500E+00 -0.24797470E+01
  0.65200000E+01 -0.58648556E+00 -0.25387931E+01
  0.65300000E+01 -0.51771818E+00 -0.25773657E+01
  0.65400000E+01 -0.45982937E+00 -0.25729605E+01
  0.65500000E+01 -0.40965475E+00 -0.25747370E+01
  0.65600000E+01 -0.35535858E+00 -0.25898106E+01
  0.65700000E+01 -0.28344908E+00 -0.25630138E+01
  0.65800000E+01 -0.23395016E+00 -0.24980830E+01
  0.65900000E+01 -0.19638492E+00 -0.24460916E+01
  0.66000000E+01 -0.16383292E+00 -0.23966881E+01
  0.66100000E+01 -0.13493617E+00 -0.23497568E+01
  0.66200000E+01 -0.10889170E+00 -0.23051717E+01
  0.66300000E+01 -0.85165495E-01 -0.22625836E+01
  0.66400000E+01 -0.63374493E-01 -0.22217534E+01
  0.66500000E+01 -0.43227638E-01 -0.21825524E+01
  0.66600000E+01 -0.24495161E-01 -0.21449052E+01
  0.66700000E+01 -0.69910264E-02 -0.21087533E+01
  0.66800000E+01  0.94380942E-02 -0.20740384E+01
  0.66900000E+01  0.24920067E-01 -0.20406921E+01
  0.67000000E+01  0.39558592E-01 -0.20086321E+01
  0.67100000E+01  0.53504816E-01 -0.19780866E+01
  0.67200000E+01  0.66726934E-01 -0.19480174E+01
  0.67300000E+01  0.79305553E-01 -0.19193141E+01
  0.67400000E+01  0.91316365E-01 -0.18916004E+01
  0.67500000E+01  0.10280571E+00 -0.18648143E+01
  0.67600000E+01  0.11381626E+00 -0.18388874E+01
  0.67700000E+01  0.12438492E+00 -0.18137497E+01
  0.67800000E+01  0.13454364E+00 -0.17893344E+01
  0.67900000E+01  0.14432019E+00 -0.17655791E+01
  0.68000000E+01  0.15373889E+00 -0.17424251E+01
  0.68100000E+01  0.16282108E+00 -0.17198183E+01
  0.68200000E+01  0.17158560E+00 -0.16977083E+01
  0.68300000E+01  0.18004914E+00 -0.16760489E+01
  0.68400000E+01  0.18822654E+00 -0.16547978E+01
  0.68500000E+01  0.19613107E+00 -0.16339167E+01
  0.68600000E+01  0.20377465E+00 -0.16133707E+01
  0.68700000E+01  0.21116799E+00 -0.15931287E+01
  0.68800000E+01  0.21832082E+00 -0.15731624E+01
  0.68900000E+01  0.22524198E+00 -0.15534467E+01
  0.69000000E+01  0.23193954E+00 -0.15339594E+01
  0.69100000E+01  0.23842093E+00 -0.15146805E+01
  0.69200000E+01  0.24469299E+00 -0.14955924E+01
  0.69300000E+01  0.25076208E+00 -0.14766797E+01
  0.69400000E+01  0.25663412E+00 -0.14579287E+01
  0.69500000E+01  0.26231465E+00 -0.14393273E+01
  0.69600000E+01  0.26780894E+00 -0.14208653E+01
  0.69700000E+01  0.27312206E+00 -0.14025347E+01
  0.69800000E+01  0.27825931E+00 -0.13843292E+01
  0.69900000E+01  0.28322705E+00 -0.13662389E+01
  0.70000000E+01  0.28802894E+00 -0.13482514E+01
  0.70100000E+01  0.29266674E+00 -0.13303579E+01
  0.70200000E+01  0.29713939E+00 -0.13125650E+01
  0.70300000E+01  0.30145517E+00 -0.12948734E+01
  0.70400000E+01  0.30561849E+00 -0.12772774E+01
  0.70500000E+01  0.30963307E+00 -0.12597719E+01
  0.70600000E+01  0.31350160E+00 -0.12423527E+01
  0.70700000E+01  0.31722014E+00 -0.12250155E+01
  0.70800000E+01  0.32087467E+00 -0.12077780E+01
  0.70900000E+01  0.32430450E+00 -0.11905776E+01
  0.71000000E+01  0.32761622E+00 -0.11734776E+01
  0.71100000E+01  0.33079670E+00 -0.11564607E+01
  0.71200000E+01  0.33384713E+00 -0.11395302E+01
  0.71300000E+01  0.33677039E+00 -0.11226887E+01
  0.71400000E+01  0.33956955E+00 -0.11059382E+01
  0.71500000E+01  0.34224762E+00 -0.10892799E+01
  0.71600000E+01  0.34480749E+00 -0.10727153E+01
  0.71700000E+01  0.34725202E+00 -0.10562457E+01
  0.71800000E+01  0.34958396E+00 -0.10398728E+01
  0.71900000E+01  0.35180602E+00 -0.10235985E+01
  0.72000000E+01  0.35392085E+00 -0.10074245E+01
  0.72100000E+01  0.35593105E+00 -0.99135307E+00
  0.72200000E+01  0.35783917E+00 -0.97538622E+00
  0.72300000E+01  0.35964774E+00 -0.95952611E+00
  0.72400000E+01  0.36135921E+00 -0.94377493E+00
  0.72500000E+01  0.36297602E+00 -0.92813491E+00
  0.72600000E+01  0.36450054E+00 -0.91260828E+00
  0.72700000E+01  0.36593514E+00 -0.89719731E+00
  0.72800000E+01  0.36728212E+00 -0.88190422E+00
  0.72900000E+01  0.36854376E+00 -0.86673127E+00
  0.73000000E+01  0.36972227E+00 -0.85168067E+00
  0.73100000E+01  0.37081987E+00 -0.83675462E+00
  0.73200000E+01  0.37183870E+00 -0.82195528E+00
  0.73300000E+01  0.37278090E+00 -0.80728477E+00
  0.73400000E+01  0.37364853E+00 -0.79274517E+00
  0.73500000E+01  0.37444365E+00 -0.77833850E+00
  0.73600000E+01  0.37516827E+00 -0.76406673E+00
  0.73700000E+01  0.37582436E+00 -0.74993176E+00
  0.73800000E+01  0.37641385E+00 -0.73593545E+00
  0.73900000E+01  0.37693865E+00 -0.72207957E+00
  0.74000000E+01  0.37740061E+00 -0.70836582E+00
  0.74100000E+01  0.37780157E+00 -0.69479584E+00
  0.74200000E+01  0.37814330E+00 -0.68137118E+00
  0.74300000E+01  0.37842757E+00 -0.66809333E+00
  0.74400000E+01  0.37865610E+00 -0.65496368E+00
  0.74500000E+01  0.37883056E+00 -0.64198354E+00
  0.74600000E+01  0.37895260E+00 -0.62915417E+00
  0.74700000E+01  0.37902384E+00 -0.61647670E+00
  0.74800000E+01  0.37904585E+00 -0.60395221E+00
  0.74900000E+01  0.37902018E+00 -0.59158168E+00
  0.75000000E+01  0.37894833E+00 -0.57936602E+00
  0.75100000E+01  0.37883178E+00 -0.56730603E+00
  0.75200000E+01  0.37867197E+00 -0.55540245E+00
  0.75300000E+01  0.37847031E+00 -0.54365593E+00
  0.75400000E+01  0.37822817E+00 -0.53206703E+00
  0.75500000E+01  0.37794690E+00 -0.52063623E+00
  0.75600000E+01  0.37762781E+00 -0.50936393E+00
  0.75700000E+01  0.37727218E+00 -0.49825044E+00
  0.75800000E+01  0.37688125E+00 -0.48729600E+00
  0.75900000E+01  0.37645624E+00 -0.47650076E+00
  0.76000000E+01  0.37599835E+00 -0.46586481E+00
  0.76100000E+01  0.37550872E+00 -0.45538813E+00
  0.76200000E+01  0.37498849E+00 -0.44507067E+00
  0.76300000E+01  0.37443876E+00 -0.43491226E+00
  0.76400000E+01  0.37386060E+00 -0.42491267E+00
  0.76500000E+01  0.37325505E+00 -0.41507163E+00
  0.76600000E+01  0.37262313E+00 -0.40538875E+00
  0.76700000E+01  0.37196582E+00 -0.39586361E+00
  0.76800000E+01  0.37128410E+00 -0.38649570E+00
  0.76900000E+01  0.37057889E+00 -0.37728445E+00
  0.77000000E+01  0.36985111E+00 -0.36822924E+00
  0.77100000E+01  0.36910164E+00 -0.35932937E+00
  0.77200000E+01  0.36833136E+00 -0.35058410E+00
  0.77300000E+01  0.36754109E+00 -0.34199260E+00
  0.77400000E+01  0.36673165E+00 -0.33355402E+00
  0.77500000E+01  0.36590383E+00 -0.32526743E+00
  0.77600000E+01  0.36505841E+00 -0.31713186E+00
  0.77700000E+01  0.36419613E+00 -0.30914628E+00
  0.77800000E+01  0.36331771E+00 -0.30130962E+00
  0.77900000E+01  0.36242387E+00 -0.29362076E+00
  0.78000000E+01  0.36151529E+00 -0.28607853E+00
  0.78100000E+01  0.36059263E+00 -0.27868172E+00
  0.78200000E+01  0.35965654E+00 -0.27142908E+00
  0.78300000E+01  0.35870764E+00 -0.26431932E+00
  0.78400000E+01  0.35774654E+00 -0.25735111E+00
  0.78500000E+01  0.35677384E+00 -0.25052308E+00
  0.78600000E+01  0.35579010E+00 -0.24383383E+00
  0.78700000E+01  0.35479588E+00 -0.23728194E+00
  0.78800000E+01  0.35379171E+00 -0.23086593E+00
  0.78900000E+01  0.35277812E+00 -0.22458432E+00
  0.79000000E+01  0.35175561E+00 -0.21843559E+00
  0.79100000E+01  0.35072467E+00 -0.21241819E+00
  0.79200000E+01  0.34968578E+00 -0.20653056E+00
  0.79300000E+01  0.34863939E+00 -0.20077110E+00
  0.79400000E+01  0.34758595E+00 -0.19513821E+00
  0.79500000E+01  0.34652588E+00 -0.18963025E+00
  0.79600000E+01  0.34545962E+00 -0.18424557E+00
  0.79700000E+01  0.34438756E+00 -0.17898252E+00
  0.79800000E+01  0.34331008E+00 -0.17383942E+00
  0.79900000E+01  0.34222758E+00 -0.16881457E+00
  0.80000000E+01  0.34114041E+00 -0.16390628E+00
  0.80100000E+01  0.34004893E+00 -0.15911284E+00
  0.80200000E+01  0.33895348E+00 -0.15443253E+00
  0.80300000E+01  0.33785439E+00 -0.14986362E+00
  0.80400000E+01  0.33675198E+00 -0.14540438E+00
  0.80500000E+01  0.33564657E+00 -0.14105308E+00
  0.80600000E+01  0.33453844E+00 -0.13680797E+00
  0.80700000E+01  0.33342789E+00 -0.13266732E+00
  0.80800000E+01  0.33231520E+00 -0.12862938E+00
  0.80900000E+01  0.33120064E+00 -0.12469242E+00
  0.81000000E+01  0.33008446E+00 -0.12085470E+00
  0.81100000E+01  0.32896692E+00 -0.11711448E+00
  0.81200000E+01  0.32784826E+00 -0.11347003E+00
  0.81300000E+01  0.32672872E+00 -0.10991962E+00
  0.81400000E+01  0.32560852E+00 -0.10646153E+00
  0.81500000E+01  0.32448787E+00 -0.10309405E+00
  0.81600000E+01  0.32336699E+00 -0.99815468E-01
  0.81700000E+01  0.32224608E+00 -0.96624091E-01
  0.81800000E+01  0.32112534E+00 -0.93518230E-01
  0.81900000E+01  0.32000495E+00 -0.90496206E-01
  0.82000000E+01  0.31888509E+00 -0.87556354E-01
  0.82100000E+01  0.31776595E+00 -0.84697018E-01
  0.82200000E+01  0.31664768E+00 -0.81916558E-01
  0.82300000E+01  0.31553045E+00 -0.79213344E-01
  0.82400000E+01  0.31441441E+00 -0.76585763E-01
  0.82500000E+01  0.31329972E+00 -0.74032214E-01
  0.82600000E+01  0.31218652E+00 -0.71551112E-01
  0.82700000E+01  0.31107494E+00 -0.69140889E-01
  0.82800000E+01  0.30996512E+00 -0.66799992E-01
  0.82900000E+01  0.30885719E+00 -0.64526886E-01
  0.83000000E+01  0.30775128E+00 -0.62320051E-01
  0.83100000E+01  0.30664749E+00 -0.60177987E-01
  0.83200000E+01  0.30554594E+00 -0.58099211E-01
  0.83300000E+01  0.30444675E+00 -0.56082259E-01
  0.83400000E+01  0.30335001E+00 -0.54125685E-01
  0.83500000E+01  0.30225582E+00 -0.52228062E-01
  0.83600000E+01  0.30116429E+00 -0.50387985E-01
  0.83700000E+01  0.30007550E+00 -0.48604066E-01
  0.83800000E+01  0.29898954E+00 -0.46874937E-01
  0.83900000E+01  0.29790649E+00 -0.45199252E-01
  0.84000000E+01  0.29682643E+00 -0.43575684E-01
  0.84100000E+01  0.29574945E+00 -0.42002927E-01
  0.84200000E+01  0.29467562E+00 -0.40479696E-01
  0.84300000E+01  0.29360499E+00 -0.39004725E-01
  0.84400000E+01  0.29253765E+00 -0.37576773E-01
  0.84500000E+01  0.29147365E+00 -0.36194615E-01
  0.84600000E+01  0.29041306E+00 -0.34857050E-01
  0.84700000E+01  0.28935594E+00 -0.33562899E-01
  0.84800000E+01  0.28830233E+00 -0.32311001E-01
  0.84900000E+01  0.28725229E+00 -0.31100219E-01
  0.85000000E+01  0.28620586E+00 -0.29929436E-01
  0.85100000E+01  0.28516311E+00 -0.28797556E-01
  0.85200000E+01  0.28412407E+00 -0.27703505E-01
  0.85300000E+01  0.28308878E+00 -0.26646228E-01
  0.85400000E+01  0.28205728E+00 -0.25624694E-01
  0.85500000E+01  0.28102962E+00 -0.24637890E-01
  0.85600000E+01  0.28000581E+00 -0.23684824E-01
  0.85700000E+01  0.27898591E+00 -0.22764528E-01
  0.85800000E+01  0.27796994E+00 -0.21876049E-01
  0.85900000E+01  0.27695793E+00 -0.21018460E-01
  0.86000000E+01  0.27594990E+00 -0.20190850E-01
  0.86100000E+01  0.27494589E+00 -0.19392330E-01
  0.86200000E+01  0.27394591E+00 -0.18622031E-01
  0.86300000E+01  0.27294999E+00 -0.17879102E-01
  0.86400000E+01  0.27195815E+00 -0.17162714E-01
  0.86500000E+01  0.27097041E+00 -0.16472054E-01
  0.86600000E+01  0.26998678E+00 -0.15806332E-01
  0.86700000E+01  0.26900728E+00 -0.15164774E-01
  0.86800000E+01  0.26803193E+00 -0.14546625E-01
  0.86900000E+01  0.26706074E+00 -0.13951149E-01
  0.87000000E+01  0.26609372E+00 -0.13377629E-01
  0.87100000E+01  0.26513087E+00 -0.12825363E-01
  0.87200000E+01  0.26417222E+00 -0.12293671E-01
  0.87300000E+01  0.26321776E+00 -0.11781885E-01
  0.87400000E+01  0.26226751E+00 -0.11289360E-01
  0.87500000E+01  0.26132147E+00 -0.10815463E-01
  0.87600000E+01  0.26037965E+00 -0.10359580E-01
  0.87700000E+01  0.25944204E+00 -0.99211134E-02
  0.87800000E+01  0.25850866E+00 -0.94994808E-02
  0.87900000E+01  0.25757950E+00 -0.90941162E-02
  0.88000000E+01  0.25665456E+00 -0.87044688E-02
  0.88100000E+01  0.25573384E+00 -0.83300032E-02
  0.88200000E+01  0.25481735E+00 -0.79701989E-02
  0.88300000E+01  0.25390508E+00 -0.76245501E-02
  0.88400000E+01  0.25299703E+00 -0.72925655E-02
  0.88500000E+01  0.25209320E+00 -0.69737678E-02
  0.88600000E+01  0.25119358E+00 -0.66676935E-02
  0.88700000E+01  0.25029816E+00 -0.63738928E-02
  0.88800000E+01  0.24940694E+00 -0.60919292E-02
  0.88900000E+01  0.24851992E+00 -0.58213791E-02
  0.89000000E+01  0.24763709E+00 -0.55618316E-02
  0.89100000E+01  0.24675844E+00 -0.53128883E-02
  0.89200000E+01  0.24588396E+00 -0.50741630E-02
  0.89300000E+01  0.24501365E+00 -0.48452813E-02
  0.89400000E+01  0.24414749E+00 -0.46258807E-02
  0.89500000E+01  0.24328548E+00 -0.44156097E-02
  0.89600000E+01  0.24242761E+00 -0.42141281E-02
  0.89700000E+01  0.24157386E+00 -0.40211064E-02
  0.89800000E+01  0.24072423E+00 -0.38362259E-02
  0.89900000E+01  0.23987870E+00 -0.36591780E-02
  0.90000000E+01  0.23903727E+00 -0.34896641E-02
  0.90100000E+01  0.23819991E+00 -0.33273955E-02
  0.90200000E+01  0.23736662E+00 -0.31720932E-02
  0.90300000E+01  0.23653739E+00 -0.30234872E-02
  0.90400000E+01  0.23571220E+00 -0.28813168E-02
  0.90500000E+01  0.23489104E+00 -0.27453298E-02
  0.90600000E+01  0.23407389E+00 -0.26152830E-02
  0.90700000E+01  0.23326074E+00 -0.24909413E-02
  0.90800000E+01  0.23245158E+00 -0.23720777E-02
  0.90900000E+01  0.23164640E+00 -0.22584731E-02
  0.91000000E+01  0.23084516E+00 -0.21499162E-02
  0.91100000E+01  0.23004787E+00 -0.20462029E-02
  0.91200000E+01  0.22925451E+00 -0.19471367E-02
  0.91300000E+01  0.22846505E+00 -0.18525279E-02
  0.91400000E+01  0.22767949E+00 -0.17621935E-02
  0.91500000E+01  0.22689781E+00 -0.16759574E-02
  0.91600000E+01  0.22612000E+00 -0.15936498E-02
  0.91700000E+01  0.22534603E+00 -0.15151070E-02
  0.91800000E+01  0.22457588E+00 -0.14401716E-02
  0.91900000E+01  0.22380956E+00 -0.13686917E-02
  0.92000000E+01  0.22304702E+00 -0.13005216E-02
  0.92100000E+01  0.22228827E+00 -0.12355205E-02
  0.92200000E+01  0.22153328E+00 -0.11735532E-02
  0.92300000E+01  0.22078204E+00 -0.11144899E-02
  0.92400000E+01  0.22003452E+00 -0.10582052E-02
  0.92500000E+01  0.21929072E+00 -0.10045791E-02
  0.92600000E+01  0.21855060E+00 -0.95349588E-03
  0.92700000E+01  0.21781417E+00 -0.90484448E-03
  0.92800000E+01  0.21708139E+00 -0.85851819E-03
  0.92900000E+01  0.21635225E+00 -0.81441448E-03
  0.93000000E+01  0.21562673E+00 -0.77243493E-03
  0.93100000E+01  0.21490482E+00 -0.73248501E-03
  0.93200000E+01  0.21418649E+00 -0.69447402E-03
  0.93300000E+01  0.21347174E+00 -0.65831489E-03
  0.93400000E+01  0.21276053E+00 -0.62392411E-03
  0.93500000E+01  0.21205286E+00 -0.59122157E-03
  0.93600000E+01  0.21134870E+00 -0.56013045E-03
  0.93700000E+01  0.21064804E+00 -0.53057710E-03
  0.93800000E+01  0.20995085E+00 -0.50249093E-03
  0.93900000E+01  0.20925713E+00 -0.47580431E-03
  0.94000000E+01  0.20856685E+00 -0.45045241E-03
  0.94100000E+01  0.20787999E+00 -0.42637317E-03
  0.94200000E+01  0.20719654E+00 -0.40350715E-03
  0.94300000E+01  0.20651648E+00 -0.38179743E-03
  0.94400000E+01  0.20583979E+00 -0.36118956E-03
  0.94500000E+01  0.20516645E+00 -0.34163140E-03
  0.94600000E+01  0.20449644E+00 -0.32307310E-03
  0.94700000E+01  0.20382975E+00 -0.30546695E-03
  0.94800000E+01  0.20316635E+00 -0.28876735E-03
  0.94900000E+01  0.20250623E+00 -0.27293069E-03
  0.95000000E+01  0.20184938E+00 -0.25791528E-03
  0.95100000E+01  0.20119577E+00 -0.24368131E-03
  0.95200000E+01  0.20054538E+00 -0.23019072E-03
  0.95300000E+01  0.19989820E+00 -0.21740716E-03
  0.95400000E+01  0.19925421E+00 -0.20529592E-03
  0.95500000E+01  0.19861339E+00 -0.19382387E-03
  0.95600000E+01  0.19797573E+00 -0.18295937E-03
  0.95700000E+01  0.19734120E+00 -0.17267224E-03
  0.95800000E+01  0.19670979E+00 -0.16293368E-03
  0.95900000E+01  0.19608148E+00 -0.15371622E-03
  0.96000000E+01  0.19545626E+00 -0.14499366E-03
  0.96100000E+01  0.19483410E+00 -0.13674103E-03
  0.96200000E+01  0.19421498E+00 -0.12893451E-03
  0.96300000E+01  0.19359890E+00 -0.12155142E-03
  0.96400000E+01  0.19298583E+00 -0.11457014E-03
  0.96500000E+01  0.19237576E+00 -0.10797006E-03
  0.96600000E+01  0.19176867E+00 -0.10173159E-03
  0.96700000E+01  0.19116453E+00 -0.95836045E-04
  0.96800000E+01  0.19056334E+00 -0.90265646E-04
  0.96900000E+01  0.18996508E+00 -0.85003478E-04
  0.97000000E+01  0.18936973E+00 -0.80033442E-04
  0.97100000E+01  0.18877727E+00 -0.75340223E-04
  0.97200000E+01  0.18818769E+00 -0.70909257E-04
  0.97300000E+01  0.18760097E+00 -0.66726694E-04
  0.97400000E+01  0.18701709E+00 -0.62779366E-04
  0.97500000E+01  0.18643603E+00 -0.59054761E-04
  0.97600000E+01  0.18585779E+00 -0.55540986E-04
  0.97700000E+01  0.18528234E+00 -0.52226743E-04
  0.97800000E+01  0.18470966E+00 -0.49101303E-04
  0.97900000E+01  0.18413975E+00 -0.46154475E-04
  0.98000000E+01  0.18357258E+00 -0.43376586E-04
  0.98100000E+01  0.18300814E+00 -0.40758451E-04
  0.98200000E+01  0.18244641E+00 -0.38291356E-04
  0.98300000E+01  0.18188737E+00 -0.35967034E-04
  0.98400000E+01  0.18133102E+00 -0.33777641E-04
  0.98500000E+01  0.18077732E+00 -0.31715740E-04
  0.98600000E+01  0.18022628E+00 -0.29774276E-04
  0.98700000E+01  0.17967787E+00 -0.27946567E-04
  0.98800000E+01  0.17913208E+00 -0.26226274E-04
  0.98900000E+01  0.17858888E+00 -0.24607395E-04
  0.99000000E+01  0.17804828E+00 -0.23084242E-04
  0.99100000E+01  0.17751024E+00 -0.21651428E-04
  0.99200000E+01  0.17697476E+00 -0.20303852E-04
  0.99300000E+01  0.17644181E+00 -0.19036685E-04
  0.99400000E+01  0.17591139E+00 -0.17845357E-04
  0.99500000E+01  0.17538349E+00 -0.16725542E-04
  0.99600000E+01  0.17485807E+00 -0.15673147E-04
  0.99700000E+01  0.17433514E+00 -0.14684302E-04
  0.99800000E+01  0.17381467E+00 -0.13755345E-04
  0.99900000E+01  0.17329665E+00 -0.12882817E-04
  0.10000000E+02  0.17278107E+00 -0.12063445E-04
