  0.00000000E+00  0.32384605E+00  0.14203913E-17
  0.10000000E-01  0.32381908E+00  0.34878728E-01
  0.20000000E-01  0.32373815E+00  0.69776876E-01
  0.30000000E-01  0.32360314E+00  0.10471392E+00
  0.40000000E-01  0.32341386E+00  0.13970946E+00
  0.50000000E-01  0.32317005E+00  0.17478324E+00
  0.60000000E-01  0.32287136E+00  0.20995526E+00
  0.70000000E-01  0.32251739E+00  0.24524579E+00
  0.80000000E-01  0.32210763E+00  0.28067542E+00
  0.90000000E-01  0.32164151E+00  0.31626516E+00
  0.10000000E+00  0.32111838E+00  0.35203642E+00
  0.11000000E+00  0.32053752E+00  0.38801112E+00
  0.12000000E+00  0.31989811E+00  0.42421172E+00
  0.13000000E+00  0.31919927E+00  0.46066125E+00
  0.14000000E+00  0.31844002E+00  0.49738339E+00
  0.15000000E+00  0.31761930E+00  0.53440245E+00
  0.16000000E+00  0.31673596E+00  0.57174347E+00
  0.17000000E+00  0.31578880E+00  0.60943224E+00
  0.18000000E+00  0.31477647E+00  0.64749530E+00
  0.19000000E+00  0.31369758E+00  0.68596003E+00
  0.20000000E+00  0.31255063E+00  0.72485462E+00
  0.21000000E+00  0.31133401E+00  0.76420812E+00
  0.22000000E+00  0.31004605E+00  0.80405045E+00
  0.23000000E+00  0.30868494E+00  0.84441245E+00
  0.24000000E+00  0.30724879E+00  0.88532585E+00
  0.25000000E+00  0.30573561E+00  0.92682328E+00
  0.26000000E+00  0.30414329E+00  0.96893832E+00
  0.27000000E+00  0.30246960E+00  0.10117054E+01
  0.28000000E+00  0.30071221E+00  0.10551601E+01
  0.29000000E+00  0.29886865E+00  0.10993385E+01
  0.30000000E+00  0.29693636E+00  0.11442779E+01
  0.31000000E+00  0.29491262E+00  0.11900164E+01
  0.32000000E+00  0.29279459E+00  0.12365930E+01
  0.33000000E+00  0.29057927E+00  0.12840473E+01
  0.34000000E+00  0.28826355E+00  0.13324200E+01
  0.35000000E+00  0.28584414E+00  0.13817523E+01
  0.36000000E+00  0.28331759E+00  0.14320864E+01
  0.37000000E+00  0.28068031E+00  0.14834649E+01
  0.38000000E+00  0.27792852E+00  0.15359311E+01
  0.39000000E+00  0.27505826E+00  0.15895290E+01
  0.40000000E+00  0.27206537E+00  0.16443029E+01
  0.41000000E+00  0.26894553E+00  0.17002977E+01
  0.42000000E+00  0.26569416E+00  0.17575584E+01
  0.43000000E+00  0.26230651E+00  0.18161307E+01
  0.44000000E+00  0.25877758E+00  0.18760601E+01
  0.45000000E+00  0.25510213E+00  0.19373926E+01
  0.46000000E+00  0.25127467E+00  0.20001738E+01
  0.47000000E+00  0.24728947E+00  0.20644498E+01
  0.48000000E+00  0.24314051E+00  0.21302660E+01
  0.49000000E+00  0.23882150E+00  0.21976681E+01
  0.50000000E+00  0.23432585E+00  0.22667012E+01
  0.51000000E+00  0.22964666E+00  0.23374102E+01
  0.52000000E+00  0.22477674E+00  0.24098396E+01
  0.53000000E+00  0.21970856E+00  0.24840332E+01
  0.54000000E+00  0.21443430E+00  0.25600347E+01
  0.55000000E+00  0.20894576E+00  0.26378870E+01
  0.56000000E+00  0.20323447E+00  0.27176327E+01
  0.57000000E+00  0.19729161E+00  0.27993140E+01
  0.58000000E+00  0.19110808E+00  0.28829725E+01
  0.59000000E+00  0.18467447E+00  0.29686501E+01
  0.60000000E+00  0.17798117E+00  0.30563885E+01
  0.61000000E+00  0.17101834E+00  0.31462299E+01
  0.62000000E+00  0.16377604E+00  0.32382174E+01
  0.63000000E+00  0.15624430E+00  0.33323954E+01
  0.64000000E+00  0.14841325E+00  0.34288105E+01
  0.65000000E+00  0.14027330E+00  0.35275123E+01
  0.66000000E+00  0.13181536E+00  0.36285546E+01
  0.67000000E+00  0.12303115E+00  0.37319967E+01
  0.68000000E+00  0.11391361E+00  0.38379045E+01
  0.69000000E+00  0.10445736E+00  0.39463522E+01
  0.70000000E+00  0.94659463E-01  0.40574242E+01
  0.71000000E+00  0.84520302E-01  0.41712167E+01
  0.72000000E+00  0.74044796E-01  0.42878412E+01
  0.73000000E+00  0.63244044E-01  0.44074296E+01
  0.74000000E+00  0.52137541E-01  0.45301424E+01
  0.75000000E+00  0.40756231E-01  0.46561803E+01
  0.76000000E+00  0.29146744E-01  0.47857956E+01
  0.77000000E+00  0.17377403E-01  0.49192972E+01
  0.78000000E+00  0.55468968E-02  0.50570353E+01
  0.79000000E+00 -0.62028938E-02  0.51993661E+01
  0.80000000E+00 -0.17667382E-01  0.53466175E+01
  0.81000000E+00 -0.28548650E-01  0.54991389E+01
  0.82000000E+00 -0.38405719E-01  0.56575734E+01
  0.83000000E+00 -0.46570541E-01  0.58235317E+01
  0.84000000E+00 -0.51993418E-01  0.60003341E+01
  0.85000000E+00 -0.52858157E-01  0.61895245E+01
  0.86000000E+00 -0.44887168E-01  0.63790793E+01
  0.87000000E+00 -0.13372457E-01  0.65765107E+01
  0.88000000E+00  0.58437055E-01  0.68880155E+01
  0.89000000E+00  0.10098104E+00  0.73700454E+01
  0.90000000E+00  0.86087424E-01  0.79185201E+01
  0.91000000E+00  0.35235106E-01  0.84797235E+01
  0.92000000E+00 -0.45323806E-01  0.90745798E+01
  0.93000000E+00 -0.15591575E+00  0.97199990E+01
  0.94000000E+00 -0.29974440E+00  0.10430712E+02
  0.95000000E+00 -0.48311274E+00  0.11233902E+02
  0.96000000E+00 -0.71719724E+00  0.12173065E+02
  0.97000000E+00 -0.10226629E+01  0.13299016E+02
  0.98000000E+00 -0.14369215E+01  0.14651847E+02
  0.99000000E+00 -0.20347839E+01  0.16405170E+02
  0.10000000E+01 -0.36800289E+01  0.21190668E+02
  0.10100000E+01 -0.69973157E+01  0.16578207E+02
  0.10200000E+01 -0.76522140E+01  0.13985089E+02
  0.10300000E+01 -0.80512979E+01  0.12094507E+02
  0.10400000E+01 -0.83326702E+01  0.10524730E+02
  0.10500000E+01 -0.85515246E+01  0.92127666E+01
  0.10600000E+01 -0.87274612E+01  0.80957030E+01
  0.10700000E+01 -0.88692889E+01  0.71409355E+01
  0.10800000E+01 -0.89882659E+01  0.63752422E+01
  0.10900000E+01 -0.91181194E+01  0.59594632E+01
  0.11000000E+01 -0.94136921E+01  0.62177802E+01
  0.11100000E+01 -0.10891407E+02  0.61206626E+01
  0.11200000E+01 -0.11456003E+02  0.30470554E+01
  0.11300000E+01 -0.11381786E+02  0.84692035E+00
  0.11400000E+01 -0.11250706E+02 -0.65552483E+00
  0.11500000E+01 -0.10821562E+02 -0.23240854E+01
  0.11600000E+01 -0.10510684E+02 -0.23466300E+01
  0.11700000E+01 -0.10484419E+02 -0.26664533E+01
  0.11800000E+01 -0.10512044E+02 -0.30676214E+01
  0.11900000E+01 -0.10564095E+02 -0.34368999E+01
  0.12000000E+01 -0.10656661E+02 -0.37075165E+01
  0.12100000E+01 -0.10841872E+02 -0.39288156E+01
  0.12200000E+01 -0.11008997E+02 -0.39932028E+01
  0.12300000E+01 -0.11294327E+02 -0.34452653E+01
  0.12400000E+01 -0.11887983E+02 -0.22052999E+01
  0.12500000E+01 -0.13244622E+02 -0.72802653E-01
  0.12600000E+01 -0.17124253E+02  0.39972043E-01
  0.12700000E+01 -0.19699860E+02 -0.52578184E+01
  0.12800000E+01 -0.21457473E+02 -0.12227975E+02
  0.12900000E+01 -0.22643470E+02 -0.21748949E+02
  0.13000000E+01 -0.15104214E+02 -0.40833015E+02
  0.13100000E+01 -0.12736748E+02 -0.29004853E+02
  0.13200000E+01 -0.12994798E+02 -0.29150932E+02
  0.13300000E+01 -0.12944534E+02 -0.30907552E+02
  0.13400000E+01 -0.12768854E+02 -0.32853391E+02
  0.13500000E+01 -0.10651542E+02 -0.33875446E+02
  0.13600000E+01 -0.11083063E+02 -0.33997439E+02
  0.13700000E+01 -0.11616577E+02 -0.34525349E+02
  0.13800000E+01 -0.13033721E+02 -0.36695965E+02
  0.13900000E+01 -0.15511620E+02 -0.43042771E+02
  0.14000000E+01 -0.17801167E+02 -0.57977446E+02
  0.14100000E+01 -0.18964862E+02 -0.87330711E+02
  0.14200000E+01  0.20807885E+02 -0.11186756E+03
  0.14300000E+01  0.44678418E+02 -0.78116717E+02
  0.14400000E+01  0.43066954E+02 -0.41593010E+02
  0.14500000E+01  0.39940403E+02 -0.23493767E+02
  0.14600000E+01  0.36489086E+02 -0.10226661E+02
  0.14700000E+01  0.30418033E+02 -0.30606821E+01
  0.14800000E+01  0.27245182E+02 -0.20971634E+01
  0.14900000E+01  0.25114104E+02 -0.18364515E+01
  0.15000000E+01  0.24025235E+02 -0.50839091E+00
  0.15100000E+01  0.22872386E+02  0.63239102E+00
  0.15200000E+01  0.21869377E+02  0.18060452E+01
  0.15300000E+01  0.21093419E+02  0.29497660E+01
  0.15400000E+01  0.20404767E+02  0.41889665E+01
  0.15500000E+01  0.19761359E+02  0.55818545E+01
  0.15600000E+01  0.19072910E+02  0.70940432E+01
  0.15700000E+01  0.18245385E+02  0.83321209E+01
  0.15800000E+01  0.17513311E+02  0.90407308E+01
  0.15900000E+01  0.16955540E+02  0.96852278E+01
  0.16000000E+01  0.16461723E+02  0.10416883E+02
  0.16100000E+01  0.16029109E+02  0.11009457E+02
  0.16200000E+01  0.15728084E+02  0.11566761E+02
  0.16300000E+01  0.15589995E+02  0.12235412E+02
  0.16400000E+01  0.15484262E+02  0.13104525E+02
  0.16500000E+01  0.15491261E+02  0.14080604E+02
  0.16600000E+01  0.15633807E+02  0.15225019E+02
  0.16700000E+01  0.15679977E+02  0.17213767E+02
  0.16800000E+01  0.15567392E+02  0.19264448E+02
  0.16900000E+01  0.15376188E+02  0.21514341E+02
  0.17000000E+01  0.15093005E+02  0.24011225E+02
  0.17100000E+01  0.14618937E+02  0.27125986E+02
  0.17200000E+01  0.13520024E+02  0.29804981E+02
  0.17300000E+01  0.12735635E+02  0.31804800E+02
  0.17400000E+01  0.12243764E+02  0.33646877E+02
  0.17500000E+01  0.12259472E+02  0.36713347E+02
  0.17600000E+01  0.12510549E+02  0.43425322E+02
  0.17700000E+01  0.10751955E+02  0.57058153E+02
  0.17800000E+01 -0.51426951E+01  0.57421757E+02
  0.17900000E+01 -0.52585776E+01  0.42409310E+02
  0.18000000E+01 -0.56029706E+01  0.38018901E+02
  0.18100000E+01 -0.57623304E+01  0.35772058E+02
  0.18200000E+01 -0.61535982E+01  0.33890733E+02
  0.18300000E+01 -0.72736719E+01  0.35699948E+02
  0.18400000E+01 -0.88055561E+01  0.30462630E+02
  0.18500000E+01 -0.95100373E+01  0.28069748E+02
  0.18600000E+01 -0.99817622E+01  0.26137797E+02
  0.18700000E+01 -0.10553021E+02  0.24580250E+02
  0.18800000E+01 -0.10304414E+02  0.21228990E+02
  0.18900000E+01 -0.10265156E+02  0.20546587E+02
  0.19000000E+01 -0.10331247E+02  0.19355439E+02
  0.19100000E+01 -0.10392538E+02  0.18267761E+02
  0.19200000E+01 -0.10458467E+02  0.17124352E+02
  0.19300000E+01 -0.10468544E+02  0.15948476E+02
  0.19400000E+01 -0.10456642E+02  0.14823347E+02
  0.19500000E+01 -0.10434429E+02  0.13712952E+02
  0.19600000E+01 -0.10407562E+02  0.12571410E+02
  0.19700000E+01 -0.10362310E+02  0.11449228E+02
  0.19800000E+01 -0.10306264E+02  0.10225738E+02
  0.19900000E+01 -0.10048851E+02  0.92657219E+01
  0.20000000E+01 -0.99791835E+01  0.83546728E+01
  0.20100000E+01 -0.99424703E+01  0.73706902E+01
  0.20200000E+01 -0.98799207E+01  0.62933507E+01
  0.20300000E+01 -0.97809194E+01  0.52018701E+01
  0.20400000E+01 -0.96398815E+01  0.41436646E+01
  0.20500000E+01 -0.96147679E+01  0.30192030E+01
  0.20600000E+01 -0.93484037E+01  0.18275756E+01
  0.20700000E+01 -0.90444077E+01  0.83407804E+00
  0.20800000E+01 -0.86842340E+01 -0.67229011E-01
  0.20900000E+01 -0.82752624E+01 -0.77244129E+00
  0.21000000E+01 -0.78699069E+01 -0.12618116E+01
  0.21100000E+01 -0.73841244E+01 -0.17253617E+01
  0.21200000E+01 -0.68424601E+01 -0.18822981E+01
  0.21300000E+01 -0.62682682E+01 -0.17317466E+01
  0.21400000E+01 -0.57031755E+01 -0.13815825E+01
  0.21500000E+01 -0.52133930E+01 -0.24007520E+01
  0.21600000E+01 -0.42959190E+01  0.30099883E+01
  0.21700000E+01 -0.52595502E+01  0.56023622E+01
  0.21800000E+01 -0.62593459E+01  0.73087617E+01
  0.21900000E+01 -0.83584297E+01  0.13270643E+02
  0.22000000E+01 -0.13563867E+02  0.42406633E+01
  0.22100000E+01 -0.12887297E+02 -0.25609901E+01
  0.22200000E+01 -0.10682302E+02 -0.67728276E+01
  0.22300000E+01 -0.89951375E+01 -0.77813515E+01
  0.22400000E+01 -0.70855895E+01 -0.79611799E+01
  0.22500000E+01 -0.51092107E+01 -0.66147670E+01
  0.22600000E+01 -0.31561709E+01 -0.24783027E+00
  0.22700000E+01 -0.11785052E+02  0.15025308E+02
  0.22800000E+01 -0.13365199E+02 -0.89771938E+00
  0.22900000E+01 -0.12097366E+02 -0.44465188E+01
  0.23000000E+01 -0.11076020E+02 -0.52676979E+01
  0.23100000E+01 -0.10315247E+02 -0.54020949E+01
  0.23200000E+01 -0.97805051E+01 -0.53344803E+01
  0.23300000E+01 -0.92205911E+01 -0.51210856E+01
  0.23400000E+01 -0.88742755E+01 -0.47875874E+01
  0.23500000E+01 -0.84646920E+01 -0.45580956E+01
  0.23600000E+01 -0.80776195E+01 -0.40120910E+01
  0.23700000E+01 -0.78593261E+01 -0.34066964E+01
  0.23800000E+01 -0.76868539E+01 -0.28838850E+01
  0.23900000E+01 -0.75707837E+01 -0.23462956E+01
  0.24000000E+01 -0.75220528E+01 -0.18298757E+01
  0.24100000E+01 -0.75420206E+01 -0.13407387E+01
  0.24200000E+01 -0.77553476E+01 -0.94676686E+00
  0.24300000E+01 -0.79672870E+01 -0.97735197E+00
  0.24400000E+01 -0.80094485E+01 -0.12677261E+01
  0.24500000E+01 -0.78502281E+01 -0.10761366E+01
  0.24600000E+01 -0.90618670E+01 -0.15646421E-02
  0.24700000E+01 -0.90563764E+01 -0.19766269E+01
  0.24800000E+01 -0.90226967E+01 -0.28667380E+01
  0.24900000E+01 -0.89400926E+01 -0.37133867E+01
  0.25000000E+01 -0.88230411E+01 -0.43111228E+01
  0.25100000E+01 -0.87739389E+01 -0.51316215E+01
  0.25200000E+01 -0.86856752E+01 -0.59853230E+01
  0.25300000E+01 -0.84999957E+01 -0.67985734E+01
  0.25400000E+01 -0.82710560E+01 -0.76422640E+01
  0.25500000E+01 -0.79279912E+01 -0.86844861E+01
  0.25600000E+01 -0.75405739E+01 -0.91620205E+01
  0.25700000E+01 -0.70896061E+01 -0.98903870E+01
  0.25800000E+01 -0.66947023E+01 -0.10079567E+02
  0.25900000E+01 -0.65119746E+01 -0.10547260E+02
  0.26000000E+01 -0.59943822E+01 -0.11764155E+02
  0.26100000E+01 -0.48411204E+01 -0.11738968E+02
  0.26200000E+01 -0.42784764E+01 -0.10943443E+02
  0.26300000E+01 -0.38597837E+01 -0.10210257E+02
  0.26400000E+01 -0.36903118E+01 -0.94981452E+01
  0.26500000E+01 -0.34129958E+01 -0.91065484E+01
  0.26600000E+01 -0.31463157E+01 -0.85554263E+01
  0.26700000E+01 -0.29111441E+01 -0.79156290E+01
  0.26800000E+01 -0.27302745E+01 -0.72285424E+01
  0.26900000E+01 -0.34654725E+01 -0.63802805E+01
  0.27000000E+01 -0.31727729E+01 -0.64512092E+01
  0.27100000E+01 -0.31306034E+01 -0.63945232E+01
  0.27200000E+01 -0.28386353E+01 -0.58883620E+01
  0.27300000E+01 -0.29119949E+01 -0.54823489E+01
  0.27400000E+01 -0.30987972E+01 -0.52516794E+01
  0.27500000E+01 -0.31278801E+01 -0.55781297E+01
  0.27600000E+01 -0.30785563E+01 -0.55543878E+01
  0.27700000E+01 -0.29867660E+01 -0.56450828E+01
  0.27800000E+01 -0.28417542E+01 -0.56038000E+01
  0.27900000E+01 -0.27299747E+01 -0.54735826E+01
  0.28000000E+01 -0.26267251E+01 -0.52981276E+01
  0.28100000E+01 -0.25396537E+01 -0.50766509E+01
  0.28200000E+01 -0.24767331E+01 -0.47598926E+01
  0.28300000E+01 -0.24695054E+01 -0.44225667E+01
  0.28400000E+01 -0.24576887E+01 -0.40932703E+01
  0.28500000E+01 -0.25001126E+01 -0.37381642E+01
  0.28600000E+01 -0.25821135E+01 -0.33551107E+01
  0.28700000E+01 -0.27138130E+01 -0.30022037E+01
  0.28800000E+01 -0.28879811E+01 -0.26602181E+01
  0.28900000E+01 -0.31202724E+01 -0.23569275E+01
  0.29000000E+01 -0.34053350E+01 -0.21376934E+01
  0.29100000E+01 -0.37611241E+01 -0.19332682E+01
  0.29200000E+01 -0.42754224E+01 -0.21005157E+01
  0.29300000E+01 -0.46962214E+01 -0.25167998E+01
  0.29400000E+01 -0.51609537E+01 -0.32371084E+01
  0.29500000E+01 -0.53413509E+01 -0.42337107E+01
  0.29600000E+01 -0.55270460E+01 -0.52756567E+01
  0.29700000E+01 -0.54273052E+01 -0.60332200E+01
  0.29800000E+01 -0.55298352E+01 -0.69262199E+01
  0.29900000E+01 -0.54699230E+01 -0.76335234E+01
  0.30000000E+01 -0.54624112E+01 -0.82000816E+01
  0.30100000E+01 -0.56944621E+01 -0.90767122E+01
  0.30200000E+01 -0.55151866E+01 -0.10329223E+02
  0.30300000E+01 -0.52901711E+01 -0.11159978E+02
  0.30400000E+01 -0.49160788E+01 -0.12174256E+02
  0.30500000E+01 -0.43677040E+01 -0.13294420E+02
  0.30600000E+01 -0.36057176E+01 -0.13001525E+02
  0.30700000E+01 -0.33365481E+01 -0.12554844E+02
  0.30800000E+01 -0.31832244E+01 -0.12499149E+02
  0.30900000E+01 -0.30234928E+01 -0.12543652E+02
  0.31000000E+01 -0.28362297E+01 -0.12662772E+02
  0.31100000E+01 -0.26078901E+01 -0.12594300E+02
  0.31200000E+01 -0.24213269E+01 -0.12652882E+02
  0.31300000E+01 -0.22739619E+01 -0.12304507E+02
  0.31400000E+01 -0.22307817E+01 -0.12274303E+02
  0.31500000E+01 -0.22011041E+01 -0.12367525E+02
  0.31600000E+01 -0.21996024E+01 -0.12149798E+02
  0.31700000E+01 -0.22669309E+01 -0.12662624E+02
  0.31800000E+01 -0.21665031E+01 -0.13708676E+02
  0.31900000E+01 -0.13962870E+01 -0.13293520E+02
  0.32000000E+01 -0.14244321E+01 -0.12942622E+02
  0.32100000E+01 -0.14559165E+01 -0.13010869E+02
  0.32200000E+01 -0.11718147E+01 -0.13264398E+02
  0.32300000E+01 -0.11680255E+01 -0.13368903E+02
  0.32400000E+01 -0.10389827E+01 -0.13773298E+02
  0.32500000E+01 -0.84961923E+00 -0.14159890E+02
  0.32600000E+01 -0.83006596E+00 -0.14713878E+02
  0.32700000E+01  0.14457421E+00 -0.15378880E+02
  0.32800000E+01  0.47822470E+00 -0.14499145E+02
  0.32900000E+01  0.54618949E+00 -0.14210744E+02
  0.33000000E+01  0.65267122E+00 -0.14305436E+02
  0.33100000E+01  0.77444864E+00 -0.14646915E+02
  0.33200000E+01  0.10542722E+01 -0.15437160E+02
  0.33300000E+01  0.21998651E+01 -0.16012074E+02
  0.33400000E+01  0.27546529E+01 -0.14661029E+02
  0.33500000E+01  0.30627817E+01 -0.13778321E+02
  0.33600000E+01  0.31918129E+01 -0.12865534E+02
  0.33700000E+01  0.32564277E+01 -0.12253331E+02
  0.33800000E+01  0.33198427E+01 -0.11772828E+02
  0.33900000E+01  0.33956541E+01 -0.11317976E+02
  0.34000000E+01  0.34540381E+01 -0.10852347E+02
  0.34100000E+01  0.34772143E+01 -0.10373925E+02
  0.34200000E+01  0.34457514E+01 -0.99838612E+01
  0.34300000E+01  0.37840614E+01 -0.95759804E+01
  0.34400000E+01  0.35325091E+01 -0.92223553E+01
  0.34500000E+01  0.34698107E+01 -0.89706134E+01
  0.34600000E+01  0.31450087E+01 -0.89333109E+01
  0.34700000E+01  0.31401001E+01 -0.91618036E+01
  0.34800000E+01  0.34922743E+01 -0.92184166E+01
  0.34900000E+01  0.35214717E+01 -0.89347681E+01
  0.35000000E+01  0.34415352E+01 -0.87425275E+01
  0.35100000E+01  0.33060275E+01 -0.91359451E+01
  0.35200000E+01  0.33881893E+01 -0.97142725E+01
  0.35300000E+01  0.36866999E+01 -0.10316524E+02
  0.35400000E+01  0.45598403E+01 -0.10532695E+02
  0.35500000E+01  0.48249048E+01 -0.94877810E+01
  0.35600000E+01  0.49187477E+01 -0.88975982E+01
  0.35700000E+01  0.49424433E+01 -0.85252718E+01
  0.35800000E+01  0.49375901E+01 -0.83906277E+01
  0.35900000E+01  0.49547837E+01 -0.86524408E+01
  0.36000000E+01  0.50375965E+01 -0.91622554E+01
  0.36100000E+01  0.67518943E+01 -0.10781516E+02
  0.36200000E+01  0.69649402E+01 -0.82769468E+01
  0.36300000E+01  0.71095609E+01 -0.72197689E+01
  0.36400000E+01  0.72687273E+01 -0.62696983E+01
  0.36500000E+01  0.73069873E+01 -0.51010595E+01
  0.36600000E+01  0.71434263E+01 -0.44730184E+01
  0.36700000E+01  0.71833079E+01 -0.38968961E+01
  0.36800000E+01  0.71108074E+01 -0.31200859E+01
  0.36900000E+01  0.69686573E+01 -0.24887483E+01
  0.37000000E+01  0.68467378E+01 -0.20009873E+01
  0.37100000E+01  0.66383450E+01 -0.15208827E+01
  0.37200000E+01  0.64829861E+01 -0.11133234E+01
  0.37300000E+01  0.63358025E+01 -0.69359912E+00
  0.37400000E+01  0.61115051E+01 -0.34898184E+00
  0.37500000E+01  0.59735777E+01 -0.11473180E+00
  0.37600000E+01  0.58630109E+01  0.20562853E+00
  0.37700000E+01  0.58478946E+01  0.23615515E+00
  0.37800000E+01  0.54083878E+01  0.98191794E+00
  0.37900000E+01  0.52563769E+01  0.95598072E+00
  0.38000000E+01  0.51498171E+01  0.11060621E+01
  0.38100000E+01  0.50079079E+01  0.14817991E+01
  0.38200000E+01  0.48110171E+01  0.17472329E+01
  0.38300000E+01  0.45113721E+01  0.20189929E+01
  0.38400000E+01  0.41514404E+01  0.19883688E+01
  0.38500000E+01  0.38746905E+01  0.18194367E+01
  0.38600000E+01  0.36813242E+01  0.17018047E+01
  0.38700000E+01  0.34385668E+01  0.16323730E+01
  0.38800000E+01  0.31242498E+01  0.97507167E+00
  0.38900000E+01  0.29066706E+01 -0.23003933E-02
  0.39000000E+01  0.29457853E+01 -0.25803760E+01
  0.39100000E+01  0.59087352E+01 -0.25451401E+01
  0.39200000E+01  0.60132132E+01  0.70326711E+00
  0.39300000E+01  0.57219242E+01  0.21615600E+01
  0.39400000E+01  0.54005146E+01  0.30786674E+01
  0.39500000E+01  0.49828344E+01  0.37406039E+01
  0.39600000E+01  0.45076786E+01  0.40064876E+01
  0.39700000E+01  0.43083043E+01  0.42594301E+01
  0.39800000E+01  0.40052409E+01  0.43499613E+01
  0.39900000E+01  0.35502754E+01  0.43721898E+01
  0.40000000E+01  0.33953776E+01  0.43341680E+01
  0.40100000E+01  0.31588625E+01  0.42717094E+01
  0.40200000E+01  0.29198662E+01  0.42240277E+01
  0.40300000E+01  0.26111352E+01  0.41303781E+01
  0.40400000E+01  0.23598947E+01  0.38353313E+01
  0.40500000E+01  0.20775386E+01  0.34782144E+01
  0.40600000E+01  0.18444781E+01  0.29134293E+01
  0.40700000E+01  0.15955819E+01  0.18752186E+01
  0.40800000E+01  0.15223633E+01  0.29406436E+00
  0.40900000E+01  0.18518159E+01 -0.23230821E+01
  0.41000000E+01  0.37340585E+01 -0.47199033E+01
  0.41100000E+01  0.54319234E+01 -0.19858518E+01
  0.41200000E+01  0.56718284E+01  0.54208438E+00
  0.41300000E+01  0.55628539E+01  0.19399468E+01
  0.41400000E+01  0.53876315E+01  0.28010886E+01
  0.41500000E+01  0.51875433E+01  0.32294401E+01
  0.41600000E+01  0.50215201E+01  0.33127502E+01
  0.41700000E+01  0.49348177E+01  0.31636612E+01
  0.41800000E+01  0.49377649E+01  0.28818524E+01
  0.41900000E+01  0.50710898E+01  0.25065646E+01
  0.42000000E+01  0.55512869E+01  0.19423606E+01
  0.42100000E+01  0.65524923E+01  0.29631040E+01
  0.42200000E+01  0.68255726E+01  0.49745437E+01
  0.42300000E+01  0.67043785E+01  0.68220491E+01
  0.42400000E+01  0.63559696E+01  0.83966180E+01
  0.42500000E+01  0.58249292E+01  0.96389417E+01
  0.42600000E+01  0.52828143E+01  0.10243761E+02
  0.42700000E+01  0.48256735E+01  0.10690001E+02
  0.42800000E+01  0.44083020E+01  0.11044861E+02
  0.42900000E+01  0.40157919E+01  0.11342433E+02
  0.43000000E+01  0.36825445E+01  0.11746115E+02
  0.43100000E+01  0.32629363E+01  0.12243084E+02
  0.43200000E+01  0.27403746E+01  0.12564235E+02
  0.43300000E+01  0.22628742E+01  0.12918722E+02
  0.43400000E+01  0.16687647E+01  0.13390769E+02
  0.43500000E+01  0.87684225E+00  0.13862279E+02
  0.43600000E+01 -0.59804412E+00  0.14041143E+02
  0.43700000E+01 -0.16423407E+01  0.11885467E+02
  0.43800000E+01 -0.22020113E+01  0.98169898E+01
  0.43900000E+01 -0.25151556E+01  0.78144929E+01
  0.44000000E+01 -0.26448242E+01  0.58754254E+01
  0.44100000E+01 -0.26128021E+01  0.39912216E+01
  0.44200000E+01 -0.23982104E+01  0.21256535E+01
  0.44300000E+01 -0.19109120E+01  0.37486516E+00
  0.44400000E+01 -0.11100352E+01 -0.65773914E+00
  0.44500000E+01 -0.27086750E+00 -0.85750656E+00
  0.44600000E+01  0.16527579E+00 -0.53372231E+00
  0.44700000E+01  0.46698592E+00 -0.25078533E+00
  0.44800000E+01  0.83869691E+00  0.20732037E-02
  0.44900000E+01  0.97437783E+00  0.44217186E+00
  0.45000000E+01  0.10911700E+01  0.74107039E+00
  0.45100000E+01  0.11769717E+01  0.10531307E+01
  0.45200000E+01  0.12182992E+01  0.13279144E+01
  0.45300000E+01  0.12330430E+01  0.15562953E+01
  0.45400000E+01  0.12238403E+01  0.17394211E+01
  0.45500000E+01  0.12004426E+01  0.18647914E+01
  0.45600000E+01  0.11754230E+01  0.19561696E+01
  0.45700000E+01  0.11375324E+01  0.20047712E+01
  0.45800000E+01  0.11082161E+01  0.20054143E+01
  0.45900000E+01  0.10864874E+01  0.19738908E+01
  0.46000000E+01  0.10750849E+01  0.19280986E+01
  0.46100000E+01  0.10716861E+01  0.18516850E+01
  0.46200000E+01  0.11660854E+01  0.17746541E+01
  0.46300000E+01  0.11894195E+01  0.18469167E+01
  0.46400000E+01  0.12064662E+01  0.18908590E+01
  0.46500000E+01  0.12295971E+01  0.19430778E+01
  0.46600000E+01  0.12380429E+01  0.20213621E+01
  0.46700000E+01  0.12408344E+01  0.20945460E+01
  0.46800000E+01  0.12379107E+01  0.21507339E+01
  0.46900000E+01  0.12443100E+01  0.22196934E+01
  0.47000000E+01  0.12350149E+01  0.23254811E+01
  0.47100000E+01  0.11993311E+01  0.24158729E+01
  0.47200000E+01  0.11828806E+01  0.24987086E+01
  0.47300000E+01  0.11539546E+01  0.26408420E+01
  0.47400000E+01  0.10933772E+01  0.27943032E+01
  0.47500000E+01  0.96607665E+00  0.29456480E+01
  0.47600000E+01  0.82316151E+00  0.27911521E+01
  0.47700000E+01  0.78846591E+00  0.26753614E+01
  0.47800000E+01  0.74428740E+00  0.25735129E+01
  0.47900000E+01  0.75024759E+00  0.25441124E+01
  0.48000000E+01  0.68686246E+00  0.26209047E+01
  0.48100000E+01  0.62853321E+00  0.25409211E+01
  0.48200000E+01  0.59835938E+00  0.24960195E+01
  0.48300000E+01  0.57102193E+00  0.24980779E+01
  0.48400000E+01  0.46446937E+00  0.25415048E+01
  0.48500000E+01  0.42185163E+00  0.24077489E+01
  0.48600000E+01  0.38659953E+00  0.23313115E+01
  0.48700000E+01  0.35375364E+00  0.22558488E+01
  0.48800000E+01  0.32541076E+00  0.21853062E+01
  0.48900000E+01  0.31095750E+00  0.21108241E+01
  0.49000000E+01  0.28842165E+00  0.20649202E+01
  0.49100000E+01  0.26359822E+00  0.20183152E+01
  0.49200000E+01  0.23286983E+00  0.19718519E+01
  0.49300000E+01  0.20793591E+00  0.19131158E+01
  0.49400000E+01  0.18607809E+00  0.18572545E+01
  0.49500000E+01  0.16670927E+00  0.18135167E+01
  0.49600000E+01  0.14288610E+00  0.17744242E+01
  0.49700000E+01  0.11608932E+00  0.17375932E+01
  0.49800000E+01  0.85241176E-01  0.17062031E+01
  0.49900000E+01  0.42248403E-01  0.16683641E+01
  0.50000000E+01 -0.79899761E-02  0.15788436E+01
  0.50100000E+01 -0.37241955E-01  0.14723917E+01
  0.50200000E+01 -0.59153909E-01  0.13622991E+01
  0.50300000E+01 -0.61892895E-01  0.12302887E+01
  0.50400000E+01 -0.45192954E-01  0.11892058E+01
  0.50500000E+01 -0.52458851E-01  0.11338941E+01
  0.50600000E+01 -0.58216315E-01  0.10746875E+01
  0.50700000E+01 -0.60993980E-01  0.10188653E+01
  0.50800000E+01 -0.62785518E-01  0.97174511E+00
  0.50900000E+01 -0.63248333E-01  0.93400248E+00
  0.51000000E+01 -0.64169599E-01  0.90960110E+00
  0.51100000E+01 -0.65498310E-01  0.90126936E+00
  0.51200000E+01 -0.68561559E-01  0.91789449E+00
  0.51300000E+01 -0.77813923E-01  0.97718158E+00
  0.51400000E+01 -0.11428826E+00  0.11209303E+01
  0.51500000E+01 -0.28837537E+00  0.12267731E+01
  0.51600000E+01 -0.57516442E+00  0.13577618E+01
  0.51700000E+01 -0.73494061E+00  0.44580789E+00
  0.51800000E+01 -0.58320091E+00  0.12333721E+00
  0.51900000E+01 -0.43867042E+00 -0.52737780E-01
  0.52000000E+01 -0.37564136E+00 -0.21504714E-01
  0.52100000E+01 -0.36884596E+00 -0.87006688E-01
  0.52200000E+01 -0.34872641E+00 -0.16321278E+00
  0.52300000E+01 -0.34555214E+00 -0.23801167E+00
  0.52400000E+01 -0.32799288E+00 -0.30531917E+00
  0.52500000E+01 -0.30939506E+00 -0.40253939E+00
  0.52600000E+01 -0.27932147E+00 -0.42953501E+00
  0.52700000E+01 -0.26798304E+00 -0.49297275E+00
  0.52800000E+01 -0.25438888E+00 -0.56106542E+00
  0.52900000E+01 -0.23793454E+00 -0.63264593E+00
  0.53000000E+01 -0.21966001E+00 -0.70787034E+00
  0.53100000E+01 -0.19664648E+00 -0.78871410E+00
  0.53200000E+01 -0.16576990E+00 -0.87601044E+00
  0.53300000E+01 -0.12168365E+00 -0.94571072E+00
  0.53400000E+01 -0.73969518E-01 -0.98636358E+00
  0.53500000E+01 -0.35561124E-01 -0.10107642E+01
  0.53600000E+01  0.35754985E-01 -0.10355866E+01
  0.53700000E+01  0.71475628E-01 -0.97811204E+00
  0.53800000E+01  0.90308841E-01 -0.93771861E+00
  0.53900000E+01  0.81794816E-01 -0.91596059E+00
  0.54000000E+01  0.93595081E-01 -0.94122519E+00
  0.54100000E+01  0.11298023E+00 -0.97179045E+00
  0.54200000E+01  0.14252822E+00 -0.99157183E+00
  0.54300000E+01  0.16160518E+00 -0.95371191E+00
  0.54400000E+01  0.16125915E+00 -0.96512561E+00
  0.54500000E+01  0.16986968E+00 -0.10185117E+01
  0.54600000E+01  0.20396138E+00 -0.10764470E+01
  0.54700000E+01  0.24874650E+00 -0.11030061E+01
  0.54800000E+01  0.30329976E+00 -0.11262834E+01
  0.54900000E+01  0.35720595E+00 -0.10761258E+01
  0.55000000E+01  0.39470980E+00 -0.10292688E+01
  0.55100000E+01  0.42663835E+00 -0.97721199E+00
  0.55200000E+01  0.45445742E+00 -0.92153272E+00
  0.55300000E+01  0.47902908E+00 -0.86167749E+00
  0.55400000E+01  0.50022146E+00 -0.79514904E+00
  0.55500000E+01  0.52356589E+00 -0.72118319E+00
  0.55600000E+01  0.53611777E+00 -0.64092186E+00
  0.55700000E+01  0.54698179E+00 -0.55771775E+00
  0.55800000E+01  0.54576589E+00 -0.47483611E+00
  0.55900000E+01  0.55100293E+00 -0.39232727E+00
  0.56000000E+01  0.55065185E+00 -0.31318806E+00
  0.56100000E+01  0.54998744E+00 -0.23079219E+00
  0.56200000E+01  0.54707495E+00 -0.14268108E+00
  0.56300000E+01  0.53945025E+00 -0.52072997E-01
  0.56400000E+01  0.52670320E+00  0.38728901E-01
  0.56500000E+01  0.50704171E+00  0.12635983E+00
  0.56600000E+01  0.48326215E+00  0.19804454E+00
  0.56700000E+01  0.46299784E+00  0.26430663E+00
  0.56800000E+01  0.44016125E+00  0.32766102E+00
  0.56900000E+01  0.42309934E+00  0.41159369E+00
  0.57000000E+01  0.39373407E+00  0.51786973E+00
  0.57100000E+01  0.34981300E+00  0.65605457E+00
  0.57200000E+01  0.22863775E+00  0.91179115E+00
  0.57300000E+01  0.22159570E-01  0.60419011E+00
  0.57400000E+01  0.38991523E-02  0.42037538E+00
  0.57500000E+01  0.13178391E-01  0.30092129E+00
  0.57600000E+01  0.18840665E-01  0.25080697E+00
  0.57700000E+01  0.18687666E-01  0.20960579E+00
  0.57800000E+01  0.17220049E-01  0.16482790E+00
  0.57900000E+01  0.32977381E-01  0.11391513E+00
  0.58000000E+01  0.42058411E-01  0.10965453E+00
  0.58100000E+01  0.48343072E-01  0.98417497E-01
  0.58200000E+01  0.55557644E-01  0.90173154E-01
  0.58300000E+01  0.58259727E-01  0.10984681E+00
  0.58400000E+01  0.46564899E-01  0.76168479E-01
  0.58500000E+01  0.57045780E-01  0.66381440E-01
  0.58600000E+01  0.68121055E-01  0.68730106E-01
  0.58700000E+01  0.87943344E-01  0.73352181E-01
  0.58800000E+01  0.99712175E-01  0.11748792E+00
  0.58900000E+01  0.11091543E+00  0.15715751E+00
  0.59000000E+01  0.12468569E+00  0.20472370E+00
  0.59100000E+01  0.14436020E+00  0.28109923E+00
  0.59200000E+01  0.15077891E+00  0.40051134E+00
  0.59300000E+01  0.13378987E+00  0.52402343E+00
  0.59400000E+01  0.10963028E+00  0.61797635E+00
  0.59500000E+01  0.87335748E-01  0.71042062E+00
  0.59600000E+01  0.62772121E-01  0.80933497E+00
  0.59700000E+01  0.33537921E-01  0.91484981E+00
  0.59800000E+01 -0.19277314E-02  0.10258201E+01
  0.59900000E+01 -0.45277881E-01  0.11432047E+01
  0.60000000E+01 -0.10141612E+00  0.12727811E+01
  0.60100000E+01 -0.17870735E+00  0.13801986E+01
  0.60200000E+01 -0.25456666E+00  0.14513610E+01
  0.60300000E+01 -0.32972145E+00  0.15225372E+01
  0.60400000E+01 -0.41297091E+00  0.16376428E+01
  0.60500000E+01 -0.62808025E+00  0.17845316E+01
  0.60600000E+01 -0.77233111E+00  0.15678904E+01
  0.60700000E+01 -0.88494418E+00  0.13441538E+01
  0.60800000E+01 -0.89456806E+00  0.98335603E+00
  0.60900000E+01 -0.85552092E+00  0.10177468E+01
  0.61000000E+01 -0.90551205E+00  0.97820077E+00
  0.61100000E+01 -0.95476642E+00  0.89036090E+00
  0.61200000E+01 -0.99800351E+00  0.78420968E+00
  0.61300000E+01 -0.10372053E+01  0.67082683E+00
  0.61400000E+01 -0.10729670E+01  0.55219421E+00
  0.61500000E+01 -0.11051572E+01  0.42861742E+00
  0.61600000E+01 -0.11331776E+01  0.30062414E+00
  0.61700000E+01 -0.11563390E+01  0.16911987E+00
  0.61800000E+01 -0.11737794E+01  0.35740060E-01
  0.61900000E+01 -0.11865394E+01 -0.98327951E-01
  0.62000000E+01 -0.11934191E+01 -0.23502434E+00
  0.62100000E+01 -0.11931479E+01 -0.36771847E+00
  0.62200000E+01 -0.11874419E+01 -0.49204575E+00
  0.62300000E+01 -0.11682873E+01 -0.60885326E+00
  0.62400000E+01 -0.11592171E+01 -0.70040893E+00
  0.62500000E+01 -0.11492206E+01 -0.79025862E+00
  0.62600000E+01 -0.11387533E+01 -0.87604265E+00
  0.62700000E+01 -0.11277094E+01 -0.95816821E+00
  0.62800000E+01 -0.11160668E+01 -0.10366026E+01
  0.62900000E+01 -0.11039171E+01 -0.11115774E+01
  0.63000000E+01 -0.10911571E+01 -0.11834487E+01
  0.63100000E+01 -0.10779113E+01 -0.12525905E+01
  0.63200000E+01 -0.10641813E+01 -0.13193805E+01
  0.63300000E+01 -0.10499765E+01 -0.13842128E+01
  0.63400000E+01 -0.10352879E+01 -0.14475152E+01
  0.63500000E+01 -0.10200331E+01 -0.15096419E+01
  0.63600000E+01 -0.10025969E+01 -0.15693242E+01
  0.63700000E+01 -0.98968799E+00 -0.16309283E+01
  0.63800000E+01 -0.97391341E+00 -0.16914697E+01
  0.63900000E+01 -0.95672077E+00 -0.17557703E+01
  0.64000000E+01 -0.93740746E+00 -0.18191271E+01
  0.64100000E+01 -0.91665052E+00 -0.18815611E+01
  0.64200000E+01 -0.89441425E+00 -0.19436891E+01
  0.64300000E+01 -0.87057911E+00 -0.20055311E+01
  0.64400000E+01 -0.84500333E+00 -0.20670083E+01
  0.64500000E+01 -0.81751333E+00 -0.21280244E+01
  0.64600000E+01 -0.78788727E+00 -0.21884492E+01
  0.64700000E+01 -0.75583139E+00 -0.22480588E+01
  0.64800000E+01 -0.72094753E+00 -0.23065530E+01
  0.64900000E+01 -0.68249742E+00 -0.23643616E+01
  0.65000000E+01 -0.63951989E+00 -0.24184211E+01
  0.65100000E+01 -0.59176247E+00 -0.24742967E+01
  0.65200000E+01 -0.53520212E+00 -0.24885420E+01
  0.65300000E+01 -0.48816895E+00 -0.24988193E+01
  0.65400000E+01 -0.44514586E+00 -0.25097765E+01
  0.65500000E+01 -0.40090430E+00 -0.25247930E+01
  0.65600000E+01 -0.35497448E+00 -0.25321138E+01
  0.65700000E+01 -0.30649824E+00 -0.25288782E+01
  0.65800000E+01 -0.26226952E+00 -0.25240601E+01
  0.65900000E+01 -0.19600704E+00 -0.25007371E+01
  0.66000000E+01 -0.15587955E+00 -0.24512802E+01
  0.66100000E+01 -0.12042639E+00 -0.24059003E+01
  0.66200000E+01 -0.88904526E-01 -0.23596497E+01
  0.66300000E+01 -0.60586592E-01 -0.23145855E+01
  0.66400000E+01 -0.34848644E-01 -0.22711381E+01
  0.66500000E+01 -0.11243559E-01 -0.22291519E+01
  0.66600000E+01  0.10556082E-01 -0.21884782E+01
  0.66700000E+01  0.30800087E-01 -0.21490570E+01
  0.66800000E+01  0.49685571E-01 -0.21108606E+01
  0.66900000E+01  0.67372005E-01 -0.20738526E+01
  0.67000000E+01  0.83988968E-01 -0.20379778E+01
  0.67100000E+01  0.99683916E-01 -0.20033228E+01
  0.67200000E+01  0.11447359E+00 -0.19693630E+01
  0.67300000E+01  0.12845998E+00 -0.19365069E+01
  0.67400000E+01  0.14171637E+00 -0.19045554E+01
  0.67500000E+01  0.15430093E+00 -0.18734618E+01
  0.67600000E+01  0.16626593E+00 -0.18431761E+01
  0.67700000E+01  0.17765722E+00 -0.18136484E+01
  0.67800000E+01  0.18851522E+00 -0.17848308E+01
  0.67900000E+01  0.19887576E+00 -0.17566788E+01
  0.68000000E+01  0.20877078E+00 -0.17291507E+01
  0.68100000E+01  0.21822887E+00 -0.17022076E+01
  0.68200000E+01  0.22727572E+00 -0.16758134E+01
  0.68300000E+01  0.23593453E+00 -0.16499347E+01
  0.68400000E+01  0.24422631E+00 -0.16245408E+01
  0.68500000E+01  0.25217016E+00 -0.15996036E+01
  0.68600000E+01  0.25978348E+00 -0.15750974E+01
  0.68700000E+01  0.26708221E+00 -0.15509986E+01
  0.68800000E+01  0.27408097E+00 -0.15272857E+01
  0.68900000E+01  0.28079323E+00 -0.15039393E+01
  0.69000000E+01  0.28723141E+00 -0.14809416E+01
  0.69100000E+01  0.29340702E+00 -0.14582764E+01
  0.69200000E+01  0.29933074E+00 -0.14359290E+01
  0.69300000E+01  0.30501253E+00 -0.14138860E+01
  0.69400000E+01  0.31046167E+00 -0.13921350E+01
  0.69500000E+01  0.31568686E+00 -0.13706650E+01
  0.69600000E+01  0.32069623E+00 -0.13494655E+01
  0.69700000E+01  0.32549747E+00 -0.13285271E+01
  0.69800000E+01  0.33009775E+00 -0.13078413E+01
  0.69900000E+01  0.33450381E+00 -0.12874002E+01
  0.70000000E+01  0.33872202E+00 -0.12671969E+01
  0.70100000E+01  0.34275865E+00 -0.12472249E+01
  0.70200000E+01  0.34661978E+00 -0.12274779E+01
  0.70300000E+01  0.35031098E+00 -0.12079499E+01
  0.70400000E+01  0.35383741E+00 -0.11886357E+01
  0.70500000E+01  0.35720409E+00 -0.11695311E+01
  0.70600000E+01  0.36041649E+00 -0.11506332E+01
  0.70700000E+01  0.36348575E+00 -0.11319393E+01
  0.70800000E+01  0.36636558E+00 -0.11134466E+01
  0.70900000E+01  0.36915198E+00 -0.10951519E+01
  0.71000000E+01  0.37179382E+00 -0.10770511E+01
  0.71100000E+01  0.37430367E+00 -0.10591397E+01
  0.71200000E+01  0.37668614E+00 -0.10414140E+01
  0.71300000E+01  0.37894502E+00 -0.10238708E+01
  0.71400000E+01  0.38108387E+00 -0.10065075E+01
  0.71500000E+01  0.38310618E+00 -0.98932231E+00
  0.71600000E+01  0.38501533E+00 -0.97231362E+00
  0.71700000E+01  0.38681462E+00 -0.95548006E+00
  0.71800000E+01  0.38850727E+00 -0.93882036E+00
  0.71900000E+01  0.39009641E+00 -0.92233344E+00
  0.72000000E+01  0.39158509E+00 -0.90601835E+00
  0.72100000E+01  0.39297630E+00 -0.88987428E+00
  0.72200000E+01  0.39427293E+00 -0.87390057E+00
  0.72300000E+01  0.39547779E+00 -0.85809667E+00
  0.72400000E+01  0.39659365E+00 -0.84246216E+00
  0.72500000E+01  0.39762317E+00 -0.82699671E+00
  0.72600000E+01  0.39856898E+00 -0.81170009E+00
  0.72700000E+01  0.39943361E+00 -0.79657216E+00
  0.72800000E+01  0.40021954E+00 -0.78161281E+00
  0.72900000E+01  0.40092920E+00 -0.76682204E+00
  0.73000000E+01  0.40156494E+00 -0.75219987E+00
  0.73100000E+01  0.40212905E+00 -0.73774636E+00
  0.73200000E+01  0.40262378E+00 -0.72346163E+00
  0.73300000E+01  0.40305130E+00 -0.70934580E+00
  0.73400000E+01  0.40341376E+00 -0.69539902E+00
  0.73500000E+01  0.40371321E+00 -0.68162146E+00
  0.73600000E+01  0.40395168E+00 -0.66801326E+00
  0.73700000E+01  0.40413114E+00 -0.65457460E+00
  0.73800000E+01  0.40425352E+00 -0.64130563E+00
  0.73900000E+01  0.40432067E+00 -0.62820649E+00
  0.74000000E+01  0.40433442E+00 -0.61527729E+00
  0.74100000E+01  0.40429655E+00 -0.60251815E+00
  0.74200000E+01  0.40420878E+00 -0.58992912E+00
  0.74300000E+01  0.40407280E+00 -0.57751026E+00
  0.74400000E+01  0.40389025E+00 -0.56526156E+00
  0.74500000E+01  0.40366272E+00 -0.55318300E+00
  0.74600000E+01  0.40339177E+00 -0.54127450E+00
  0.74700000E+01  0.40307891E+00 -0.52953596E+00
  0.74800000E+01  0.40272562E+00 -0.51796720E+00
  0.74900000E+01  0.40233332E+00 -0.50656802E+00
  0.75000000E+01  0.40190341E+00 -0.49533817E+00
  0.75100000E+01  0.40143725E+00 -0.48427735E+00
  0.75200000E+01  0.40093615E+00 -0.47338520E+00
  0.75300000E+01  0.40040140E+00 -0.46266131E+00
  0.75400000E+01  0.39983424E+00 -0.45210523E+00
  0.75500000E+01  0.39923589E+00 -0.44171644E+00
  0.75600000E+01  0.39860753E+00 -0.43149438E+00
  0.75700000E+01  0.39795030E+00 -0.42143845E+00
  0.75800000E+01  0.39726530E+00 -0.41154796E+00
  0.75900000E+01  0.39655364E+00 -0.40182219E+00
  0.76000000E+01  0.39581634E+00 -0.39226039E+00
  0.76100000E+01  0.39505445E+00 -0.38286172E+00
  0.76200000E+01  0.39426893E+00 -0.37362531E+00
  0.76300000E+01  0.39346077E+00 -0.36455024E+00
  0.76400000E+01  0.39263088E+00 -0.35563554E+00
  0.76500000E+01  0.39178018E+00 -0.34688019E+00
  0.76600000E+01  0.39090955E+00 -0.33828313E+00
  0.76700000E+01  0.39001983E+00 -0.32984323E+00
  0.76800000E+01  0.38911186E+00 -0.32155936E+00
  0.76900000E+01  0.38818644E+00 -0.31343031E+00
  0.77000000E+01  0.38724435E+00 -0.30545484E+00
  0.77100000E+01  0.38628634E+00 -0.29763168E+00
  0.77200000E+01  0.38531315E+00 -0.28995950E+00
  0.77300000E+01  0.38432548E+00 -0.28243696E+00
  0.77400000E+01  0.38332402E+00 -0.27506265E+00
  0.77500000E+01  0.38230944E+00 -0.26783516E+00
  0.77600000E+01  0.38128238E+00 -0.26075303E+00
  0.77700000E+01  0.38024348E+00 -0.25381476E+00
  0.77800000E+01  0.37919333E+00 -0.24701885E+00
  0.77900000E+01  0.37813252E+00 -0.24036373E+00
  0.78000000E+01  0.37706162E+00 -0.23384784E+00
  0.78100000E+01  0.37598118E+00 -0.22746958E+00
  0.78200000E+01  0.37489173E+00 -0.22122733E+00
  0.78300000E+01  0.37379379E+00 -0.21511944E+00
  0.78400000E+01  0.37268786E+00 -0.20914424E+00
  0.78500000E+01  0.37157441E+00 -0.20330006E+00
  0.78600000E+01  0.37045392E+00 -0.19758520E+00
  0.78700000E+01  0.36932684E+00 -0.19199792E+00
  0.78800000E+01  0.36819359E+00 -0.18653651E+00
  0.78900000E+01  0.36705462E+00 -0.18119922E+00
  0.79000000E+01  0.36591032E+00 -0.17598429E+00
  0.79100000E+01  0.36476108E+00 -0.17088996E+00
  0.79200000E+01  0.36360729E+00 -0.16591444E+00
  0.79300000E+01  0.36244932E+00 -0.16105597E+00
  0.79400000E+01  0.36128752E+00 -0.15631274E+00
  0.79500000E+01  0.36012223E+00 -0.15168297E+00
  0.79600000E+01  0.35895380E+00 -0.14716485E+00
  0.79700000E+01  0.35778253E+00 -0.14275660E+00
  0.79800000E+01  0.35660873E+00 -0.13845640E+00
  0.79900000E+01  0.35543272E+00 -0.13426246E+00
  0.80000000E+01  0.35425476E+00 -0.13017297E+00
  0.80100000E+01  0.35307515E+00 -0.12618615E+00
  0.80200000E+01  0.35189414E+00 -0.12230019E+00
  0.80300000E+01  0.35071200E+00 -0.11851332E+00
  0.80400000E+01  0.34952898E+00 -0.11482373E+00
  0.80500000E+01  0.34834532E+00 -0.11122967E+00
  0.80600000E+01  0.34716124E+00 -0.10772935E+00
  0.80700000E+01  0.34597698E+00 -0.10432102E+00
  0.80800000E+01  0.34479274E+00 -0.10100292E+00
  0.80900000E+01  0.34360873E+00 -0.97773318E-01
  0.81000000E+01  0.34242516E+00 -0.94630478E-01
  0.81100000E+01  0.34124221E+00 -0.91572680E-01
  0.81200000E+01  0.34006008E+00 -0.88598219E-01
  0.81300000E+01  0.33887892E+00 -0.85705402E-01
  0.81400000E+01  0.33769893E+00 -0.82892548E-01
  0.81500000E+01  0.33652025E+00 -0.80157992E-01
  0.81600000E+01  0.33534306E+00 -0.77500086E-01
  0.81700000E+01  0.33416750E+00 -0.74917194E-01
  0.81800000E+01  0.33299371E+00 -0.72407699E-01
  0.81900000E+01  0.33182184E+00 -0.69970000E-01
  0.82000000E+01  0.33065202E+00 -0.67602514E-01
  0.82100000E+01  0.32948438E+00 -0.65303674E-01
  0.82200000E+01  0.32831905E+00 -0.63071934E-01
  0.82300000E+01  0.32715614E+00 -0.60905764E-01
  0.82400000E+01  0.32599576E+00 -0.58803655E-01
  0.82500000E+01  0.32483803E+00 -0.56764116E-01
  0.82600000E+01  0.32368305E+00 -0.54785676E-01
  0.82700000E+01  0.32253092E+00 -0.52866886E-01
  0.82800000E+01  0.32138174E+00 -0.51006314E-01
  0.82900000E+01  0.32023559E+00 -0.49202551E-01
  0.83000000E+01  0.31909256E+00 -0.47454207E-01
  0.83100000E+01  0.31795274E+00 -0.45759915E-01
  0.83200000E+01  0.31681621E+00 -0.44118327E-01
  0.83300000E+01  0.31568304E+00 -0.42528118E-01
  0.83400000E+01  0.31455330E+00 -0.40987983E-01
  0.83500000E+01  0.31342707E+00 -0.39496640E-01
  0.83600000E+01  0.31230441E+00 -0.38052828E-01
  0.83700000E+01  0.31118538E+00 -0.36655306E-01
  0.83800000E+01  0.31007004E+00 -0.35302857E-01
  0.83900000E+01  0.30895845E+00 -0.33994285E-01
  0.84000000E+01  0.30785066E+00 -0.32728415E-01
  0.84100000E+01  0.30674672E+00 -0.31504094E-01
  0.84200000E+01  0.30564669E+00 -0.30320193E-01
  0.84300000E+01  0.30455060E+00 -0.29175600E-01
  0.84400000E+01  0.30345850E+00 -0.28069229E-01
  0.84500000E+01  0.30237042E+00 -0.27000012E-01
  0.84600000E+01  0.30128642E+00 -0.25966906E-01
  0.84700000E+01  0.30020652E+00 -0.24968886E-01
  0.84800000E+01  0.29913075E+00 -0.24004950E-01
  0.84900000E+01  0.29805916E+00 -0.23074117E-01
  0.85000000E+01  0.29699176E+00 -0.22175426E-01
  0.85100000E+01  0.29592858E+00 -0.21307936E-01
  0.85200000E+01  0.29486966E+00 -0.20470730E-01
  0.85300000E+01  0.29381501E+00 -0.19662908E-01
  0.85400000E+01  0.29276466E+00 -0.18883591E-01
  0.85500000E+01  0.29171863E+00 -0.18131922E-01
  0.85600000E+01  0.29067693E+00 -0.17407060E-01
  0.85700000E+01  0.28963958E+00 -0.16708187E-01
  0.85800000E+01  0.28860660E+00 -0.16034503E-01
  0.85900000E+01  0.28757800E+00 -0.15385227E-01
  0.86000000E+01  0.28655380E+00 -0.14759597E-01
  0.86100000E+01  0.28553401E+00 -0.14156871E-01
  0.86200000E+01  0.28451862E+00 -0.13576322E-01
  0.86300000E+01  0.28350767E+00 -0.13017244E-01
  0.86400000E+01  0.28250114E+00 -0.12478949E-01
  0.86500000E+01  0.28149905E+00 -0.11960766E-01
  0.86600000E+01  0.28050141E+00 -0.11462040E-01
  0.86700000E+01  0.27950821E+00 -0.10982134E-01
  0.86800000E+01  0.27851946E+00 -0.10520429E-01
  0.86900000E+01  0.27753516E+00 -0.10076321E-01
  0.87000000E+01  0.27655531E+00 -0.96492230E-02
  0.87100000E+01  0.27557992E+00 -0.92385637E-02
  0.87200000E+01  0.27460897E+00 -0.88437873E-02
  0.87300000E+01  0.27364248E+00 -0.84643539E-02
  0.87400000E+01  0.27268043E+00 -0.80997382E-02
  0.87500000E+01  0.27172282E+00 -0.77494300E-02
  0.87600000E+01  0.27076965E+00 -0.74129336E-02
  0.87700000E+01  0.26982092E+00 -0.70897676E-02
  0.87800000E+01  0.26887661E+00 -0.67794644E-02
  0.87900000E+01  0.26793672E+00 -0.64815703E-02
  0.88000000E+01  0.26700124E+00 -0.61956448E-02
  0.88100000E+01  0.26607017E+00 -0.59212606E-02
  0.88200000E+01  0.26514350E+00 -0.56580032E-02
  0.88300000E+01  0.26422121E+00 -0.54054708E-02
  0.88400000E+01  0.26330331E+00 -0.51632736E-02
  0.88500000E+01  0.26238977E+00 -0.49310340E-02
  0.88600000E+01  0.26148059E+00 -0.47083860E-02
  0.88700000E+01  0.26057576E+00 -0.44949753E-02
  0.88800000E+01  0.25967526E+00 -0.42904583E-02
  0.88900000E+01  0.25877908E+00 -0.40945028E-02
  0.89000000E+01  0.25788721E+00 -0.39067869E-02
  0.89100000E+01  0.25699965E+00 -0.37269994E-02
  0.89200000E+01  0.25611636E+00 -0.35548388E-02
  0.89300000E+01  0.25523735E+00 -0.33900138E-02
  0.89400000E+01  0.25436259E+00 -0.32322427E-02
  0.89500000E+01  0.25349208E+00 -0.30812529E-02
  0.89600000E+01  0.25262579E+00 -0.29367813E-02
  0.89700000E+01  0.25176372E+00 -0.27985734E-02
  0.89800000E+01  0.25090584E+00 -0.26663833E-02
  0.89900000E+01  0.25005214E+00 -0.25399738E-02
  0.90000000E+01  0.24920261E+00 -0.24191157E-02
  0.90100000E+01  0.24835723E+00 -0.23035876E-02
  0.90200000E+01  0.24751598E+00 -0.21931760E-02
  0.90300000E+01  0.24667885E+00 -0.20876750E-02
  0.90400000E+01  0.24584582E+00 -0.19868858E-02
  0.90500000E+01  0.24501687E+00 -0.18906167E-02
  0.90600000E+01  0.24419199E+00 -0.17986830E-02
  0.90700000E+01  0.24337116E+00 -0.17109064E-02
  0.90800000E+01  0.24255436E+00 -0.16271155E-02
  0.90900000E+01  0.24174157E+00 -0.15471448E-02
  0.91000000E+01  0.24093277E+00 -0.14708350E-02
  0.91100000E+01  0.24012796E+00 -0.13980328E-02
  0.91200000E+01  0.23932710E+00 -0.13285904E-02
  0.91300000E+01  0.23853018E+00 -0.12623657E-02
  0.91400000E+01  0.23773719E+00 -0.11992220E-02
  0.91500000E+01  0.23694810E+00 -0.11390276E-02
  0.91600000E+01  0.23616289E+00 -0.10816559E-02
  0.91700000E+01  0.23538156E+00 -0.10269854E-02
  0.91800000E+01  0.23460407E+00 -0.97489885E-03
  0.91900000E+01  0.23383041E+00 -0.92528393E-03
  0.92000000E+01  0.23306056E+00 -0.87803255E-03
  0.92100000E+01  0.23229451E+00 -0.83304088E-03
  0.92200000E+01  0.23153222E+00 -0.79020920E-03
  0.92300000E+01  0.23077370E+00 -0.74944178E-03
  0.92400000E+01  0.23001890E+00 -0.71064670E-03
  0.92500000E+01  0.22926782E+00 -0.67373572E-03
  0.92600000E+01  0.22852044E+00 -0.63862420E-03
  0.92700000E+01  0.22777674E+00 -0.60523093E-03
  0.92800000E+01  0.22703669E+00 -0.57347800E-03
  0.92900000E+01  0.22630029E+00 -0.54329074E-03
  0.93000000E+01  0.22556750E+00 -0.51459754E-03
  0.93100000E+01  0.22483832E+00 -0.48732976E-03
  0.93200000E+01  0.22411272E+00 -0.46142167E-03
  0.93300000E+01  0.22339068E+00 -0.43681024E-03
  0.93400000E+01  0.22267218E+00 -0.41343515E-03
  0.93500000E+01  0.22195721E+00 -0.39123862E-03
  0.93600000E+01  0.22124574E+00 -0.37016534E-03
  0.93700000E+01  0.22053776E+00 -0.35016237E-03
  0.93800000E+01  0.21983325E+00 -0.33117905E-03
  0.93900000E+01  0.21913218E+00 -0.31316691E-03
  0.94000000E+01  0.21843455E+00 -0.29607961E-03
  0.94100000E+01  0.21774032E+00 -0.27987282E-03
  0.94200000E+01  0.21704948E+00 -0.26450416E-03
  0.94300000E+01  0.21636202E+00 -0.24993313E-03
  0.94400000E+01  0.21567791E+00 -0.23612103E-03
  0.94500000E+01  0.21499714E+00 -0.22303089E-03
  0.94600000E+01  0.21431968E+00 -0.21062738E-03
  0.94700000E+01  0.21364552E+00 -0.19887679E-03
  0.94800000E+01  0.21297463E+00 -0.18774691E-03
  0.94900000E+01  0.21230701E+00 -0.17720701E-03
  0.95000000E+01  0.21164262E+00 -0.16722776E-03
  0.95100000E+01  0.21098146E+00 -0.15778119E-03
  0.95200000E+01  0.21032351E+00 -0.14884060E-03
  0.95300000E+01  0.20966874E+00 -0.14038055E-03
  0.95400000E+01  0.20901713E+00 -0.13237676E-03
  0.95500000E+01  0.20836868E+00 -0.12480611E-03
  0.95600000E+01  0.20772336E+00 -0.11764655E-03
  0.95700000E+01  0.20708115E+00 -0.11087708E-03
  0.95800000E+01  0.20644204E+00 -0.10447769E-03
  0.95900000E+01  0.20580600E+00 -0.98429338E-04
  0.96000000E+01  0.20517302E+00 -0.92713876E-04
  0.96100000E+01  0.20454308E+00 -0.87314036E-04
  0.96200000E+01  0.20391617E+00 -0.82213385E-04
  0.96300000E+01  0.20329226E+00 -0.77396284E-04
  0.96400000E+01  0.20267134E+00 -0.72847858E-04
  0.96500000E+01  0.20205339E+00 -0.68553960E-04
  0.96600000E+01  0.20143840E+00 -0.64501136E-04
  0.96700000E+01  0.20082634E+00 -0.60676598E-04
  0.96800000E+01  0.20021720E+00 -0.57068190E-04
  0.96900000E+01  0.19961096E+00 -0.53664363E-04
  0.97000000E+01  0.19900761E+00 -0.50454145E-04
  0.97100000E+01  0.19840712E+00 -0.47427112E-04
  0.97200000E+01  0.19780948E+00 -0.44573369E-04
  0.97300000E+01  0.19721468E+00 -0.41883521E-04
  0.97400000E+01  0.19662269E+00 -0.39348647E-04
  0.97500000E+01  0.19603351E+00 -0.36960287E-04
  0.97600000E+01  0.19544711E+00 -0.34710409E-04
  0.97700000E+01  0.19486347E+00 -0.32591398E-04
  0.97800000E+01  0.19428259E+00 -0.30596032E-04
  0.97900000E+01  0.19370444E+00 -0.28717461E-04
  0.98000000E+01  0.19312901E+00 -0.26949194E-04
  0.98100000E+01  0.19255628E+00 -0.25285079E-04
  0.98200000E+01  0.19198623E+00 -0.23719288E-04
  0.98300000E+01  0.19141886E+00 -0.22246296E-04
  0.98400000E+01  0.19085414E+00 -0.20860876E-04
  0.98500000E+01  0.19029206E+00 -0.19558075E-04
  0.98600000E+01  0.18973260E+00 -0.18333204E-04
  0.98700000E+01  0.18917575E+00 -0.17181827E-04
  0.98800000E+01  0.18862149E+00 -0.16099744E-04
  0.98900000E+01  0.18806980E+00 -0.15082985E-04
  0.99000000E+01  0.18752068E+00 -0.14127791E-04
  0.99100000E+01  0.18697410E+00 -0.13230610E-04
  0.99200000E+01  0.18643005E+00 -0.12388083E-04
  0.99300000E+01  0.18588852E+00 -0.11597034E-04
  0.99400000E+01  0.18534948E+00 -0.10854463E-04
  0.99500000E+01  0.18481293E+00 -0.10157536E-04
  0.99600000E+01  0.18427886E+00 -0.95035734E-05
  0.99700000E+01  0.18374723E+00 -0.88900469E-05
  0.99800000E+01  0.18321805E+00 -0.83145683E-05
  0.99900000E+01  0.18269130E+00 -0.77748834E-05
  0.10000000E+02  0.18216696E+00 -0.72688644E-05
