  0.00000000E+00  0.16839950E+02 -0.13685646E-16
  0.10000000E-01  0.16852171E+02 -0.18962803E+01
  0.20000000E-01  0.16888853E+02 -0.37926853E+01
  0.30000000E-01  0.16950042E+02 -0.56893395E+01
  0.40000000E-01  0.17035819E+02 -0.75863671E+01
  0.50000000E-01  0.17146299E+02 -0.94838918E+01
  0.60000000E-01  0.17281626E+02 -0.11382037E+02
  0.70000000E-01  0.17441978E+02 -0.13280925E+02
  0.80000000E-01  0.17627567E+02 -0.15180677E+02
  0.90000000E-01  0.17838634E+02 -0.17081413E+02
  0.10000000E+00  0.18075457E+02 -0.18983253E+02
  0.11000000E+00  0.18338344E+02 -0.20886314E+02
  0.12000000E+00  0.18627636E+02 -0.22790713E+02
  0.13000000E+00  0.18943710E+02 -0.24696564E+02
  0.14000000E+00  0.19286972E+02 -0.26603978E+02
  0.15000000E+00  0.19657866E+02 -0.28513066E+02
  0.16000000E+00  0.20056865E+02 -0.30423937E+02
  0.17000000E+00  0.20484479E+02 -0.32336694E+02
  0.18000000E+00  0.20941250E+02 -0.34251440E+02
  0.19000000E+00  0.21427755E+02 -0.36168275E+02
  0.20000000E+00  0.21944605E+02 -0.38087294E+02
  0.21000000E+00  0.22492445E+02 -0.40008589E+02
  0.22000000E+00  0.23071954E+02 -0.41932250E+02
  0.23000000E+00  0.23683846E+02 -0.43858360E+02
  0.24000000E+00  0.24328868E+02 -0.45786999E+02
  0.25000000E+00  0.25007805E+02 -0.47718242E+02
  0.26000000E+00  0.25721472E+02 -0.49652159E+02
  0.27000000E+00  0.26470723E+02 -0.51588814E+02
  0.28000000E+00  0.27256444E+02 -0.53528266E+02
  0.29000000E+00  0.28079556E+02 -0.55470568E+02
  0.30000000E+00  0.28941015E+02 -0.57415765E+02
  0.31000000E+00  0.29841811E+02 -0.59363894E+02
  0.32000000E+00  0.30782970E+02 -0.61314988E+02
  0.33000000E+00  0.31765548E+02 -0.63269069E+02
  0.34000000E+00  0.32790639E+02 -0.65226150E+02
  0.35000000E+00  0.33859369E+02 -0.67186237E+02
  0.36000000E+00  0.34972897E+02 -0.69149324E+02
  0.37000000E+00  0.36132416E+02 -0.71115396E+02
  0.38000000E+00  0.37339151E+02 -0.73084427E+02
  0.39000000E+00  0.38594358E+02 -0.75056377E+02
  0.40000000E+00  0.39899326E+02 -0.77031196E+02
  0.41000000E+00  0.41255376E+02 -0.79008819E+02
  0.42000000E+00  0.42663857E+02 -0.80989167E+02
  0.43000000E+00  0.44126149E+02 -0.82972147E+02
  0.44000000E+00  0.45643663E+02 -0.84957648E+02
  0.45000000E+00  0.47217835E+02 -0.86945544E+02
  0.46000000E+00  0.48850131E+02 -0.88935689E+02
  0.47000000E+00  0.50542043E+02 -0.90927919E+02
  0.48000000E+00  0.52295090E+02 -0.92922049E+02
  0.49000000E+00  0.54110814E+02 -0.94917873E+02
  0.50000000E+00  0.55990785E+02 -0.96915161E+02
  0.51000000E+00  0.57936591E+02 -0.98913659E+02
  0.52000000E+00  0.59949847E+02 -0.10091309E+03
  0.53000000E+00  0.62032187E+02 -0.10291314E+03
  0.54000000E+00  0.64185266E+02 -0.10491348E+03
  0.55000000E+00  0.66410756E+02 -0.10691374E+03
  0.56000000E+00  0.68710352E+02 -0.10891352E+03
  0.57000000E+00  0.71085762E+02 -0.11091239E+03
  0.58000000E+00  0.73538711E+02 -0.11290988E+03
  0.59000000E+00  0.76070943E+02 -0.11490547E+03
  0.60000000E+00  0.78684211E+02 -0.11689862E+03
  0.61000000E+00  0.81380287E+02 -0.11888874E+03
  0.62000000E+00  0.84160954E+02 -0.12087518E+03
  0.63000000E+00  0.87028007E+02 -0.12285725E+03
  0.64000000E+00  0.89983254E+02 -0.12483421E+03
  0.65000000E+00  0.93028517E+02 -0.12680528E+03
  0.66000000E+00  0.96165629E+02 -0.12876959E+03
  0.67000000E+00  0.99396436E+02 -0.13072623E+03
  0.68000000E+00  0.10272280E+03 -0.13267422E+03
  0.69000000E+00  0.10614659E+03 -0.13461250E+03
  0.70000000E+00  0.10966972E+03 -0.13653995E+03
  0.71000000E+00  0.11329409E+03 -0.13845535E+03
  0.72000000E+00  0.11702165E+03 -0.14035742E+03
  0.73000000E+00  0.12085438E+03 -0.14224475E+03
  0.74000000E+00  0.12479428E+03 -0.14411587E+03
  0.75000000E+00  0.12884338E+03 -0.14596915E+03
  0.76000000E+00  0.13300376E+03 -0.14780288E+03
  0.77000000E+00  0.13727755E+03 -0.14961518E+03
  0.78000000E+00  0.14166697E+03 -0.15140401E+03
  0.79000000E+00  0.14617441E+03 -0.15316718E+03
  0.80000000E+00  0.15080248E+03 -0.15490223E+03
  0.81000000E+00  0.15555407E+03 -0.15660648E+03
  0.82000000E+00  0.16043206E+03 -0.15827689E+03
  0.83000000E+00  0.16543882E+03 -0.15990996E+03
  0.84000000E+00  0.17057548E+03 -0.16150156E+03
  0.85000000E+00  0.17584563E+03 -0.16304649E+03
  0.86000000E+00  0.18126733E+03 -0.16453670E+03
  0.87000000E+00  0.18683987E+03 -0.16595319E+03
  0.88000000E+00  0.19246438E+03 -0.16727440E+03
  0.89000000E+00  0.19809405E+03 -0.16856504E+03
  0.90000000E+00  0.20384581E+03 -0.16984697E+03
  0.91000000E+00  0.20978866E+03 -0.17109094E+03
  0.92000000E+00  0.21592151E+03 -0.17228127E+03
  0.93000000E+00  0.22225650E+03 -0.17340624E+03
  0.94000000E+00  0.22882554E+03 -0.17445275E+03
  0.95000000E+00  0.23567889E+03 -0.17540405E+03
  0.96000000E+00  0.24288731E+03 -0.17623575E+03
  0.97000000E+00  0.25052966E+03 -0.17691043E+03
  0.98000000E+00  0.25865828E+03 -0.17736735E+03
  0.99000000E+00  0.26760331E+03 -0.17750019E+03
  0.10000000E+01  0.28222558E+03 -0.17578460E+03
  0.10100000E+01  0.28078363E+03 -0.17100556E+03
  0.10200000E+01  0.28293111E+03 -0.17067119E+03
  0.10300000E+01  0.28612462E+03 -0.17060192E+03
  0.10400000E+01  0.28958587E+03 -0.17072786E+03
  0.10500000E+01  0.29337855E+03 -0.17102751E+03
  0.10600000E+01  0.29756235E+03 -0.17144771E+03
  0.10700000E+01  0.30217099E+03 -0.17194227E+03
  0.10800000E+01  0.30724798E+03 -0.17247541E+03
  0.10900000E+01  0.31296914E+03 -0.17299458E+03
  0.11000000E+01  0.31972053E+03 -0.17331137E+03
  0.11100000E+01  0.32659608E+03 -0.17225487E+03
  0.11200000E+01  0.33084615E+03 -0.17190565E+03
  0.11300000E+01  0.33561535E+03 -0.17182571E+03
  0.11400000E+01  0.34073735E+03 -0.17199875E+03
  0.11500000E+01  0.34717246E+03 -0.17165211E+03
  0.11600000E+01  0.35109908E+03 -0.17161178E+03
  0.11700000E+01  0.35620552E+03 -0.17213296E+03
  0.11800000E+01  0.36206490E+03 -0.17273845E+03
  0.11900000E+01  0.36850483E+03 -0.17334590E+03
  0.12000000E+01  0.37549413E+03 -0.17395220E+03
  0.12100000E+01  0.38310625E+03 -0.17448855E+03
  0.12200000E+01  0.39155285E+03 -0.17495913E+03
  0.12300000E+01  0.40088594E+03 -0.17530380E+03
  0.12400000E+01  0.41192960E+03 -0.17541067E+03
  0.12500000E+01  0.42521007E+03 -0.17449159E+03
  0.12600000E+01  0.43649612E+03 -0.17008904E+03
  0.12700000E+01  0.44153079E+03 -0.16781649E+03
  0.12800000E+01  0.44754700E+03 -0.16695019E+03
  0.12900000E+01  0.45676299E+03 -0.16683664E+03
  0.13000000E+01  0.47932734E+03 -0.15870359E+03
  0.13100000E+01  0.47152186E+03 -0.15583461E+03
  0.13200000E+01  0.47720264E+03 -0.15557890E+03
  0.13300000E+01  0.48520128E+03 -0.15473144E+03
  0.13400000E+01  0.49374069E+03 -0.15349497E+03
  0.13500000E+01  0.50129960E+03 -0.14940531E+03
  0.13600000E+01  0.50786833E+03 -0.14851204E+03
  0.13700000E+01  0.51514686E+03 -0.14751874E+03
  0.13800000E+01  0.52493051E+03 -0.14713146E+03
  0.13900000E+01  0.53882208E+03 -0.14641910E+03
  0.14000000E+01  0.55860704E+03 -0.14645411E+03
  0.14100000E+01  0.59501531E+03 -0.14590365E+03
  0.14200000E+01  0.63066507E+03 -0.10412410E+03
  0.14300000E+01  0.60387593E+03 -0.72441687E+02
  0.14400000E+01  0.57117452E+03 -0.71410036E+02
  0.14500000E+01  0.56113708E+03 -0.71505320E+02
  0.14600000E+01  0.55834291E+03 -0.69788221E+02
  0.14700000E+01  0.55613831E+03 -0.65060449E+02
  0.14800000E+01  0.55065086E+03 -0.62771457E+02
  0.14900000E+01  0.54749989E+03 -0.61167956E+02
  0.15000000E+01  0.54462512E+03 -0.58644525E+02
  0.15100000E+01  0.54257699E+03 -0.56335912E+02
  0.15200000E+01  0.53994701E+03 -0.53924882E+02
  0.15300000E+01  0.53738291E+03 -0.51814571E+02
  0.15400000E+01  0.53524606E+03 -0.49841395E+02
  0.15500000E+01  0.53352221E+03 -0.47827873E+02
  0.15600000E+01  0.53163899E+03 -0.45284764E+02
  0.15700000E+01  0.52921409E+03 -0.43021117E+02
  0.15800000E+01  0.52624623E+03 -0.40876073E+02
  0.15900000E+01  0.52323894E+03 -0.39254400E+02
  0.16000000E+01  0.52102112E+03 -0.37424437E+02
  0.16100000E+01  0.51826876E+03 -0.35985206E+02
  0.16200000E+01  0.51633913E+03 -0.34711042E+02
  0.16300000E+01  0.51462961E+03 -0.33402123E+02
  0.16400000E+01  0.51318486E+03 -0.32223302E+02
  0.16500000E+01  0.51220742E+03 -0.30989846E+02
  0.16600000E+01  0.51168952E+03 -0.29483365E+02
  0.16700000E+01  0.51022591E+03 -0.28229772E+02
  0.16800000E+01  0.50951214E+03 -0.27175038E+02
  0.16900000E+01  0.50933030E+03 -0.26184565E+02
  0.17000000E+01  0.50994663E+03 -0.25150267E+02
  0.17100000E+01  0.51204114E+03 -0.23931037E+02
  0.17200000E+01  0.51254963E+03 -0.21495536E+02
  0.17300000E+01  0.51323364E+03 -0.19742729E+02
  0.17400000E+01  0.51500270E+03 -0.18539650E+02
  0.17500000E+01  0.51801437E+03 -0.17017376E+02
  0.17600000E+01  0.52221013E+03 -0.14857677E+02
  0.17700000E+01  0.53506960E+03 -0.12089440E+02
  0.17800000E+01  0.53651532E+03  0.46687758E+01
  0.17900000E+01  0.51906564E+03  0.99196824E+01
  0.18000000E+01  0.51063898E+03  0.11221533E+02
  0.18100000E+01  0.50507301E+03  0.12117960E+02
  0.18200000E+01  0.50201116E+03  0.12968932E+02
  0.18300000E+01  0.50455396E+03  0.14997786E+02
  0.18400000E+01  0.49961449E+03  0.18319703E+02
  0.18500000E+01  0.49834046E+03  0.21079762E+02
  0.18600000E+01  0.49690272E+03  0.25142317E+02
  0.18700000E+01  0.49297193E+03  0.30152126E+02
  0.18800000E+01  0.48300000E+03  0.34861216E+02
  0.18900000E+01  0.47170682E+03  0.37058797E+02
  0.19000000E+01  0.46106287E+03  0.37852457E+02
  0.19100000E+01  0.45228637E+03  0.37849847E+02
  0.19200000E+01  0.44457370E+03  0.37930700E+02
  0.19300000E+01  0.43699774E+03  0.37114796E+02
  0.19400000E+01  0.43085925E+03  0.35993936E+02
  0.19500000E+01  0.42553353E+03  0.34687020E+02
  0.19600000E+01  0.42098879E+03  0.33242315E+02
  0.19700000E+01  0.41705809E+03  0.31668925E+02
  0.19800000E+01  0.41395081E+03  0.29966128E+02
  0.19900000E+01  0.41132610E+03  0.28389981E+02
  0.20000000E+01  0.40943800E+03  0.26567850E+02
  0.20100000E+01  0.40825309E+03  0.24789836E+02
  0.20200000E+01  0.40785095E+03  0.22967504E+02
  0.20300000E+01  0.40835535E+03  0.21244611E+02
  0.20400000E+01  0.40993700E+03  0.19564378E+02
  0.20500000E+01  0.41127706E+03  0.19728814E+02
  0.20600000E+01  0.41141086E+03  0.18096892E+02
  0.20700000E+01  0.41324372E+03  0.16436303E+02
  0.20800000E+01  0.41586498E+03  0.14997040E+02
  0.20900000E+01  0.41918623E+03  0.13404372E+02
  0.21000000E+01  0.42377546E+03  0.12053901E+02
  0.21100000E+01  0.42880123E+03  0.10748340E+02
  0.21200000E+01  0.43510396E+03  0.96423551E+01
  0.21300000E+01  0.44260976E+03  0.88894406E+01
  0.21400000E+01  0.45137330E+03  0.87933596E+01
  0.21500000E+01  0.46248405E+03  0.92280936E+01
  0.21600000E+01  0.46965722E+03  0.10960750E+02
  0.21700000E+01  0.47863734E+03  0.13677016E+02
  0.21800000E+01  0.48731006E+03  0.16402934E+02
  0.21900000E+01  0.50131298E+03  0.20965199E+02
  0.22000000E+01  0.49909728E+03  0.29549847E+02
  0.22100000E+01  0.49803228E+03  0.32210777E+02
  0.22200000E+01  0.50035802E+03  0.35998980E+02
  0.22300000E+01  0.50070717E+03  0.37923852E+02
  0.22400000E+01  0.50421639E+03  0.40297843E+02
  0.22500000E+01  0.50515778E+03  0.43258591E+02
  0.22600000E+01  0.50994931E+03  0.45037801E+02
  0.22700000E+01  0.52413466E+03  0.57191936E+02
  0.22800000E+01  0.50538326E+03  0.61260673E+02
  0.22900000E+01  0.50005891E+03  0.61909982E+02
  0.23000000E+01  0.49823840E+03  0.62503636E+02
  0.23100000E+01  0.49806390E+03  0.63280959E+02
  0.23200000E+01  0.49862387E+03  0.64537319E+02
  0.23300000E+01  0.49971409E+03  0.65934828E+02
  0.23400000E+01  0.50060777E+03  0.67598440E+02
  0.23500000E+01  0.50153763E+03  0.69413154E+02
  0.23600000E+01  0.50222329E+03  0.71249320E+02
  0.23700000E+01  0.50267051E+03  0.73019696E+02
  0.23800000E+01  0.50320061E+03  0.74398826E+02
  0.23900000E+01  0.50461307E+03  0.75644600E+02
  0.24000000E+01  0.50725491E+03  0.77140579E+02
  0.24100000E+01  0.50993583E+03  0.79342033E+02
  0.24200000E+01  0.51254662E+03  0.81991711E+02
  0.24300000E+01  0.51375009E+03  0.85167554E+02
  0.24400000E+01  0.51352981E+03  0.87570467E+02
  0.24500000E+01  0.51403245E+03  0.89405668E+02
  0.24600000E+01  0.51840123E+03  0.94764921E+02
  0.24700000E+01  0.51337954E+03  0.95813040E+02
  0.24800000E+01  0.51347722E+03  0.96786080E+02
  0.24900000E+01  0.51477452E+03  0.97831054E+02
  0.25000000E+01  0.51699399E+03  0.99049340E+02
  0.25100000E+01  0.51974260E+03  0.10031944E+03
  0.25200000E+01  0.52367601E+03  0.10169479E+03
  0.25300000E+01  0.52817848E+03  0.10352731E+03
  0.25400000E+01  0.53393589E+03  0.10584639E+03
  0.25500000E+01  0.53871966E+03  0.10965777E+03
  0.25600000E+01  0.54198605E+03  0.11297744E+03
  0.25700000E+01  0.54600375E+03  0.11646862E+03
  0.25800000E+01  0.55019959E+03  0.12033462E+03
  0.25900000E+01  0.55501625E+03  0.12532253E+03
  0.26000000E+01  0.55786283E+03  0.13147910E+03
  0.26100000E+01  0.55742060E+03  0.13862160E+03
  0.26200000E+01  0.55356104E+03  0.14507789E+03
  0.26300000E+01  0.54798732E+03  0.15026808E+03
  0.26400000E+01  0.54272303E+03  0.15530718E+03
  0.26500000E+01  0.53610629E+03  0.15926272E+03
  0.26600000E+01  0.53032437E+03  0.16297196E+03
  0.26700000E+01  0.52360060E+03  0.16649000E+03
  0.26800000E+01  0.51675692E+03  0.16914742E+03
  0.26900000E+01  0.51055325E+03  0.17225533E+03
  0.27000000E+01  0.50386806E+03  0.17400965E+03
  0.27100000E+01  0.49788591E+03  0.17597991E+03
  0.27200000E+01  0.49132697E+03  0.17771300E+03
  0.27300000E+01  0.48543412E+03  0.17896065E+03
  0.27400000E+01  0.47992860E+03  0.18029748E+03
  0.27500000E+01  0.47431818E+03  0.18139843E+03
  0.27600000E+01  0.46884238E+03  0.18220250E+03
  0.27700000E+01  0.46378232E+03  0.18291756E+03
  0.27800000E+01  0.45918663E+03  0.18351544E+03
  0.27900000E+01  0.45451222E+03  0.18419353E+03
  0.28000000E+01  0.44997148E+03  0.18445246E+03
  0.28100000E+01  0.44616415E+03  0.18453451E+03
  0.28200000E+01  0.44290188E+03  0.18451942E+03
  0.28300000E+01  0.44033098E+03  0.18448522E+03
  0.28400000E+01  0.43838954E+03  0.18447599E+03
  0.28500000E+01  0.43699399E+03  0.18458006E+03
  0.28600000E+01  0.43604806E+03  0.18473752E+03
  0.28700000E+01  0.43587178E+03  0.18509868E+03
  0.28800000E+01  0.43612263E+03  0.18591418E+03
  0.28900000E+01  0.43574364E+03  0.18722211E+03
  0.29000000E+01  0.43479651E+03  0.18828950E+03
  0.29100000E+01  0.43457181E+03  0.19006364E+03
  0.29200000E+01  0.43258657E+03  0.19172437E+03
  0.29300000E+01  0.43033205E+03  0.19277501E+03
  0.29400000E+01  0.42801413E+03  0.19390215E+03
  0.29500000E+01  0.42549118E+03  0.19464528E+03
  0.29600000E+01  0.42354991E+03  0.19505005E+03
  0.29700000E+01  0.42249152E+03  0.19551681E+03
  0.29800000E+01  0.42112028E+03  0.19622452E+03
  0.29900000E+01  0.42067356E+03  0.19721192E+03
  0.30000000E+01  0.41946225E+03  0.19786489E+03
  0.30100000E+01  0.41894176E+03  0.19947640E+03
  0.30200000E+01  0.41610454E+03  0.20023212E+03
  0.30300000E+01  0.41427133E+03  0.20059493E+03
  0.30400000E+01  0.41342492E+03  0.20104161E+03
  0.30500000E+01  0.41382455E+03  0.20200719E+03
  0.30600000E+01  0.41116955E+03  0.20360663E+03
  0.30700000E+01  0.40828114E+03  0.20404426E+03
  0.30800000E+01  0.40634030E+03  0.20423618E+03
  0.30900000E+01  0.40484586E+03  0.20434085E+03
  0.31000000E+01  0.40403910E+03  0.20468446E+03
  0.31100000E+01  0.40233699E+03  0.20491591E+03
  0.31200000E+01  0.40153813E+03  0.20499206E+03
  0.31300000E+01  0.40070962E+03  0.20537716E+03
  0.31400000E+01  0.39947757E+03  0.20545735E+03
  0.31500000E+01  0.39870168E+03  0.20541892E+03
  0.31600000E+01  0.39897347E+03  0.20554836E+03
  0.31700000E+01  0.39872417E+03  0.20576990E+03
  0.31800000E+01  0.39945914E+03  0.20607103E+03
  0.31900000E+01  0.39923064E+03  0.20711447E+03
  0.32000000E+01  0.39847361E+03  0.20774541E+03
  0.32100000E+01  0.39789055E+03  0.20807010E+03
  0.32200000E+01  0.39767806E+03  0.20867892E+03
  0.32300000E+01  0.39747941E+03  0.20877118E+03
  0.32400000E+01  0.39836980E+03  0.20900872E+03
  0.32500000E+01  0.39977426E+03  0.20940162E+03
  0.32600000E+01  0.40256058E+03  0.21091168E+03
  0.32700000E+01  0.40245849E+03  0.21409317E+03
  0.32800000E+01  0.39923333E+03  0.21510358E+03
  0.32900000E+01  0.39799311E+03  0.21546770E+03
  0.33000000E+01  0.39790765E+03  0.21592832E+03
  0.33100000E+01  0.39876283E+03  0.21645638E+03
  0.33200000E+01  0.40129298E+03  0.21766331E+03
  0.33300000E+01  0.40235984E+03  0.22178802E+03
  0.33400000E+01  0.39723444E+03  0.22386128E+03
  0.33500000E+01  0.39387094E+03  0.22548558E+03
  0.33600000E+01  0.38905176E+03  0.22609601E+03
  0.33700000E+01  0.38570928E+03  0.22598225E+03
  0.33800000E+01  0.38328096E+03  0.22570325E+03
  0.33900000E+01  0.38167004E+03  0.22528407E+03
  0.34000000E+01  0.38078073E+03  0.22486065E+03
  0.34100000E+01  0.38055508E+03  0.22453493E+03
  0.34200000E+01  0.38115211E+03  0.22411582E+03
  0.34300000E+01  0.38326696E+03  0.22434638E+03
  0.34400000E+01  0.38349384E+03  0.22610021E+03
  0.34500000E+01  0.38288590E+03  0.22614430E+03
  0.34600000E+01  0.38325778E+03  0.22628332E+03
  0.34700000E+01  0.38505680E+03  0.22627357E+03
  0.34800000E+01  0.38745605E+03  0.22733281E+03
  0.34900000E+01  0.38859056E+03  0.22847127E+03
  0.35000000E+01  0.39050811E+03  0.22955338E+03
  0.35100000E+01  0.39123045E+03  0.23195595E+03
  0.35200000E+01  0.39067251E+03  0.23306880E+03
  0.35300000E+01  0.39140072E+03  0.23438794E+03
  0.35400000E+01  0.39121351E+03  0.23660854E+03
  0.35500000E+01  0.38911793E+03  0.23762432E+03
  0.35600000E+01  0.38845069E+03  0.23819744E+03
  0.35700000E+01  0.38856640E+03  0.23878318E+03
  0.35800000E+01  0.38933172E+03  0.23952229E+03
  0.35900000E+01  0.39046003E+03  0.24031441E+03
  0.36000000E+01  0.39193703E+03  0.24258872E+03
  0.36100000E+01  0.39430046E+03  0.24538612E+03
  0.36200000E+01  0.39198223E+03  0.24684837E+03
  0.36300000E+01  0.39145890E+03  0.24844826E+03
  0.36400000E+01  0.39014265E+03  0.25053259E+03
  0.36500000E+01  0.38802489E+03  0.25212625E+03
  0.36600000E+01  0.38605804E+03  0.25346627E+03
  0.36700000E+01  0.38440347E+03  0.25490476E+03
  0.36800000E+01  0.38240521E+03  0.25596854E+03
  0.36900000E+01  0.38103767E+03  0.25690338E+03
  0.37000000E+01  0.37925777E+03  0.25811998E+03
  0.37100000E+01  0.37768424E+03  0.25911140E+03
  0.37200000E+01  0.37660004E+03  0.25993505E+03
  0.37300000E+01  0.37599055E+03  0.26101470E+03
  0.37400000E+01  0.37473309E+03  0.26246171E+03
  0.37500000E+01  0.37288263E+03  0.26376953E+03
  0.37600000E+01  0.37089044E+03  0.26485067E+03
  0.37700000E+01  0.36988565E+03  0.26598166E+03
  0.37800000E+01  0.36707473E+03  0.26733400E+03
  0.37900000E+01  0.36463200E+03  0.26835924E+03
  0.38000000E+01  0.36249219E+03  0.26906736E+03
  0.38100000E+01  0.36051309E+03  0.26970351E+03
  0.38200000E+01  0.35893837E+03  0.27032257E+03
  0.38300000E+01  0.35696054E+03  0.27123195E+03
  0.38400000E+01  0.35495369E+03  0.27213447E+03
  0.38500000E+01  0.35291841E+03  0.27284436E+03
  0.38600000E+01  0.35049945E+03  0.27346584E+03
  0.38700000E+01  0.34872919E+03  0.27384905E+03
  0.38800000E+01  0.34677864E+03  0.27412481E+03
  0.38900000E+01  0.34621039E+03  0.27421951E+03
  0.39000000E+01  0.34806139E+03  0.27485070E+03
  0.39100000E+01  0.34673227E+03  0.27900896E+03
  0.39200000E+01  0.34159602E+03  0.27975339E+03
  0.39300000E+01  0.33894678E+03  0.28017965E+03
  0.39400000E+01  0.33663995E+03  0.28096197E+03
  0.39500000E+01  0.33356234E+03  0.28172112E+03
  0.39600000E+01  0.33055241E+03  0.28191831E+03
  0.39700000E+01  0.32777904E+03  0.28213867E+03
  0.39800000E+01  0.32540369E+03  0.28207347E+03
  0.39900000E+01  0.32339772E+03  0.28211012E+03
  0.40000000E+01  0.32175580E+03  0.28184799E+03
  0.40100000E+01  0.32052508E+03  0.28168739E+03
  0.40200000E+01  0.31975818E+03  0.28160756E+03
  0.40300000E+01  0.31920610E+03  0.28183760E+03
  0.40400000E+01  0.31841407E+03  0.28188535E+03
  0.40500000E+01  0.31819268E+03  0.28198406E+03
  0.40600000E+01  0.31864030E+03  0.28210405E+03
  0.40700000E+01  0.31931129E+03  0.28265809E+03
  0.40800000E+01  0.32057847E+03  0.28334432E+03
  0.40900000E+01  0.32298660E+03  0.28459597E+03
  0.41000000E+01  0.32463914E+03  0.28780632E+03
  0.41100000E+01  0.31982418E+03  0.29076178E+03
  0.41200000E+01  0.31494652E+03  0.29172692E+03
  0.41300000E+01  0.31151210E+03  0.29211426E+03
  0.41400000E+01  0.30894100E+03  0.29235632E+03
  0.41500000E+01  0.30707260E+03  0.29250864E+03
  0.41600000E+01  0.30586173E+03  0.29270028E+03
  0.41700000E+01  0.30508633E+03  0.29302886E+03
  0.41800000E+01  0.30460394E+03  0.29350698E+03
  0.41900000E+01  0.30433996E+03  0.29429309E+03
  0.42000000E+01  0.30418553E+03  0.29558365E+03
  0.42100000E+01  0.30203936E+03  0.29752262E+03
  0.42200000E+01  0.29867352E+03  0.29856322E+03
  0.42300000E+01  0.29558042E+03  0.29920013E+03
  0.42400000E+01  0.29283001E+03  0.29967312E+03
  0.42500000E+01  0.29037171E+03  0.30017249E+03
  0.42600000E+01  0.28764412E+03  0.30053343E+03
  0.42700000E+01  0.28535690E+03  0.30067784E+03
  0.42800000E+01  0.28354266E+03  0.30074634E+03
  0.42900000E+01  0.28249700E+03  0.30084590E+03
  0.43000000E+01  0.28089316E+03  0.30145211E+03
  0.43100000E+01  0.27999337E+03  0.30163149E+03
  0.43200000E+01  0.27903230E+03  0.30207216E+03
  0.43300000E+01  0.27866218E+03  0.30244199E+03
  0.43400000E+01  0.27895209E+03  0.30313386E+03
  0.43500000E+01  0.27951384E+03  0.30435539E+03
  0.43600000E+01  0.27982715E+03  0.30711437E+03
  0.43700000E+01  0.27544351E+03  0.30911737E+03
  0.43800000E+01  0.27167986E+03  0.31018340E+03
  0.43900000E+01  0.26865421E+03  0.31095505E+03
  0.44000000E+01  0.26564261E+03  0.31200453E+03
  0.44100000E+01  0.26262048E+03  0.31271004E+03
  0.44200000E+01  0.26001645E+03  0.31352862E+03
  0.44300000E+01  0.25741930E+03  0.31459221E+03
  0.44400000E+01  0.25402103E+03  0.31597353E+03
  0.44500000E+01  0.24971892E+03  0.31717824E+03
  0.44600000E+01  0.24488788E+03  0.31781975E+03
  0.44700000E+01  0.24014545E+03  0.31815220E+03
  0.44800000E+01  0.23558524E+03  0.31850531E+03
  0.44900000E+01  0.23103094E+03  0.31840824E+03
  0.45000000E+01  0.22681993E+03  0.31827896E+03
  0.45100000E+01  0.22267270E+03  0.31804334E+03
  0.45200000E+01  0.21879188E+03  0.31770607E+03
  0.45300000E+01  0.21511212E+03  0.31728120E+03
  0.45400000E+01  0.21163944E+03  0.31681381E+03
  0.45500000E+01  0.20834042E+03  0.31628809E+03
  0.45600000E+01  0.20523602E+03  0.31572441E+03
  0.45700000E+01  0.20230415E+03  0.31514091E+03
  0.45800000E+01  0.19954064E+03  0.31453112E+03
  0.45900000E+01  0.19697307E+03  0.31392654E+03
  0.46000000E+01  0.19453498E+03  0.31331998E+03
  0.46100000E+01  0.19228317E+03  0.31273747E+03
  0.46200000E+01  0.19012218E+03  0.31228633E+03
  0.46300000E+01  0.18794671E+03  0.31177456E+03
  0.46400000E+01  0.18574521E+03  0.31136519E+03
  0.46500000E+01  0.18356290E+03  0.31097588E+03
  0.46600000E+01  0.18119764E+03  0.31052801E+03
  0.46700000E+01  0.17891473E+03  0.31004984E+03
  0.46800000E+01  0.17672706E+03  0.30951784E+03
  0.46900000E+01  0.17464898E+03  0.30901408E+03
  0.47000000E+01  0.17255828E+03  0.30846792E+03
  0.47100000E+01  0.17067819E+03  0.30791048E+03
  0.47200000E+01  0.16902265E+03  0.30738614E+03
  0.47300000E+01  0.16748872E+03  0.30694027E+03
  0.47400000E+01  0.16617673E+03  0.30657926E+03
  0.47500000E+01  0.16508906E+03  0.30651234E+03
  0.47600000E+01  0.16311211E+03  0.30676775E+03
  0.47700000E+01  0.16048200E+03  0.30673913E+03
  0.47800000E+01  0.15806345E+03  0.30652027E+03
  0.47900000E+01  0.15576947E+03  0.30647002E+03
  0.48000000E+01  0.15273087E+03  0.30633825E+03
  0.48100000E+01  0.14959842E+03  0.30591076E+03
  0.48200000E+01  0.14673051E+03  0.30530995E+03
  0.48300000E+01  0.14416321E+03  0.30463609E+03
  0.48400000E+01  0.14186275E+03  0.30414327E+03
  0.48500000E+01  0.13917660E+03  0.30343259E+03
  0.48600000E+01  0.13675170E+03  0.30268858E+03
  0.48700000E+01  0.13439322E+03  0.30191247E+03
  0.48800000E+01  0.13213302E+03  0.30109684E+03
  0.48900000E+01  0.12998637E+03  0.30027105E+03
  0.49000000E+01  0.12791143E+03  0.29942108E+03
  0.49100000E+01  0.12592954E+03  0.29856223E+03
  0.49200000E+01  0.12401972E+03  0.29770071E+03
  0.49300000E+01  0.12217094E+03  0.29682893E+03
  0.49400000E+01  0.12039771E+03  0.29595101E+03
  0.49500000E+01  0.11869612E+03  0.29507184E+03
  0.49600000E+01  0.11707828E+03  0.29419278E+03
  0.49700000E+01  0.11554779E+03  0.29332264E+03
  0.49800000E+01  0.11412081E+03  0.29247303E+03
  0.49900000E+01  0.11279892E+03  0.29170412E+03
  0.50000000E+01  0.11114817E+03  0.29097590E+03
  0.50100000E+01  0.10955609E+03  0.29014464E+03
  0.50200000E+01  0.10801484E+03  0.28930459E+03
  0.50300000E+01  0.10653577E+03  0.28843179E+03
  0.50400000E+01  0.10505045E+03  0.28755121E+03
  0.50500000E+01  0.10365786E+03  0.28662814E+03
  0.50600000E+01  0.10234703E+03  0.28569458E+03
  0.50700000E+01  0.10110796E+03  0.28475370E+03
  0.50800000E+01  0.99942919E+02  0.28380683E+03
  0.50900000E+01  0.98854317E+02  0.28285694E+03
  0.51000000E+01  0.97845441E+02  0.28190473E+03
  0.51100000E+01  0.96924427E+02  0.28095350E+03
  0.51200000E+01  0.96101091E+02  0.28000568E+03
  0.51300000E+01  0.95402820E+02  0.27906628E+03
  0.51400000E+01  0.94889389E+02  0.27816006E+03
  0.51500000E+01  0.94455875E+02  0.27740969E+03
  0.51600000E+01  0.94123710E+02  0.27682196E+03
  0.51700000E+01  0.93067832E+02  0.27616668E+03
  0.51800000E+01  0.92178773E+02  0.27543609E+03
  0.51900000E+01  0.91416768E+02  0.27467880E+03
  0.52000000E+01  0.90578203E+02  0.27384196E+03
  0.52100000E+01  0.89944635E+02  0.27294943E+03
  0.52200000E+01  0.89426432E+02  0.27206914E+03
  0.52300000E+01  0.88982947E+02  0.27122938E+03
  0.52400000E+01  0.88606674E+02  0.27037559E+03
  0.52500000E+01  0.88353816E+02  0.26953819E+03
  0.52600000E+01  0.88092445E+02  0.26873462E+03
  0.52700000E+01  0.87950322E+02  0.26792261E+03
  0.52800000E+01  0.87895157E+02  0.26713514E+03
  0.52900000E+01  0.87919246E+02  0.26637722E+03
  0.53000000E+01  0.88023460E+02  0.26565079E+03
  0.53100000E+01  0.88209815E+02  0.26496282E+03
  0.53200000E+01  0.88484594E+02  0.26432421E+03
  0.53300000E+01  0.88858000E+02  0.26376084E+03
  0.53400000E+01  0.89201095E+02  0.26329248E+03
  0.53500000E+01  0.89621435E+02  0.26289225E+03
  0.53600000E+01  0.89872683E+02  0.26267802E+03
  0.53700000E+01  0.89909539E+02  0.26238536E+03
  0.53800000E+01  0.90018959E+02  0.26211440E+03
  0.53900000E+01  0.90167082E+02  0.26204651E+03
  0.54000000E+01  0.90037744E+02  0.26190730E+03
  0.54100000E+01  0.89693189E+02  0.26189996E+03
  0.54200000E+01  0.89149943E+02  0.26180808E+03
  0.54300000E+01  0.88463206E+02  0.26176074E+03
  0.54400000E+01  0.87514450E+02  0.26160106E+03
  0.54500000E+01  0.86625679E+02  0.26135193E+03
  0.54600000E+01  0.85742490E+02  0.26108703E+03
  0.54700000E+01  0.84781387E+02  0.26079520E+03
  0.54800000E+01  0.83795419E+02  0.26046396E+03
  0.54900000E+01  0.82710050E+02  0.26005899E+03
  0.55000000E+01  0.81727905E+02  0.25957767E+03
  0.55100000E+01  0.80817775E+02  0.25905847E+03
  0.55200000E+01  0.79983743E+02  0.25851300E+03
  0.55300000E+01  0.79226725E+02  0.25795132E+03
  0.55400000E+01  0.78539194E+02  0.25738263E+03
  0.55500000E+01  0.77917730E+02  0.25681511E+03
  0.55600000E+01  0.77363425E+02  0.25624297E+03
  0.55700000E+01  0.76868451E+02  0.25568066E+03
  0.55800000E+01  0.76423507E+02  0.25513108E+03
  0.55900000E+01  0.76019589E+02  0.25463401E+03
  0.56000000E+01  0.75634600E+02  0.25414374E+03
  0.56100000E+01  0.75234592E+02  0.25368113E+03
  0.56200000E+01  0.74759925E+02  0.25322733E+03
  0.56300000E+01  0.74274713E+02  0.25272458E+03
  0.56400000E+01  0.73847423E+02  0.25220387E+03
  0.56500000E+01  0.73467826E+02  0.25169461E+03
  0.56600000E+01  0.73079098E+02  0.25117692E+03
  0.56700000E+01  0.72735134E+02  0.25064101E+03
  0.56800000E+01  0.72463126E+02  0.25010492E+03
  0.56900000E+01  0.72240016E+02  0.24958572E+03
  0.57000000E+01  0.72068584E+02  0.24905511E+03
  0.57100000E+01  0.72022281E+02  0.24853863E+03
  0.57200000E+01  0.72224030E+02  0.24814017E+03
  0.57300000E+01  0.71720497E+02  0.24786351E+03
  0.57400000E+01  0.71455870E+02  0.24736480E+03
  0.57500000E+01  0.71266021E+02  0.24690107E+03
  0.57600000E+01  0.71099053E+02  0.24639506E+03
  0.57700000E+01  0.71036434E+02  0.24588502E+03
  0.57800000E+01  0.71071099E+02  0.24539183E+03
  0.57900000E+01  0.71218744E+02  0.24498550E+03
  0.58000000E+01  0.71132140E+02  0.24453072E+03
  0.58100000E+01  0.71190557E+02  0.24405113E+03
  0.58200000E+01  0.71361471E+02  0.24357617E+03
  0.58300000E+01  0.71693385E+02  0.24313887E+03
  0.58400000E+01  0.71914133E+02  0.24276239E+03
  0.58500000E+01  0.72256695E+02  0.24235495E+03
  0.58600000E+01  0.72683217E+02  0.24198778E+03
  0.58700000E+01  0.73179915E+02  0.24167819E+03
  0.58800000E+01  0.73662144E+02  0.24139440E+03
  0.58900000E+01  0.74239864E+02  0.24115996E+03
  0.59000000E+01  0.74903814E+02  0.24099490E+03
  0.59100000E+01  0.75648963E+02  0.24092973E+03
  0.59200000E+01  0.76376979E+02  0.24099502E+03
  0.59300000E+01  0.76868763E+02  0.24123995E+03
  0.59400000E+01  0.76927211E+02  0.24152920E+03
  0.59500000E+01  0.76698564E+02  0.24170775E+03
  0.59600000E+01  0.76425681E+02  0.24179596E+03
  0.59700000E+01  0.76219832E+02  0.24184751E+03
  0.59800000E+01  0.76080584E+02  0.24189302E+03
  0.59900000E+01  0.76003477E+02  0.24195188E+03
  0.60000000E+01  0.76082839E+02  0.24207147E+03
  0.60100000E+01  0.75960281E+02  0.24237525E+03
  0.60200000E+01  0.75439854E+02  0.24256492E+03
  0.60300000E+01  0.75092651E+02  0.24268994E+03
  0.60400000E+01  0.75025405E+02  0.24285165E+03
  0.60500000E+01  0.75489793E+02  0.24376853E+03
  0.60600000E+01  0.73469668E+02  0.24424047E+03
  0.60700000E+01  0.72340789E+02  0.24444566E+03
  0.60800000E+01  0.71523382E+02  0.24480768E+03
  0.60900000E+01  0.69454000E+02  0.24517748E+03
  0.61000000E+01  0.67624001E+02  0.24518906E+03
  0.61100000E+01  0.65903553E+02  0.24512788E+03
  0.61200000E+01  0.64226905E+02  0.24500552E+03
  0.61300000E+01  0.62578223E+02  0.24481443E+03
  0.61400000E+01  0.60971515E+02  0.24456504E+03
  0.61500000E+01  0.59418657E+02  0.24427119E+03
  0.61600000E+01  0.57923206E+02  0.24394213E+03
  0.61700000E+01  0.56485693E+02  0.24358288E+03
  0.61800000E+01  0.55106666E+02  0.24319833E+03
  0.61900000E+01  0.53786123E+02  0.24279319E+03
  0.62000000E+01  0.52520049E+02  0.24237213E+03
  0.62100000E+01  0.51303660E+02  0.24194012E+03
  0.62200000E+01  0.50123777E+02  0.24149481E+03
  0.62300000E+01  0.48984196E+02  0.24107106E+03
  0.62400000E+01  0.47851623E+02  0.24059099E+03
  0.62500000E+01  0.46774489E+02  0.24010094E+03
  0.62600000E+01  0.45748967E+02  0.23959908E+03
  0.62700000E+01  0.44774200E+02  0.23908804E+03
  0.62800000E+01  0.43847456E+02  0.23856993E+03
  0.62900000E+01  0.42966436E+02  0.23804651E+03
  0.63000000E+01  0.42129087E+02  0.23751902E+03
  0.63100000E+01  0.41333388E+02  0.23698878E+03
  0.63200000E+01  0.40577319E+02  0.23645686E+03
  0.63300000E+01  0.39858841E+02  0.23592422E+03
  0.63400000E+01  0.39175874E+02  0.23539175E+03
  0.63500000E+01  0.38526418E+02  0.23486020E+03
  0.63600000E+01  0.37911054E+02  0.23432857E+03
  0.63700000E+01  0.37322719E+02  0.23380563E+03
  0.63800000E+01  0.36763430E+02  0.23328443E+03
  0.63900000E+01  0.36222666E+02  0.23276594E+03
  0.64000000E+01  0.35708787E+02  0.23224984E+03
  0.64100000E+01  0.35220425E+02  0.23173854E+03
  0.64200000E+01  0.34755006E+02  0.23123310E+03
  0.64300000E+01  0.34311320E+02  0.23073449E+03
  0.64400000E+01  0.33888348E+02  0.23024382E+03
  0.64500000E+01  0.33484985E+02  0.22976237E+03
  0.64600000E+01  0.33099912E+02  0.22929168E+03
  0.64700000E+01  0.32731433E+02  0.22883373E+03
  0.64800000E+01  0.32377647E+02  0.22839124E+03
  0.64900000E+01  0.32047975E+02  0.22797201E+03
  0.65000000E+01  0.31681666E+02  0.22758687E+03
  0.65100000E+01  0.31328287E+02  0.22722086E+03
  0.65200000E+01  0.30774387E+02  0.22688435E+03
  0.65300000E+01  0.30228847E+02  0.22648812E+03
  0.65400000E+01  0.29715358E+02  0.22607458E+03
  0.65500000E+01  0.29276398E+02  0.22568409E+03
  0.65600000E+01  0.28728236E+02  0.22530285E+03
  0.65700000E+01  0.28136864E+02  0.22492310E+03
  0.65800000E+01  0.27558566E+02  0.22450187E+03
  0.65900000E+01  0.26968845E+02  0.22410774E+03
  0.66000000E+01  0.26348390E+02  0.22366792E+03
  0.66100000E+01  0.25753685E+02  0.22321454E+03
  0.66200000E+01  0.25173697E+02  0.22275225E+03
  0.66300000E+01  0.24610134E+02  0.22228338E+03
  0.66400000E+01  0.24063027E+02  0.22180962E+03
  0.66500000E+01  0.23531611E+02  0.22133219E+03
  0.66600000E+01  0.23015173E+02  0.22085201E+03
  0.66700000E+01  0.22513171E+02  0.22036980E+03
  0.66800000E+01  0.22025129E+02  0.21988614E+03
  0.66900000E+01  0.21550525E+02  0.21940151E+03
  0.67000000E+01  0.21088767E+02  0.21891628E+03
  0.67100000E+01  0.20641309E+02  0.21843133E+03
  0.67200000E+01  0.20201315E+02  0.21794578E+03
  0.67300000E+01  0.19774590E+02  0.21746037E+03
  0.67400000E+01  0.19358656E+02  0.21697532E+03
  0.67500000E+01  0.18953116E+02  0.21649075E+03
  0.67600000E+01  0.18557540E+02  0.21600684E+03
  0.67700000E+01  0.18171490E+02  0.21552370E+03
  0.67800000E+01  0.17794549E+02  0.21504145E+03
  0.67900000E+01  0.17426326E+02  0.21456018E+03
  0.68000000E+01  0.17066455E+02  0.21407998E+03
  0.68100000E+01  0.16714595E+02  0.21360092E+03
  0.68200000E+01  0.16370425E+02  0.21312307E+03
  0.68300000E+01  0.16033647E+02  0.21264647E+03
  0.68400000E+01  0.15703982E+02  0.21217119E+03
  0.68500000E+01  0.15381172E+02  0.21169726E+03
  0.68600000E+01  0.15064976E+02  0.21122471E+03
  0.68700000E+01  0.14755171E+02  0.21075359E+03
  0.68800000E+01  0.14451548E+02  0.21028392E+03
  0.68900000E+01  0.14153914E+02  0.20981573E+03
  0.69000000E+01  0.13862089E+02  0.20934905E+03
  0.69100000E+01  0.13575904E+02  0.20888388E+03
  0.69200000E+01  0.13295203E+02  0.20842026E+03
  0.69300000E+01  0.13019838E+02  0.20795819E+03
  0.69400000E+01  0.12749671E+02  0.20749769E+03
  0.69500000E+01  0.12484574E+02  0.20703878E+03
  0.69600000E+01  0.12224422E+02  0.20658146E+03
  0.69700000E+01  0.11969100E+02  0.20612574E+03
  0.69800000E+01  0.11718496E+02  0.20567165E+03
  0.69900000E+01  0.11472503E+02  0.20521917E+03
  0.70000000E+01  0.11231020E+02  0.20476832E+03
  0.70100000E+01  0.10993953E+02  0.20431911E+03
  0.70200000E+01  0.10761214E+02  0.20387153E+03
  0.70300000E+01  0.10532720E+02  0.20342560E+03
  0.70400000E+01  0.10308388E+02  0.20298131E+03
  0.70500000E+01  0.10088136E+02  0.20253867E+03
  0.70600000E+01  0.98718842E+01  0.20209768E+03
  0.70700000E+01  0.96595518E+01  0.20165832E+03
  0.70800000E+01  0.94510641E+01  0.20122078E+03
  0.70900000E+01  0.92463519E+01  0.20078472E+03
  0.71000000E+01  0.90453517E+01  0.20035035E+03
  0.71100000E+01  0.88480041E+01  0.19991764E+03
  0.71200000E+01  0.86542512E+01  0.19948658E+03
  0.71300000E+01  0.84640353E+01  0.19905718E+03
  0.71400000E+01  0.82772987E+01  0.19862943E+03
  0.71500000E+01  0.80939841E+01  0.19820334E+03
  0.71600000E+01  0.79140353E+01  0.19777890E+03
  0.71700000E+01  0.77373979E+01  0.19735611E+03
  0.71800000E+01  0.75640185E+01  0.19693497E+03
  0.71900000E+01  0.73938457E+01  0.19651549E+03
  0.72000000E+01  0.72268287E+01  0.19609765E+03
  0.72100000E+01  0.70629185E+01  0.19568146E+03
  0.72200000E+01  0.69020666E+01  0.19526692E+03
  0.72300000E+01  0.67442260E+01  0.19485402E+03
  0.72400000E+01  0.65893505E+01  0.19444276E+03
  0.72500000E+01  0.64373947E+01  0.19403314E+03
  0.72600000E+01  0.62883143E+01  0.19362515E+03
  0.72700000E+01  0.61420656E+01  0.19321880E+03
  0.72800000E+01  0.59986060E+01  0.19281407E+03
  0.72900000E+01  0.58578933E+01  0.19241097E+03
  0.73000000E+01  0.57198864E+01  0.19200950E+03
  0.73100000E+01  0.55845445E+01  0.19160964E+03
  0.73200000E+01  0.54518276E+01  0.19121140E+03
  0.73300000E+01  0.53216965E+01  0.19081477E+03
  0.73400000E+01  0.51941123E+01  0.19041975E+03
  0.73500000E+01  0.50690369E+01  0.19002633E+03
  0.73600000E+01  0.49464324E+01  0.18963451E+03
  0.73700000E+01  0.48262619E+01  0.18924429E+03
  0.73800000E+01  0.47084884E+01  0.18885566E+03
  0.73900000E+01  0.45930760E+01  0.18846861E+03
  0.74000000E+01  0.44799886E+01  0.18808315E+03
  0.74100000E+01  0.43691912E+01  0.18769926E+03
  0.74200000E+01  0.42606486E+01  0.18731695E+03
  0.74300000E+01  0.41543265E+01  0.18693621E+03
  0.74400000E+01  0.40501906E+01  0.18655703E+03
  0.74500000E+01  0.39482072E+01  0.18617941E+03
  0.74600000E+01  0.38483430E+01  0.18580333E+03
  0.74700000E+01  0.37505649E+01  0.18542881E+03
  0.74800000E+01  0.36548403E+01  0.18505583E+03
  0.74900000E+01  0.35611367E+01  0.18468439E+03
  0.75000000E+01  0.34694222E+01  0.18431447E+03
  0.75100000E+01  0.33796651E+01  0.18394609E+03
  0.75200000E+01  0.32918340E+01  0.18357922E+03
  0.75300000E+01  0.32058979E+01  0.18321387E+03
  0.75400000E+01  0.31218261E+01  0.18285002E+03
  0.75500000E+01  0.30395880E+01  0.18248768E+03
  0.75600000E+01  0.29591536E+01  0.18212684E+03
  0.75700000E+01  0.28804930E+01  0.18176748E+03
  0.75800000E+01  0.28035767E+01  0.18140961E+03
  0.75900000E+01  0.27283753E+01  0.18105322E+03
  0.76000000E+01  0.26548601E+01  0.18069830E+03
  0.76100000E+01  0.25830022E+01  0.18034485E+03
  0.76200000E+01  0.25127732E+01  0.17999286E+03
  0.76300000E+01  0.24441452E+01  0.17964232E+03
  0.76400000E+01  0.23770902E+01  0.17929323E+03
  0.76500000E+01  0.23115808E+01  0.17894558E+03
  0.76600000E+01  0.22475896E+01  0.17859937E+03
  0.76700000E+01  0.21850897E+01  0.17825458E+03
  0.76800000E+01  0.21240545E+01  0.17791122E+03
  0.76900000E+01  0.20644575E+01  0.17756927E+03
  0.77000000E+01  0.20062726E+01  0.17722873E+03
  0.77100000E+01  0.19494740E+01  0.17688959E+03
  0.77200000E+01  0.18940362E+01  0.17655185E+03
  0.77300000E+01  0.18399338E+01  0.17621549E+03
  0.77400000E+01  0.17871418E+01  0.17588052E+03
  0.77500000E+01  0.17356357E+01  0.17554692E+03
  0.77600000E+01  0.16853909E+01  0.17521470E+03
  0.77700000E+01  0.16363833E+01  0.17488383E+03
  0.77800000E+01  0.15885891E+01  0.17455432E+03
  0.77900000E+01  0.15419847E+01  0.17422616E+03
  0.78000000E+01  0.14965469E+01  0.17389934E+03
  0.78100000E+01  0.14522525E+01  0.17357386E+03
  0.78200000E+01  0.14090791E+01  0.17324971E+03
  0.78300000E+01  0.13670040E+01  0.17292688E+03
  0.78400000E+01  0.13260052E+01  0.17260536E+03
  0.78500000E+01  0.12860608E+01  0.17228515E+03
  0.78600000E+01  0.12471492E+01  0.17196624E+03
  0.78700000E+01  0.12092492E+01  0.17164863E+03
  0.78800000E+01  0.11723398E+01  0.17133231E+03
  0.78900000E+01  0.11364003E+01  0.17101726E+03
  0.79000000E+01  0.11014102E+01  0.17070349E+03
  0.79100000E+01  0.10673494E+01  0.17039099E+03
  0.79200000E+01  0.10341980E+01  0.17007976E+03
  0.79300000E+01  0.10019366E+01  0.16976977E+03
  0.79400000E+01  0.97054566E+00  0.16946103E+03
  0.79500000E+01  0.94000635E+00  0.16915354E+03
  0.79600000E+01  0.91029988E+00  0.16884728E+03
  0.79700000E+01  0.88140783E+00  0.16854224E+03
  0.79800000E+01  0.85331203E+00  0.16823843E+03
  0.79900000E+01  0.82599461E+00  0.16793583E+03
  0.80000000E+01  0.79943795E+00  0.16763444E+03
  0.80100000E+01  0.77362473E+00  0.16733425E+03
  0.80200000E+01  0.74853790E+00  0.16703526E+03
  0.80300000E+01  0.72416069E+00  0.16673745E+03
  0.80400000E+01  0.70047661E+00  0.16644083E+03
  0.80500000E+01  0.67746941E+00  0.16614538E+03
  0.80600000E+01  0.65512316E+00  0.16585110E+03
  0.80700000E+01  0.63342215E+00  0.16555798E+03
  0.80800000E+01  0.61235098E+00  0.16526601E+03
  0.80900000E+01  0.59189449E+00  0.16497520E+03
  0.81000000E+01  0.57203779E+00  0.16468553E+03
  0.81100000E+01  0.55276627E+00  0.16439699E+03
  0.81200000E+01  0.53406555E+00  0.16410958E+03
  0.81300000E+01  0.51592154E+00  0.16382330E+03
  0.81400000E+01  0.49832039E+00  0.16353814E+03
  0.81500000E+01  0.48124852E+00  0.16325408E+03
  0.81600000E+01  0.46469257E+00  0.16297113E+03
  0.81700000E+01  0.44863948E+00  0.16268928E+03
  0.81800000E+01  0.43307639E+00  0.16240853E+03
  0.81900000E+01  0.41799072E+00  0.16212886E+03
  0.82000000E+01  0.40337013E+00  0.16185026E+03
  0.82100000E+01  0.38920250E+00  0.16157275E+03
  0.82200000E+01  0.37547598E+00  0.16129630E+03
  0.82300000E+01  0.36217894E+00  0.16102091E+03
  0.82400000E+01  0.34929998E+00  0.16074658E+03
  0.82500000E+01  0.33682794E+00  0.16047330E+03
  0.82600000E+01  0.32475190E+00  0.16020106E+03
  0.82700000E+01  0.31306115E+00  0.15992986E+03
  0.82800000E+01  0.30174521E+00  0.15965969E+03
  0.82900000E+01  0.29079382E+00  0.15939055E+03
  0.83000000E+01  0.28019694E+00  0.15912243E+03
  0.83100000E+01  0.26994475E+00  0.15885532E+03
  0.83200000E+01  0.26002765E+00  0.15858923E+03
  0.83300000E+01  0.25043624E+00  0.15832413E+03
  0.83400000E+01  0.24116132E+00  0.15806004E+03
  0.83500000E+01  0.23219391E+00  0.15779693E+03
  0.83600000E+01  0.22352523E+00  0.15753481E+03
  0.83700000E+01  0.21514670E+00  0.15727368E+03
  0.83800000E+01  0.20704994E+00  0.15701351E+03
  0.83900000E+01  0.19922674E+00  0.15675432E+03
  0.84000000E+01  0.19166912E+00  0.15649609E+03
  0.84100000E+01  0.18436926E+00  0.15623882E+03
  0.84200000E+01  0.17731953E+00  0.15598250E+03
  0.84300000E+01  0.17051249E+00  0.15572713E+03
  0.84400000E+01  0.16394087E+00  0.15547271E+03
  0.84500000E+01  0.15759759E+00  0.15521922E+03
  0.84600000E+01  0.15147572E+00  0.15496666E+03
  0.84700000E+01  0.14556854E+00  0.15471503E+03
  0.84800000E+01  0.13986946E+00  0.15446432E+03
  0.84900000E+01  0.13437207E+00  0.15421452E+03
  0.85000000E+01  0.12907012E+00  0.15396564E+03
  0.85100000E+01  0.12395753E+00  0.15371766E+03
  0.85200000E+01  0.11902836E+00  0.15347058E+03
  0.85300000E+01  0.11427683E+00  0.15322440E+03
  0.85400000E+01  0.10969732E+00  0.15297911E+03
  0.85500000E+01  0.10528435E+00  0.15273471E+03
  0.85600000E+01  0.10103257E+00  0.15249118E+03
  0.85700000E+01  0.96936806E-01  0.15224853E+03
  0.85800000E+01  0.92991996E-01  0.15200676E+03
  0.85900000E+01  0.89193225E-01  0.15176584E+03
  0.86000000E+01  0.85535714E-01  0.15152579E+03
  0.86100000E+01  0.82014811E-01  0.15128660E+03
  0.86200000E+01  0.78625996E-01  0.15104826E+03
  0.86300000E+01  0.75364874E-01  0.15081076E+03
  0.86400000E+01  0.72227172E-01  0.15057411E+03
  0.86500000E+01  0.69208740E-01  0.15033829E+03
  0.86600000E+01  0.66305545E-01  0.15010330E+03
  0.86700000E+01  0.63513671E-01  0.14986915E+03
  0.86800000E+01  0.60829315E-01  0.14963582E+03
  0.86900000E+01  0.58248782E-01  0.14940330E+03
  0.87000000E+01  0.55768490E-01  0.14917160E+03
  0.87100000E+01  0.53384958E-01  0.14894071E+03
  0.87200000E+01  0.51094811E-01  0.14871063E+03
  0.87300000E+01  0.48894774E-01  0.14848135E+03
  0.87400000E+01  0.46781671E-01  0.14825286E+03
  0.87500000E+01  0.44752423E-01  0.14802517E+03
  0.87600000E+01  0.42804044E-01  0.14779826E+03
  0.87700000E+01  0.40933638E-01  0.14757214E+03
  0.87800000E+01  0.39138402E-01  0.14734680E+03
  0.87900000E+01  0.37415618E-01  0.14712223E+03
  0.88000000E+01  0.35762653E-01  0.14689843E+03
  0.88100000E+01  0.34176959E-01  0.14667540E+03
  0.88200000E+01  0.32656065E-01  0.14645313E+03
  0.88300000E+01  0.31197584E-01  0.14623162E+03
  0.88400000E+01  0.29799201E-01  0.14601087E+03
  0.88500000E+01  0.28458678E-01  0.14579086E+03
  0.88600000E+01  0.27173849E-01  0.14557161E+03
  0.88700000E+01  0.25942621E-01  0.14535309E+03
  0.88800000E+01  0.24762967E-01  0.14513531E+03
  0.88900000E+01  0.23632928E-01  0.14491827E+03
  0.89000000E+01  0.22550613E-01  0.14470195E+03
  0.89100000E+01  0.21514189E-01  0.14448636E+03
  0.89200000E+01  0.20521891E-01  0.14427150E+03
  0.89300000E+01  0.19572008E-01  0.14405735E+03
  0.89400000E+01  0.18662893E-01  0.14384392E+03
  0.89500000E+01  0.17792951E-01  0.14363120E+03
  0.89600000E+01  0.16960645E-01  0.14341918E+03
  0.89700000E+01  0.16164489E-01  0.14320787E+03
  0.89800000E+01  0.15403052E-01  0.14299726E+03
  0.89900000E+01  0.14674951E-01  0.14278734E+03
  0.90000000E+01  0.13978852E-01  0.14257812E+03
  0.90100000E+01  0.13313470E-01  0.14236958E+03
  0.90200000E+01  0.12677564E-01  0.14216173E+03
  0.90300000E+01  0.12069939E-01  0.14195457E+03
  0.90400000E+01  0.11489442E-01  0.14174807E+03
  0.90500000E+01  0.10934964E-01  0.14154226E+03
  0.90600000E+01  0.10405434E-01  0.14133711E+03
  0.90700000E+01  0.98998226E-02  0.14113263E+03
  0.90800000E+01  0.94171373E-02  0.14092882E+03
  0.90900000E+01  0.89564227E-02  0.14072566E+03
  0.91000000E+01  0.85167591E-02  0.14052316E+03
  0.91100000E+01  0.80972616E-02  0.14032132E+03
  0.91200000E+01  0.76970785E-02  0.14012012E+03
  0.91300000E+01  0.73153906E-02  0.13991958E+03
  0.91400000E+01  0.69514099E-02  0.13971967E+03
  0.91500000E+01  0.66043788E-02  0.13952041E+03
  0.91600000E+01  0.62735688E-02  0.13932178E+03
  0.91700000E+01  0.59582799E-02  0.13912378E+03
  0.91800000E+01  0.56578390E-02  0.13892642E+03
  0.91900000E+01  0.53716000E-02  0.13872968E+03
  0.92000000E+01  0.50989417E-02  0.13853357E+03
  0.92100000E+01  0.48392678E-02  0.13833807E+03
  0.92200000E+01  0.45920057E-02  0.13814320E+03
  0.92300000E+01  0.43566058E-02  0.13794894E+03
  0.92400000E+01  0.41325405E-02  0.13775529E+03
  0.92500000E+01  0.39193036E-02  0.13756224E+03
  0.92600000E+01  0.37164095E-02  0.13736981E+03
  0.92700000E+01  0.35233923E-02  0.13717797E+03
  0.92800000E+01  0.33398054E-02  0.13698673E+03
  0.92900000E+01  0.31652205E-02  0.13679609E+03
  0.93000000E+01  0.29992271E-02  0.13660604E+03
  0.93100000E+01  0.28414319E-02  0.13641659E+03
  0.93200000E+01  0.26914580E-02  0.13622772E+03
  0.93300000E+01  0.25489442E-02  0.13603943E+03
  0.93400000E+01  0.24135447E-02  0.13585172E+03
  0.93500000E+01  0.22849285E-02  0.13566459E+03
  0.93600000E+01  0.21627786E-02  0.13547804E+03
  0.93700000E+01  0.20467916E-02  0.13529206E+03
  0.93800000E+01  0.19366772E-02  0.13510665E+03
  0.93900000E+01  0.18321576E-02  0.13492181E+03
  0.94000000E+01  0.17329672E-02  0.13473753E+03
  0.94100000E+01  0.16388519E-02  0.13455381E+03
  0.94200000E+01  0.15495689E-02  0.13437065E+03
  0.94300000E+01  0.14648859E-02  0.13418805E+03
  0.94400000E+01  0.13845810E-02  0.13400600E+03
  0.94500000E+01  0.13084423E-02  0.13382450E+03
  0.94600000E+01  0.12362672E-02  0.13364354E+03
  0.94700000E+01  0.11678622E-02  0.13346314E+03
  0.94800000E+01  0.11030426E-02  0.13328327E+03
  0.94900000E+01  0.10416321E-02  0.13310395E+03
  0.95000000E+01  0.98346240E-03  0.13292516E+03
  0.95100000E+01  0.92837286E-03  0.13274690E+03
  0.95200000E+01  0.87621024E-03  0.13256918E+03
  0.95300000E+01  0.82682838E-03  0.13239199E+03
  0.95400000E+01  0.78008787E-03  0.13221532E+03
  0.95500000E+01  0.73585582E-03  0.13203918E+03
  0.95600000E+01  0.69400553E-03  0.13186356E+03
  0.95700000E+01  0.65441625E-03  0.13168846E+03
  0.95800000E+01  0.61697293E-03  0.13151388E+03
  0.95900000E+01  0.58156597E-03  0.13133981E+03
  0.96000000E+01  0.54809097E-03  0.13116625E+03
  0.96100000E+01  0.51644854E-03  0.13099320E+03
  0.96200000E+01  0.48654403E-03  0.13082066E+03
  0.96300000E+01  0.45828736E-03  0.13064862E+03
  0.96400000E+01  0.43159280E-03  0.13047709E+03
  0.96500000E+01  0.40637881E-03  0.13030606E+03
  0.96600000E+01  0.38256779E-03  0.13013552E+03
  0.96700000E+01  0.36008597E-03  0.12996548E+03
  0.96800000E+01  0.33886319E-03  0.12979593E+03
  0.96900000E+01  0.31883277E-03  0.12962687E+03
  0.97000000E+01  0.29993130E-03  0.12945830E+03
  0.97100000E+01  0.28209859E-03  0.12929022E+03
  0.97200000E+01  0.26527739E-03  0.12912262E+03
  0.97300000E+01  0.24941337E-03  0.12895550E+03
  0.97400000E+01  0.23445492E-03  0.12878886E+03
  0.97500000E+01  0.22035304E-03  0.12862269E+03
  0.97600000E+01  0.20706123E-03  0.12845701E+03
  0.97700000E+01  0.19453535E-03  0.12829179E+03
  0.97800000E+01  0.18273352E-03  0.12812705E+03
  0.97900000E+01  0.17161602E-03  0.12796277E+03
  0.98000000E+01  0.16114517E-03  0.12779896E+03
  0.98100000E+01  0.15128525E-03  0.12763561E+03
  0.98200000E+01  0.14200240E-03  0.12747273E+03
  0.98300000E+01  0.13326451E-03  0.12731030E+03
  0.98400000E+01  0.12504118E-03  0.12714834E+03
  0.98500000E+01  0.11730358E-03  0.12698682E+03
  0.98600000E+01  0.11002443E-03  0.12682577E+03
  0.98700000E+01  0.10317787E-03  0.12666516E+03
  0.98800000E+01  0.96739440E-04  0.12650500E+03
  0.98900000E+01  0.90685965E-04  0.12634529E+03
  0.99000000E+01  0.84995527E-04  0.12618603E+03
  0.99100000E+01  0.79647383E-04  0.12602721E+03
  0.99200000E+01  0.74621908E-04  0.12586883E+03
  0.99300000E+01  0.69900545E-04  0.12571089E+03
  0.99400000E+01  0.65465745E-04  0.12555338E+03
  0.99500000E+01  0.61300916E-04  0.12539632E+03
  0.99600000E+01  0.57390377E-04  0.12523968E+03
  0.99700000E+01  0.53719310E-04  0.12508348E+03
  0.99800000E+01  0.50273714E-04  0.12492771E+03
  0.99900000E+01  0.47040365E-04  0.12477236E+03
  0.10000000E+02  0.44006773E-04  0.12461744E+03
