  0.00000000E+00  0.16927072E+02  0.83733047E-15
  0.10000000E-01  0.16939308E+02 -0.19102993E+01
  0.20000000E-01  0.16976033E+02 -0.38207233E+01
  0.30000000E-01  0.17037294E+02 -0.57313963E+01
  0.40000000E-01  0.17123174E+02 -0.76424424E+01
  0.50000000E-01  0.17233785E+02 -0.95539855E+01
  0.60000000E-01  0.17369271E+02 -0.11466148E+02
  0.70000000E-01  0.17529812E+02 -0.13379054E+02
  0.80000000E-01  0.17715618E+02 -0.15292823E+02
  0.90000000E-01  0.17926931E+02 -0.17207575E+02
  0.10000000E+00  0.18164028E+02 -0.19123431E+02
  0.11000000E+00  0.18427218E+02 -0.21040508E+02
  0.12000000E+00  0.18716841E+02 -0.22958921E+02
  0.13000000E+00  0.19033273E+02 -0.24878784E+02
  0.14000000E+00  0.19376922E+02 -0.26800211E+02
  0.15000000E+00  0.19748230E+02 -0.28723311E+02
  0.16000000E+00  0.20147671E+02 -0.30648191E+02
  0.17000000E+00  0.20575754E+02 -0.32574957E+02
  0.18000000E+00  0.21033022E+02 -0.34503711E+02
  0.19000000E+00  0.21520051E+02 -0.36434552E+02
  0.20000000E+00  0.22037452E+02 -0.38367575E+02
  0.21000000E+00  0.22585869E+02 -0.40302874E+02
  0.22000000E+00  0.23165982E+02 -0.42240535E+02
  0.23000000E+00  0.23778505E+02 -0.44180645E+02
  0.24000000E+00  0.24424186E+02 -0.46123281E+02
  0.25000000E+00  0.25103807E+02 -0.48068520E+02
  0.26000000E+00  0.25818187E+02 -0.50016430E+02
  0.27000000E+00  0.26568177E+02 -0.51967077E+02
  0.28000000E+00  0.27354665E+02 -0.53920518E+02
  0.29000000E+00  0.28178571E+02 -0.55876806E+02
  0.30000000E+00  0.29040853E+02 -0.57835986E+02
  0.31000000E+00  0.29942501E+02 -0.59798097E+02
  0.32000000E+00  0.30884540E+02 -0.61763170E+02
  0.33000000E+00  0.31868029E+02 -0.63731226E+02
  0.34000000E+00  0.32894062E+02 -0.65702280E+02
  0.35000000E+00  0.33963766E+02 -0.67676337E+02
  0.36000000E+00  0.35078301E+02 -0.69653390E+02
  0.37000000E+00  0.36238861E+02 -0.71633426E+02
  0.38000000E+00  0.37446672E+02 -0.73616416E+02
  0.39000000E+00  0.38702993E+02 -0.75602323E+02
  0.40000000E+00  0.40009115E+02 -0.77591095E+02
  0.41000000E+00  0.41366358E+02 -0.79582668E+02
  0.42000000E+00  0.42776076E+02 -0.81576962E+02
  0.43000000E+00  0.44239651E+02 -0.83573884E+02
  0.44000000E+00  0.45758495E+02 -0.85573324E+02
  0.45000000E+00  0.47334047E+02 -0.87575154E+02
  0.46000000E+00  0.48967777E+02 -0.89579230E+02
  0.47000000E+00  0.50661180E+02 -0.91585388E+02
  0.48000000E+00  0.52415776E+02 -0.93593441E+02
  0.49000000E+00  0.54233113E+02 -0.95603184E+02
  0.50000000E+00  0.56114762E+02 -0.97614388E+02
  0.51000000E+00  0.58062317E+02 -0.99626798E+02
  0.52000000E+00  0.60077395E+02 -0.10164013E+03
  0.53000000E+00  0.62161633E+02 -0.10365409E+03
  0.54000000E+00  0.64316692E+02 -0.10566833E+03
  0.55000000E+00  0.66544247E+02 -0.10768249E+03
  0.56000000E+00  0.68845996E+02 -0.10969617E+03
  0.57000000E+00  0.71223652E+02 -0.11170893E+03
  0.58000000E+00  0.73678944E+02 -0.11372030E+03
  0.59000000E+00  0.76213617E+02 -0.11572978E+03
  0.60000000E+00  0.78829431E+02 -0.11773681E+03
  0.61000000E+00  0.81528159E+02 -0.11974080E+03
  0.62000000E+00  0.84311587E+02 -0.12174112E+03
  0.63000000E+00  0.87181514E+02 -0.12373706E+03
  0.64000000E+00  0.90139750E+02 -0.12572790E+03
  0.65000000E+00  0.93188118E+02 -0.12771283E+03
  0.66000000E+00  0.96328452E+02 -0.12969101E+03
  0.67000000E+00  0.99562599E+02 -0.13166151E+03
  0.68000000E+00  0.10289242E+03 -0.13362336E+03
  0.69000000E+00  0.10631979E+03 -0.13557550E+03
  0.70000000E+00  0.10984661E+03 -0.13751680E+03
  0.71000000E+00  0.11347478E+03 -0.13944606E+03
  0.72000000E+00  0.11720626E+03 -0.14136198E+03
  0.73000000E+00  0.12104300E+03 -0.14326316E+03
  0.74000000E+00  0.12498702E+03 -0.14514812E+03
  0.75000000E+00  0.12904032E+03 -0.14701524E+03
  0.76000000E+00  0.13320499E+03 -0.14886280E+03
  0.77000000E+00  0.13748315E+03 -0.15068891E+03
  0.78000000E+00  0.14187701E+03 -0.15249155E+03
  0.79000000E+00  0.14638897E+03 -0.15426851E+03
  0.80000000E+00  0.15102168E+03 -0.15601733E+03
  0.81000000E+00  0.15577799E+03 -0.15773532E+03
  0.82000000E+00  0.16066080E+03 -0.15941941E+03
  0.83000000E+00  0.16567234E+03 -0.16106610E+03
  0.84000000E+00  0.17081374E+03 -0.16267120E+03
  0.85000000E+00  0.17608921E+03 -0.16422940E+03
  0.86000000E+00  0.18151714E+03 -0.16573222E+03
  0.87000000E+00  0.18709055E+03 -0.16715901E+03
  0.88000000E+00  0.19270330E+03 -0.16849276E+03
  0.89000000E+00  0.19832749E+03 -0.16980481E+03
  0.90000000E+00  0.20408876E+03 -0.17110512E+03
  0.91000000E+00  0.21004361E+03 -0.17236544E+03
  0.92000000E+00  0.21619225E+03 -0.17357133E+03
  0.93000000E+00  0.22254945E+03 -0.17471118E+03
  0.94000000E+00  0.22913747E+03 -0.17577180E+03
  0.95000000E+00  0.23597759E+03 -0.17673535E+03
  0.96000000E+00  0.24311744E+03 -0.17757398E+03
  0.97000000E+00  0.25075512E+03 -0.17823476E+03
  0.98000000E+00  0.25939328E+03 -0.17858112E+03
  0.99000000E+00  0.26931480E+03 -0.17817693E+03
  0.10000000E+01  0.27829993E+03 -0.17595196E+03
  0.10100000E+01  0.28203764E+03 -0.17328400E+03
  0.10200000E+01  0.28388376E+03 -0.17226608E+03
  0.10300000E+01  0.28635522E+03 -0.17195489E+03
  0.10400000E+01  0.28959584E+03 -0.17208007E+03
  0.10500000E+01  0.29348525E+03 -0.17242883E+03
  0.10600000E+01  0.29781488E+03 -0.17288249E+03
  0.10700000E+01  0.30251526E+03 -0.17339560E+03
  0.10800000E+01  0.30765149E+03 -0.17393685E+03
  0.10900000E+01  0.31337242E+03 -0.17446042E+03
  0.11000000E+01  0.31999394E+03 -0.17482884E+03
  0.11100000E+01  0.32655980E+03 -0.17362360E+03
  0.11200000E+01  0.33113334E+03 -0.17338077E+03
  0.11300000E+01  0.33605455E+03 -0.17334049E+03
  0.11400000E+01  0.34101718E+03 -0.17350512E+03
  0.11500000E+01  0.34701568E+03 -0.17309850E+03
  0.11600000E+01  0.35126095E+03 -0.17335253E+03
  0.11700000E+01  0.35658953E+03 -0.17388526E+03
  0.11800000E+01  0.36252596E+03 -0.17447876E+03
  0.11900000E+01  0.36899372E+03 -0.17508036E+03
  0.12000000E+01  0.37598793E+03 -0.17570306E+03
  0.12100000E+01  0.38355205E+03 -0.17632363E+03
  0.12200000E+01  0.39346142E+03 -0.17675048E+03
  0.12300000E+01  0.40132774E+03 -0.17683612E+03
  0.12400000E+01  0.41242569E+03 -0.17705250E+03
  0.12500000E+01  0.42580020E+03 -0.17619303E+03
  0.12600000E+01  0.43688687E+03 -0.17130582E+03
  0.12700000E+01  0.44121771E+03 -0.16937127E+03
  0.12800000E+01  0.44776139E+03 -0.16846808E+03
  0.12900000E+01  0.45847450E+03 -0.16806829E+03
  0.13000000E+01  0.47424249E+03 -0.16006624E+03
  0.13100000E+01  0.47187634E+03 -0.15828933E+03
  0.13200000E+01  0.47777757E+03 -0.15773547E+03
  0.13300000E+01  0.48578714E+03 -0.15672742E+03
  0.13400000E+01  0.49433097E+03 -0.15528858E+03
  0.13500000E+01  0.50219332E+03 -0.15166148E+03
  0.13600000E+01  0.50836419E+03 -0.15031176E+03
  0.13700000E+01  0.51570807E+03 -0.14940589E+03
  0.13800000E+01  0.52556149E+03 -0.14892807E+03
  0.13900000E+01  0.53986457E+03 -0.14783448E+03
  0.14000000E+01  0.56078677E+03 -0.14755780E+03
  0.14100000E+01  0.59965161E+03 -0.14549801E+03
  0.14200000E+01  0.63081289E+03 -0.10019466E+03
  0.14300000E+01  0.59989230E+03 -0.79459396E+02
  0.14400000E+01  0.57212535E+03 -0.75823600E+02
  0.14500000E+01  0.56200489E+03 -0.74833891E+02
  0.14600000E+01  0.55892385E+03 -0.72546467E+02
  0.14700000E+01  0.55628531E+03 -0.67881699E+02
  0.14800000E+01  0.55039955E+03 -0.65355810E+02
  0.14900000E+01  0.54696726E+03 -0.63384153E+02
  0.15000000E+01  0.54465561E+03 -0.61372756E+02
  0.15100000E+01  0.54248334E+03 -0.58892952E+02
  0.15200000E+01  0.53975743E+03 -0.56613623E+02
  0.15300000E+01  0.53745130E+03 -0.54488484E+02
  0.15400000E+01  0.53553680E+03 -0.52553993E+02
  0.15500000E+01  0.53406528E+03 -0.50500495E+02
  0.15600000E+01  0.53205332E+03 -0.47954620E+02
  0.15700000E+01  0.52978704E+03 -0.45673038E+02
  0.15800000E+01  0.52690090E+03 -0.43456795E+02
  0.15900000E+01  0.52382432E+03 -0.41932466E+02
  0.16000000E+01  0.52143372E+03 -0.39997853E+02
  0.16100000E+01  0.51904555E+03 -0.38572507E+02
  0.16200000E+01  0.51708054E+03 -0.37278630E+02
  0.16300000E+01  0.51537877E+03 -0.36021146E+02
  0.16400000E+01  0.51403215E+03 -0.34837972E+02
  0.16500000E+01  0.51307605E+03 -0.33619338E+02
  0.16600000E+01  0.51241686E+03 -0.32082928E+02
  0.16700000E+01  0.51110085E+03 -0.30854042E+02
  0.16800000E+01  0.51042298E+03 -0.29792614E+02
  0.16900000E+01  0.51024927E+03 -0.28800562E+02
  0.17000000E+01  0.51088909E+03 -0.27778313E+02
  0.17100000E+01  0.51416014E+03 -0.26883470E+02
  0.17200000E+01  0.51313999E+03 -0.24111992E+02
  0.17300000E+01  0.51403944E+03 -0.22630264E+02
  0.17400000E+01  0.51627296E+03 -0.21294424E+02
  0.17500000E+01  0.51939176E+03 -0.19463035E+02
  0.17600000E+01  0.52387395E+03 -0.17604925E+02
  0.17700000E+01  0.53661191E+03 -0.14531079E+02
  0.17800000E+01  0.54127937E+03  0.63061756E+01
  0.17900000E+01  0.51993376E+03  0.72079982E+01
  0.18000000E+01  0.51162072E+03  0.85416700E+01
  0.18100000E+01  0.50633595E+03  0.95851885E+01
  0.18200000E+01  0.50360276E+03  0.10609884E+02
  0.18300000E+01  0.50260991E+03  0.12588044E+02
  0.18400000E+01  0.50049524E+03  0.14802670E+02
  0.18500000E+01  0.49995663E+03  0.17800777E+02
  0.18600000E+01  0.49781739E+03  0.22542426E+02
  0.18700000E+01  0.49340743E+03  0.28331796E+02
  0.18800000E+01  0.48250175E+03  0.32126375E+02
  0.18900000E+01  0.47121935E+03  0.33873476E+02
  0.19000000E+01  0.46136803E+03  0.34473668E+02
  0.19100000E+01  0.45299190E+03  0.34469688E+02
  0.19200000E+01  0.44542908E+03  0.34300635E+02
  0.19300000E+01  0.43825751E+03  0.33525009E+02
  0.19400000E+01  0.43220275E+03  0.32464321E+02
  0.19500000E+01  0.42697905E+03  0.31158457E+02
  0.19600000E+01  0.42248689E+03  0.29718468E+02
  0.19700000E+01  0.41870668E+03  0.28129537E+02
  0.19800000E+01  0.41583378E+03  0.26441939E+02
  0.19900000E+01  0.41313632E+03  0.24875874E+02
  0.20000000E+01  0.41134776E+03  0.23072421E+02
  0.20100000E+01  0.41020162E+03  0.21296683E+02
  0.20200000E+01  0.40981479E+03  0.19456287E+02
  0.20300000E+01  0.41020096E+03  0.17735592E+02
  0.20400000E+01  0.41185026E+03  0.15922521E+02
  0.20500000E+01  0.41357008E+03  0.16238499E+02
  0.20600000E+01  0.41359227E+03  0.14562775E+02
  0.20700000E+01  0.41572948E+03  0.12868770E+02
  0.20800000E+01  0.41824442E+03  0.11460700E+02
  0.20900000E+01  0.42172676E+03  0.98517918E+01
  0.21000000E+01  0.42628474E+03  0.85361234E+01
  0.21100000E+01  0.43142786E+03  0.72161416E+01
  0.21200000E+01  0.43774376E+03  0.61118689E+01
  0.21300000E+01  0.44534646E+03  0.53895612E+01
  0.21400000E+01  0.45360458E+03  0.53776653E+01
  0.21500000E+01  0.46234697E+03  0.64746492E+01
  0.21600000E+01  0.47224718E+03  0.71501751E+01
  0.21700000E+01  0.48113168E+03  0.10962298E+02
  0.21800000E+01  0.48885724E+03  0.13404669E+02
  0.21900000E+01  0.50233985E+03  0.17529695E+02
  0.22000000E+01  0.50074252E+03  0.25608483E+02
  0.22100000E+01  0.50039306E+03  0.28383947E+02
  0.22200000E+01  0.50243330E+03  0.31005645E+02
  0.22300000E+01  0.50429467E+03  0.33425762E+02
  0.22400000E+01  0.50804553E+03  0.35899977E+02
  0.22500000E+01  0.50884868E+03  0.39308192E+02
  0.22600000E+01  0.51231426E+03  0.40789335E+02
  0.22700000E+01  0.53603933E+03  0.51340573E+02
  0.22800000E+01  0.50953143E+03  0.58141562E+02
  0.22900000E+01  0.50437428E+03  0.58611687E+02
  0.23000000E+01  0.50234129E+03  0.59210205E+02
  0.23100000E+01  0.50190953E+03  0.60006975E+02
  0.23200000E+01  0.50231588E+03  0.61240540E+02
  0.23300000E+01  0.50309270E+03  0.62646028E+02
  0.23400000E+01  0.50430510E+03  0.64210307E+02
  0.23500000E+01  0.50485657E+03  0.66121321E+02
  0.23600000E+01  0.50544105E+03  0.67956988E+02
  0.23700000E+01  0.50594748E+03  0.69587981E+02
  0.23800000E+01  0.50635185E+03  0.71002074E+02
  0.23900000E+01  0.50784459E+03  0.72237248E+02
  0.24000000E+01  0.51034690E+03  0.73772171E+02
  0.24100000E+01  0.51297582E+03  0.75851523E+02
  0.24200000E+01  0.51560379E+03  0.78350810E+02
  0.24300000E+01  0.51701820E+03  0.81561219E+02
  0.24400000E+01  0.51741983E+03  0.84138106E+02
  0.24500000E+01  0.51797795E+03  0.86473852E+02
  0.24600000E+01  0.51905188E+03  0.89104128E+02
  0.24700000E+01  0.51799608E+03  0.91491945E+02
  0.24800000E+01  0.51771862E+03  0.92830635E+02
  0.24900000E+01  0.51901678E+03  0.93995582E+02
  0.25000000E+01  0.52103308E+03  0.95360488E+02
  0.25100000E+01  0.52383250E+03  0.96603770E+02
  0.25200000E+01  0.52786028E+03  0.98092359E+02
  0.25300000E+01  0.53239055E+03  0.99871271E+02
  0.25400000E+01  0.53802436E+03  0.10231854E+03
  0.25500000E+01  0.54284608E+03  0.10593847E+03
  0.25600000E+01  0.54603312E+03  0.10928662E+03
  0.25700000E+01  0.54995480E+03  0.11270790E+03
  0.25800000E+01  0.55441115E+03  0.11656591E+03
  0.25900000E+01  0.55910469E+03  0.12164993E+03
  0.26000000E+01  0.56210133E+03  0.12763930E+03
  0.26100000E+01  0.56141509E+03  0.13454398E+03
  0.26200000E+01  0.55796102E+03  0.14086187E+03
  0.26300000E+01  0.55289437E+03  0.14609756E+03
  0.26400000E+01  0.54767624E+03  0.15082954E+03
  0.26500000E+01  0.54185915E+03  0.15495373E+03
  0.26600000E+01  0.53727987E+03  0.15907471E+03
  0.26700000E+01  0.52932785E+03  0.16322420E+03
  0.26800000E+01  0.52225949E+03  0.16588377E+03
  0.26900000E+01  0.51568640E+03  0.16850683E+03
  0.27000000E+01  0.50930045E+03  0.17059494E+03
  0.27100000E+01  0.50271685E+03  0.17274403E+03
  0.27200000E+01  0.49638126E+03  0.17418449E+03
  0.27300000E+01  0.49038860E+03  0.17550156E+03
  0.27400000E+01  0.48460357E+03  0.17668860E+03
  0.27500000E+01  0.47899827E+03  0.17766983E+03
  0.27600000E+01  0.47366222E+03  0.17838753E+03
  0.27700000E+01  0.46894590E+03  0.17903134E+03
  0.27800000E+01  0.46444500E+03  0.17965870E+03
  0.27900000E+01  0.45985693E+03  0.18034612E+03
  0.28000000E+01  0.45542372E+03  0.18056035E+03
  0.28100000E+01  0.45174014E+03  0.18062326E+03
  0.28200000E+01  0.44851753E+03  0.18059023E+03
  0.28300000E+01  0.44598974E+03  0.18050423E+03
  0.28400000E+01  0.44410864E+03  0.18045360E+03
  0.28500000E+01  0.44293966E+03  0.18049028E+03
  0.28600000E+01  0.44217909E+03  0.18063758E+03
  0.28700000E+01  0.44215765E+03  0.18098289E+03
  0.28800000E+01  0.44258395E+03  0.18178982E+03
  0.28900000E+01  0.44255554E+03  0.18317784E+03
  0.29000000E+01  0.44198061E+03  0.18438921E+03
  0.29100000E+01  0.44146849E+03  0.18603033E+03
  0.29200000E+01  0.43951637E+03  0.18747795E+03
  0.29300000E+01  0.43789615E+03  0.18863416E+03
  0.29400000E+01  0.43535971E+03  0.19009779E+03
  0.29500000E+01  0.43299365E+03  0.19062733E+03
  0.29600000E+01  0.43146030E+03  0.19102986E+03
  0.29700000E+01  0.43015256E+03  0.19154924E+03
  0.29800000E+01  0.43008681E+03  0.19184633E+03
  0.29900000E+01  0.43230051E+03  0.19318130E+03
  0.30000000E+01  0.42909946E+03  0.19534074E+03
  0.30100000E+01  0.42816872E+03  0.19742492E+03
  0.30200000E+01  0.42456064E+03  0.19800142E+03
  0.30300000E+01  0.42260410E+03  0.19831970E+03
  0.30400000E+01  0.42145695E+03  0.19858074E+03
  0.30500000E+01  0.42235479E+03  0.19963772E+03
  0.30600000E+01  0.41875655E+03  0.20138417E+03
  0.30700000E+01  0.41609052E+03  0.20171515E+03
  0.30800000E+01  0.41405626E+03  0.20188826E+03
  0.30900000E+01  0.41239473E+03  0.20194315E+03
  0.31000000E+01  0.41162759E+03  0.20231188E+03
  0.31100000E+01  0.40980647E+03  0.20247348E+03
  0.31200000E+01  0.40911607E+03  0.20256418E+03
  0.31300000E+01  0.40804333E+03  0.20295892E+03
  0.31400000E+01  0.40699659E+03  0.20300122E+03
  0.31500000E+01  0.40627386E+03  0.20296897E+03
  0.31600000E+01  0.40596540E+03  0.20303771E+03
  0.31700000E+01  0.40618353E+03  0.20317538E+03
  0.31800000E+01  0.40692426E+03  0.20342132E+03
  0.31900000E+01  0.40705691E+03  0.20456860E+03
  0.32000000E+01  0.40617026E+03  0.20524193E+03
  0.32100000E+01  0.40556910E+03  0.20566129E+03
  0.32200000E+01  0.40521685E+03  0.20593749E+03
  0.32300000E+01  0.40539474E+03  0.20614514E+03
  0.32400000E+01  0.40619535E+03  0.20638498E+03
  0.32500000E+01  0.40764081E+03  0.20680506E+03
  0.32600000E+01  0.41017157E+03  0.20830183E+03
  0.32700000E+01  0.41098334E+03  0.21134980E+03
  0.32800000E+01  0.40756369E+03  0.21246691E+03
  0.32900000E+01  0.40632435E+03  0.21284779E+03
  0.33000000E+01  0.40629022E+03  0.21331921E+03
  0.33100000E+01  0.40721882E+03  0.21388039E+03
  0.33200000E+01  0.40958046E+03  0.21513672E+03
  0.33300000E+01  0.41059462E+03  0.21841631E+03
  0.33400000E+01  0.40644059E+03  0.22104417E+03
  0.33500000E+01  0.40306382E+03  0.22275838E+03
  0.33600000E+01  0.39809024E+03  0.22355716E+03
  0.33700000E+01  0.39464889E+03  0.22346894E+03
  0.33800000E+01  0.39232584E+03  0.22320821E+03
  0.33900000E+01  0.39072952E+03  0.22283280E+03
  0.34000000E+01  0.38991236E+03  0.22243222E+03
  0.34100000E+01  0.38968465E+03  0.22207248E+03
  0.34200000E+01  0.39039805E+03  0.22166987E+03
  0.34300000E+01  0.39281419E+03  0.22208347E+03
  0.34400000E+01  0.39281047E+03  0.22369126E+03
  0.34500000E+01  0.39203961E+03  0.22377767E+03
  0.34600000E+01  0.39245374E+03  0.22397774E+03
  0.34700000E+01  0.39422307E+03  0.22401162E+03
  0.34800000E+01  0.39659650E+03  0.22476400E+03
  0.34900000E+01  0.39810512E+03  0.22597685E+03
  0.35000000E+01  0.40018705E+03  0.22711572E+03
  0.35100000E+01  0.40098877E+03  0.22956603E+03
  0.35200000E+01  0.40070111E+03  0.23078753E+03
  0.35300000E+01  0.40112043E+03  0.23209389E+03
  0.35400000E+01  0.40112909E+03  0.23448096E+03
  0.35500000E+01  0.39895664E+03  0.23545465E+03
  0.35600000E+01  0.39822532E+03  0.23603841E+03
  0.35700000E+01  0.39833932E+03  0.23661995E+03
  0.35800000E+01  0.39930804E+03  0.23738430E+03
  0.35900000E+01  0.40075240E+03  0.23845839E+03
  0.36000000E+01  0.40240023E+03  0.24006305E+03
  0.36100000E+01  0.40363918E+03  0.24226371E+03
  0.36200000E+01  0.40238852E+03  0.24430186E+03
  0.36300000E+01  0.40179802E+03  0.24601340E+03
  0.36400000E+01  0.40079868E+03  0.24828200E+03
  0.36500000E+01  0.39860954E+03  0.24989858E+03
  0.36600000E+01  0.39666716E+03  0.25125461E+03
  0.36700000E+01  0.39521005E+03  0.25268522E+03
  0.36800000E+01  0.39320387E+03  0.25388111E+03
  0.36900000E+01  0.39152373E+03  0.25490459E+03
  0.37000000E+01  0.38990754E+03  0.25602792E+03
  0.37100000E+01  0.38841687E+03  0.25701301E+03
  0.37200000E+01  0.38737780E+03  0.25783897E+03
  0.37300000E+01  0.38681174E+03  0.25885024E+03
  0.37400000E+01  0.38583707E+03  0.26037984E+03
  0.37500000E+01  0.38411222E+03  0.26172638E+03
  0.37600000E+01  0.38221203E+03  0.26286829E+03
  0.37700000E+01  0.38061404E+03  0.26390814E+03
  0.37800000E+01  0.37866365E+03  0.26534482E+03
  0.37900000E+01  0.37612187E+03  0.26635066E+03
  0.38000000E+01  0.37390179E+03  0.26707501E+03
  0.38100000E+01  0.37197178E+03  0.26770799E+03
  0.38200000E+01  0.37040942E+03  0.26838621E+03
  0.38300000E+01  0.36878667E+03  0.26921912E+03
  0.38400000E+01  0.36693670E+03  0.27011202E+03
  0.38500000E+01  0.36495549E+03  0.27088220E+03
  0.38600000E+01  0.36270152E+03  0.27148177E+03
  0.38700000E+01  0.36092740E+03  0.27189583E+03
  0.38800000E+01  0.35927050E+03  0.27221683E+03
  0.38900000E+01  0.35899023E+03  0.27234133E+03
  0.39000000E+01  0.36177010E+03  0.27306705E+03
  0.39100000E+01  0.35796521E+03  0.27766856E+03
  0.39200000E+01  0.35354530E+03  0.27813311E+03
  0.39300000E+01  0.35116530E+03  0.27849219E+03
  0.39400000E+01  0.34905097E+03  0.27925934E+03
  0.39500000E+01  0.34621274E+03  0.28002965E+03
  0.39600000E+01  0.34322905E+03  0.28026785E+03
  0.39700000E+01  0.34065831E+03  0.28052098E+03
  0.39800000E+01  0.33833712E+03  0.28052040E+03
  0.39900000E+01  0.33639877E+03  0.28085555E+03
  0.40000000E+01  0.33485563E+03  0.28034019E+03
  0.40100000E+01  0.33371172E+03  0.28020577E+03
  0.40200000E+01  0.33305248E+03  0.28015247E+03
  0.40300000E+01  0.33272147E+03  0.28038993E+03
  0.40400000E+01  0.33212899E+03  0.28052923E+03
  0.40500000E+01  0.33201258E+03  0.28075636E+03
  0.40600000E+01  0.33258230E+03  0.28099447E+03
  0.40700000E+01  0.33316892E+03  0.28163742E+03
  0.40800000E+01  0.33445273E+03  0.28248796E+03
  0.40900000E+01  0.33664919E+03  0.28384702E+03
  0.41000000E+01  0.33779585E+03  0.28671204E+03
  0.41100000E+01  0.33416869E+03  0.28957298E+03
  0.41200000E+01  0.32939858E+03  0.29078696E+03
  0.41300000E+01  0.32586854E+03  0.29127154E+03
  0.41400000E+01  0.32336233E+03  0.29165359E+03
  0.41500000E+01  0.32148067E+03  0.29188743E+03
  0.41600000E+01  0.32028104E+03  0.29216096E+03
  0.41700000E+01  0.31946819E+03  0.29256251E+03
  0.41800000E+01  0.31899267E+03  0.29311108E+03
  0.41900000E+01  0.31869786E+03  0.29397609E+03
  0.42000000E+01  0.31817334E+03  0.29525244E+03
  0.42100000E+01  0.31667903E+03  0.29702091E+03
  0.42200000E+01  0.31338051E+03  0.29825958E+03
  0.42300000E+01  0.31034732E+03  0.29902423E+03
  0.42400000E+01  0.30758177E+03  0.29960930E+03
  0.42500000E+01  0.30516019E+03  0.30018838E+03
  0.42600000E+01  0.30242151E+03  0.30070625E+03
  0.42700000E+01  0.29995748E+03  0.30098075E+03
  0.42800000E+01  0.29798227E+03  0.30113489E+03
  0.42900000E+01  0.29678500E+03  0.30139760E+03
  0.43000000E+01  0.29514157E+03  0.30193839E+03
  0.43100000E+01  0.29381645E+03  0.30220882E+03
  0.43200000E+01  0.29293490E+03  0.30257951E+03
  0.43300000E+01  0.29245639E+03  0.30302941E+03
  0.43400000E+01  0.29257769E+03  0.30376144E+03
  0.43500000E+01  0.29310062E+03  0.30503673E+03
  0.43600000E+01  0.29176850E+03  0.30816495E+03
  0.43700000E+01  0.28783942E+03  0.30958194E+03
  0.43800000E+01  0.28418649E+03  0.31046222E+03
  0.43900000E+01  0.28136884E+03  0.31115015E+03
  0.44000000E+01  0.27863618E+03  0.31202233E+03
  0.44100000E+01  0.27593049E+03  0.31269983E+03
  0.44200000E+01  0.27369549E+03  0.31346341E+03
  0.44300000E+01  0.27204597E+03  0.31529563E+03
  0.44400000E+01  0.26762384E+03  0.31633399E+03
  0.44500000E+01  0.26430643E+03  0.31749527E+03
  0.44600000E+01  0.25894449E+03  0.31856301E+03
  0.44700000E+01  0.25411751E+03  0.31888475E+03
  0.44800000E+01  0.24963442E+03  0.31906095E+03
  0.44900000E+01  0.24523946E+03  0.31910033E+03
  0.45000000E+01  0.24108164E+03  0.31902231E+03
  0.45100000E+01  0.23702590E+03  0.31884702E+03
  0.45200000E+01  0.23324265E+03  0.31855865E+03
  0.45300000E+01  0.22965028E+03  0.31820465E+03
  0.45400000E+01  0.22621747E+03  0.31781521E+03
  0.45500000E+01  0.22293903E+03  0.31735787E+03
  0.45600000E+01  0.21984850E+03  0.31686013E+03
  0.45700000E+01  0.21694289E+03  0.31634301E+03
  0.45800000E+01  0.21415659E+03  0.31582737E+03
  0.45900000E+01  0.21155292E+03  0.31527851E+03
  0.46000000E+01  0.20911183E+03  0.31474040E+03
  0.46100000E+01  0.20683749E+03  0.31423449E+03
  0.46200000E+01  0.20464238E+03  0.31384427E+03
  0.46300000E+01  0.20236681E+03  0.31343362E+03
  0.46400000E+01  0.20011882E+03  0.31304562E+03
  0.46500000E+01  0.19783047E+03  0.31268770E+03
  0.46600000E+01  0.19548923E+03  0.31230075E+03
  0.46700000E+01  0.19314027E+03  0.31188113E+03
  0.46800000E+01  0.19091048E+03  0.31140349E+03
  0.46900000E+01  0.18880348E+03  0.31098717E+03
  0.47000000E+01  0.18666869E+03  0.31048649E+03
  0.47100000E+01  0.18471110E+03  0.30999289E+03
  0.47200000E+01  0.18296156E+03  0.30951981E+03
  0.47300000E+01  0.18137800E+03  0.30910406E+03
  0.47400000E+01  0.17999184E+03  0.30878218E+03
  0.47500000E+01  0.17880264E+03  0.30869161E+03
  0.47600000E+01  0.17686504E+03  0.30901214E+03
  0.47700000E+01  0.17425224E+03  0.30904557E+03
  0.47800000E+01  0.17176148E+03  0.30889667E+03
  0.47900000E+01  0.16945630E+03  0.30884600E+03
  0.48000000E+01  0.16636077E+03  0.30880260E+03
  0.48100000E+01  0.16317841E+03  0.30842928E+03
  0.48200000E+01  0.16025898E+03  0.30787680E+03
  0.48300000E+01  0.15764401E+03  0.30725763E+03
  0.48400000E+01  0.15525461E+03  0.30675144E+03
  0.48500000E+01  0.15252421E+03  0.30611725E+03
  0.48600000E+01  0.15003760E+03  0.30541529E+03
  0.48700000E+01  0.14762807E+03  0.30467090E+03
  0.48800000E+01  0.14533052E+03  0.30388890E+03
  0.48900000E+01  0.14315750E+03  0.30309066E+03
  0.49000000E+01  0.14102705E+03  0.30228233E+03
  0.49100000E+01  0.13899358E+03  0.30145786E+03
  0.49200000E+01  0.13703844E+03  0.30061978E+03
  0.49300000E+01  0.13516110E+03  0.29977591E+03
  0.49400000E+01  0.13335465E+03  0.29892805E+03
  0.49500000E+01  0.13162057E+03  0.29807700E+03
  0.49600000E+01  0.12997128E+03  0.29722688E+03
  0.49700000E+01  0.12840908E+03  0.29638925E+03
  0.49800000E+01  0.12693534E+03  0.29556703E+03
  0.49900000E+01  0.12557245E+03  0.29481581E+03
  0.50000000E+01  0.12393441E+03  0.29413310E+03
  0.50100000E+01  0.12229943E+03  0.29332787E+03
  0.50200000E+01  0.12074393E+03  0.29252526E+03
  0.50300000E+01  0.11924942E+03  0.29168911E+03
  0.50400000E+01  0.11773192E+03  0.29084560E+03
  0.50500000E+01  0.11628246E+03  0.28996034E+03
  0.50600000E+01  0.11492106E+03  0.28905340E+03
  0.50700000E+01  0.11364189E+03  0.28813475E+03
  0.50800000E+01  0.11244805E+03  0.28720953E+03
  0.50900000E+01  0.11133350E+03  0.28628150E+03
  0.51000000E+01  0.11030370E+03  0.28534961E+03
  0.51100000E+01  0.10937473E+03  0.28441820E+03
  0.51200000E+01  0.10855769E+03  0.28349253E+03
  0.51300000E+01  0.10791600E+03  0.28258164E+03
  0.51400000E+01  0.10754566E+03  0.28174712E+03
  0.51500000E+01  0.10706036E+03  0.28114013E+03
  0.51600000E+01  0.10641174E+03  0.28051792E+03
  0.51700000E+01  0.10574251E+03  0.27992026E+03
  0.51800000E+01  0.10458792E+03  0.27937224E+03
  0.51900000E+01  0.10358322E+03  0.27858492E+03
  0.52000000E+01  0.10272630E+03  0.27779855E+03
  0.52100000E+01  0.10200323E+03  0.27693318E+03
  0.52200000E+01  0.10141335E+03  0.27608548E+03
  0.52300000E+01  0.10089223E+03  0.27525609E+03
  0.52400000E+01  0.10045307E+03  0.27442225E+03
  0.52500000E+01  0.10011314E+03  0.27355767E+03
  0.52600000E+01  0.99829723E+02  0.27282666E+03
  0.52700000E+01  0.99636684E+02  0.27203535E+03
  0.52800000E+01  0.99533429E+02  0.27126938E+03
  0.52900000E+01  0.99506872E+02  0.27053819E+03
  0.53000000E+01  0.99548961E+02  0.26983416E+03
  0.53100000E+01  0.99686112E+02  0.26916713E+03
  0.53200000E+01  0.99905181E+02  0.26854813E+03
  0.53300000E+01  0.10023482E+03  0.26799588E+03
  0.53400000E+01  0.10054018E+03  0.26756062E+03
  0.53500000E+01  0.10089662E+03  0.26718215E+03
  0.53600000E+01  0.10109302E+03  0.26697980E+03
  0.53700000E+01  0.10108701E+03  0.26670189E+03
  0.53800000E+01  0.10115380E+03  0.26644993E+03
  0.53900000E+01  0.10129474E+03  0.26640096E+03
  0.54000000E+01  0.10107847E+03  0.26631300E+03
  0.54100000E+01  0.10061949E+03  0.26627061E+03
  0.54200000E+01  0.10014516E+03  0.26622598E+03
  0.54300000E+01  0.99299284E+02  0.26621809E+03
  0.54400000E+01  0.98328390E+02  0.26606075E+03
  0.54500000E+01  0.97351504E+02  0.26581613E+03
  0.54600000E+01  0.96432241E+02  0.26554692E+03
  0.54700000E+01  0.95430916E+02  0.26525464E+03
  0.54800000E+01  0.94413774E+02  0.26492873E+03
  0.54900000E+01  0.93313619E+02  0.26453239E+03
  0.55000000E+01  0.92298068E+02  0.26406531E+03
  0.55100000E+01  0.91357850E+02  0.26355941E+03
  0.55200000E+01  0.90493200E+02  0.26302756E+03
  0.55300000E+01  0.89705168E+02  0.26248049E+03
  0.55400000E+01  0.88982271E+02  0.26192693E+03
  0.55500000E+01  0.88323556E+02  0.26137324E+03
  0.55600000E+01  0.87729952E+02  0.26081414E+03
  0.55700000E+01  0.87193709E+02  0.26026403E+03
  0.55800000E+01  0.86708341E+02  0.25972764E+03
  0.55900000E+01  0.86270581E+02  0.25923589E+03
  0.56000000E+01  0.85868352E+02  0.25875145E+03
  0.56100000E+01  0.85431645E+02  0.25831283E+03
  0.56200000E+01  0.84929815E+02  0.25785811E+03
  0.56300000E+01  0.84434306E+02  0.25736323E+03
  0.56400000E+01  0.84005755E+02  0.25684981E+03
  0.56500000E+01  0.83638978E+02  0.25635618E+03
  0.56600000E+01  0.83244657E+02  0.25586494E+03
  0.56700000E+01  0.82891542E+02  0.25535358E+03
  0.56800000E+01  0.82598770E+02  0.25484064E+03
  0.56900000E+01  0.82350343E+02  0.25433730E+03
  0.57000000E+01  0.82147710E+02  0.25383113E+03
  0.57100000E+01  0.82068787E+02  0.25333299E+03
  0.57200000E+01  0.82139254E+02  0.25288196E+03
  0.57300000E+01  0.81727150E+02  0.25269320E+03
  0.57400000E+01  0.81453612E+02  0.25221401E+03
  0.57500000E+01  0.81245547E+02  0.25176176E+03
  0.57600000E+01  0.81063519E+02  0.25128018E+03
  0.57700000E+01  0.80983436E+02  0.25079353E+03
  0.57800000E+01  0.80996828E+02  0.25032021E+03
  0.57900000E+01  0.81072749E+02  0.24990989E+03
  0.58000000E+01  0.81049427E+02  0.24950507E+03
  0.58100000E+01  0.81091993E+02  0.24905383E+03
  0.58200000E+01  0.81248926E+02  0.24861166E+03
  0.58300000E+01  0.81489142E+02  0.24819893E+03
  0.58400000E+01  0.81764243E+02  0.24781334E+03
  0.58500000E+01  0.82096722E+02  0.24744710E+03
  0.58600000E+01  0.82494848E+02  0.24711433E+03
  0.58700000E+01  0.82963629E+02  0.24683904E+03
  0.58800000E+01  0.83405162E+02  0.24659134E+03
  0.58900000E+01  0.83920482E+02  0.24638328E+03
  0.59000000E+01  0.84468534E+02  0.24623542E+03
  0.59100000E+01  0.85038585E+02  0.24615587E+03
  0.59200000E+01  0.85665294E+02  0.24616170E+03
  0.59300000E+01  0.86416764E+02  0.24641904E+03
  0.59400000E+01  0.86240550E+02  0.24678934E+03
  0.59500000E+01  0.85995239E+02  0.24691092E+03
  0.59600000E+01  0.85841690E+02  0.24698797E+03
  0.59700000E+01  0.85705591E+02  0.24705415E+03
  0.59800000E+01  0.85590424E+02  0.24712308E+03
  0.59900000E+01  0.85514796E+02  0.24720834E+03
  0.60000000E+01  0.85544833E+02  0.24734836E+03
  0.60100000E+01  0.85420638E+02  0.24763121E+03
  0.60200000E+01  0.84953093E+02  0.24784374E+03
  0.60300000E+01  0.84575896E+02  0.24797168E+03
  0.60400000E+01  0.84398294E+02  0.24808190E+03
  0.60500000E+01  0.85754007E+02  0.24918374E+03
  0.60600000E+01  0.82985094E+02  0.24967442E+03
  0.60700000E+01  0.81949637E+02  0.25007002E+03
  0.60800000E+01  0.80944529E+02  0.25030354E+03
  0.60900000E+01  0.79290401E+02  0.25079815E+03
  0.61000000E+01  0.77283291E+02  0.25087996E+03
  0.61100000E+01  0.75578501E+02  0.25090370E+03
  0.61200000E+01  0.73703861E+02  0.25087084E+03
  0.61300000E+01  0.71900517E+02  0.25068848E+03
  0.61400000E+01  0.70238266E+02  0.25044263E+03
  0.61500000E+01  0.68664935E+02  0.25015961E+03
  0.61600000E+01  0.67153923E+02  0.24984731E+03
  0.61700000E+01  0.65695366E+02  0.24950845E+03
  0.61800000E+01  0.64287996E+02  0.24914620E+03
  0.61900000E+01  0.62933775E+02  0.24876416E+03
  0.62000000E+01  0.61630276E+02  0.24836689E+03
  0.62100000E+01  0.60374489E+02  0.24795893E+03
  0.62200000E+01  0.59157147E+02  0.24753925E+03
  0.62300000E+01  0.57972769E+02  0.24713754E+03
  0.62400000E+01  0.56802964E+02  0.24668323E+03
  0.62500000E+01  0.55683088E+02  0.24621807E+03
  0.62600000E+01  0.54616069E+02  0.24574064E+03
  0.62700000E+01  0.53599203E+02  0.24525380E+03
  0.62800000E+01  0.52630128E+02  0.24475967E+03
  0.62900000E+01  0.51706503E+02  0.24425998E+03
  0.63000000E+01  0.50826126E+02  0.24375597E+03
  0.63100000E+01  0.49986891E+02  0.24324894E+03
  0.63200000E+01  0.49186737E+02  0.24273992E+03
  0.63300000E+01  0.48423612E+02  0.24222988E+03
  0.63400000E+01  0.47695441E+02  0.24171966E+03
  0.63500000E+01  0.47000194E+02  0.24121002E+03
  0.63600000E+01  0.46338909E+02  0.24070134E+03
  0.63700000E+01  0.45702778E+02  0.24019825E+03
  0.63800000E+01  0.45095115E+02  0.23969652E+03
  0.63900000E+01  0.44509086E+02  0.23919800E+03
  0.64000000E+01  0.43946802E+02  0.23870189E+03
  0.64100000E+01  0.43409211E+02  0.23820981E+03
  0.64200000E+01  0.42894424E+02  0.23772288E+03
  0.64300000E+01  0.42400943E+02  0.23724209E+03
  0.64400000E+01  0.41927730E+02  0.23676850E+03
  0.64500000E+01  0.41473797E+02  0.23630332E+03
  0.64600000E+01  0.41037988E+02  0.23584801E+03
  0.64700000E+01  0.40618697E+02  0.23540442E+03
  0.64800000E+01  0.40214034E+02  0.23497499E+03
  0.64900000E+01  0.39834826E+02  0.23456557E+03
  0.65000000E+01  0.39430025E+02  0.23419366E+03
  0.65100000E+01  0.39025441E+02  0.23382842E+03
  0.65200000E+01  0.38465914E+02  0.23352490E+03
  0.65300000E+01  0.37886881E+02  0.23315089E+03
  0.65400000E+01  0.37319329E+02  0.23276372E+03
  0.65500000E+01  0.36766333E+02  0.23237984E+03
  0.65600000E+01  0.36187669E+02  0.23200376E+03
  0.65700000E+01  0.35562492E+02  0.23161791E+03
  0.65800000E+01  0.34969230E+02  0.23121280E+03
  0.65900000E+01  0.34280376E+02  0.23084545E+03
  0.66000000E+01  0.33626943E+02  0.23041312E+03
  0.66100000E+01  0.32984595E+02  0.22997207E+03
  0.66200000E+01  0.32355886E+02  0.22952243E+03
  0.66300000E+01  0.31743706E+02  0.22906618E+03
  0.66400000E+01  0.31147456E+02  0.22860492E+03
  0.66500000E+01  0.30565977E+02  0.22813984E+03
  0.66600000E+01  0.29998493E+02  0.22767184E+03
  0.66700000E+01  0.29444503E+02  0.22720164E+03
  0.66800000E+01  0.28903557E+02  0.22672980E+03
  0.66900000E+01  0.28375092E+02  0.22625681E+03
  0.67000000E+01  0.27858411E+02  0.22578305E+03
  0.67100000E+01  0.27354483E+02  0.22530994E+03
  0.67200000E+01  0.26856616E+02  0.22483579E+03
  0.67300000E+01  0.26370819E+02  0.22436081E+03
  0.67400000E+01  0.25895005E+02  0.22388569E+03
  0.67500000E+01  0.25429006E+02  0.22341060E+03
  0.67600000E+01  0.24972501E+02  0.22293572E+03
  0.67700000E+01  0.24525109E+02  0.22246119E+03
  0.67800000E+01  0.24086462E+02  0.22198714E+03
  0.67900000E+01  0.23656216E+02  0.22151367E+03
  0.68000000E+01  0.23234050E+02  0.22104087E+03
  0.68100000E+01  0.22819663E+02  0.22056882E+03
  0.68200000E+01  0.22412770E+02  0.22009760E+03
  0.68300000E+01  0.22013104E+02  0.21962726E+03
  0.68400000E+01  0.21620414E+02  0.21915785E+03
  0.68500000E+01  0.21234464E+02  0.21868942E+03
  0.68600000E+01  0.20855037E+02  0.21822202E+03
  0.68700000E+01  0.20481928E+02  0.21775567E+03
  0.68800000E+01  0.20114944E+02  0.21729042E+03
  0.68900000E+01  0.19753910E+02  0.21682629E+03
  0.69000000E+01  0.19398660E+02  0.21636331E+03
  0.69100000E+01  0.19049038E+02  0.21590150E+03
  0.69200000E+01  0.18704901E+02  0.21544088E+03
  0.69300000E+01  0.18366116E+02  0.21498148E+03
  0.69400000E+01  0.18032555E+02  0.21452330E+03
  0.69500000E+01  0.17704102E+02  0.21406637E+03
  0.69600000E+01  0.17380647E+02  0.21361070E+03
  0.69700000E+01  0.17062089E+02  0.21315630E+03
  0.69800000E+01  0.16748332E+02  0.21270318E+03
  0.69900000E+01  0.16439278E+02  0.21225136E+03
  0.70000000E+01  0.16134832E+02  0.21180085E+03
  0.70100000E+01  0.15834918E+02  0.21135165E+03
  0.70200000E+01  0.15539461E+02  0.21090376E+03
  0.70300000E+01  0.15248395E+02  0.21045720E+03
  0.70400000E+01  0.14961650E+02  0.21001197E+03
  0.70500000E+01  0.14679155E+02  0.20956809E+03
  0.70600000E+01  0.14400842E+02  0.20912555E+03
  0.70700000E+01  0.14126648E+02  0.20868435E+03
  0.70800000E+01  0.13856511E+02  0.20824462E+03
  0.70900000E+01  0.13590377E+02  0.20780612E+03
  0.71000000E+01  0.13328194E+02  0.20736902E+03
  0.71100000E+01  0.13069912E+02  0.20693328E+03
  0.71200000E+01  0.12815487E+02  0.20649892E+03
  0.71300000E+01  0.12564872E+02  0.20606593E+03
  0.71400000E+01  0.12318022E+02  0.20563432E+03
  0.71500000E+01  0.12074891E+02  0.20520410E+03
  0.71600000E+01  0.11835436E+02  0.20477526E+03
  0.71700000E+01  0.11599615E+02  0.20434780E+03
  0.71800000E+01  0.11367385E+02  0.20392174E+03
  0.71900000E+01  0.11138708E+02  0.20349708E+03
  0.72000000E+01  0.10913543E+02  0.20307381E+03
  0.72100000E+01  0.10691852E+02  0.20265194E+03
  0.72200000E+01  0.10473597E+02  0.20223147E+03
  0.72300000E+01  0.10258743E+02  0.20181240E+03
  0.72400000E+01  0.10047253E+02  0.20139474E+03
  0.72500000E+01  0.98390907E+01  0.20097849E+03
  0.72600000E+01  0.96342222E+01  0.20056364E+03
  0.72700000E+01  0.94326128E+01  0.20015021E+03
  0.72800000E+01  0.92342289E+01  0.19973818E+03
  0.72900000E+01  0.90390368E+01  0.19932757E+03
  0.73000000E+01  0.88470036E+01  0.19891837E+03
  0.73100000E+01  0.86580966E+01  0.19851059E+03
  0.73200000E+01  0.84722835E+01  0.19810422E+03
  0.73300000E+01  0.82895323E+01  0.19769927E+03
  0.73400000E+01  0.81098111E+01  0.19729574E+03
  0.73500000E+01  0.79330884E+01  0.19689362E+03
  0.73600000E+01  0.77593329E+01  0.19649292E+03
  0.73700000E+01  0.75885135E+01  0.19609364E+03
  0.73800000E+01  0.74205991E+01  0.19569578E+03
  0.73900000E+01  0.72555589E+01  0.19529933E+03
  0.74000000E+01  0.70933623E+01  0.19490430E+03
  0.74100000E+01  0.69339786E+01  0.19451070E+03
  0.74200000E+01  0.67773774E+01  0.19411850E+03
  0.74300000E+01  0.66235283E+01  0.19372773E+03
  0.74400000E+01  0.64724010E+01  0.19333837E+03
  0.74500000E+01  0.63239652E+01  0.19295043E+03
  0.74600000E+01  0.61781909E+01  0.19256390E+03
  0.74700000E+01  0.60350480E+01  0.19217879E+03
  0.74800000E+01  0.58945063E+01  0.19179509E+03
  0.74900000E+01  0.57565359E+01  0.19141280E+03
  0.75000000E+01  0.56211069E+01  0.19103192E+03
  0.75100000E+01  0.54881893E+01  0.19065245E+03
  0.75200000E+01  0.53577533E+01  0.19027438E+03
  0.75300000E+01  0.52297690E+01  0.18989772E+03
  0.75400000E+01  0.51042068E+01  0.18952247E+03
  0.75500000E+01  0.49810368E+01  0.18914861E+03
  0.75600000E+01  0.48602295E+01  0.18877615E+03
  0.75700000E+01  0.47417550E+01  0.18840509E+03
  0.75800000E+01  0.46255839E+01  0.18803543E+03
  0.75900000E+01  0.45116867E+01  0.18766716E+03
  0.76000000E+01  0.44000337E+01  0.18730027E+03
  0.76100000E+01  0.42905957E+01  0.18693478E+03
  0.76200000E+01  0.41833432E+01  0.18657066E+03
  0.76300000E+01  0.40782469E+01  0.18620793E+03
  0.76400000E+01  0.39752777E+01  0.18584658E+03
  0.76500000E+01  0.38744063E+01  0.18548660E+03
  0.76600000E+01  0.37756037E+01  0.18512799E+03
  0.76700000E+01  0.36788409E+01  0.18477075E+03
  0.76800000E+01  0.35840890E+01  0.18441488E+03
  0.76900000E+01  0.34913193E+01  0.18406037E+03
  0.77000000E+01  0.34005030E+01  0.18370722E+03
  0.77100000E+01  0.33116115E+01  0.18335542E+03
  0.77200000E+01  0.32246163E+01  0.18300497E+03
  0.77300000E+01  0.31394892E+01  0.18265586E+03
  0.77400000E+01  0.30562019E+01  0.18230811E+03
  0.77500000E+01  0.29747262E+01  0.18196168E+03
  0.77600000E+01  0.28950342E+01  0.18161660E+03
  0.77700000E+01  0.28170981E+01  0.18127284E+03
  0.77800000E+01  0.27408903E+01  0.18093041E+03
  0.77900000E+01  0.26663831E+01  0.18058930E+03
  0.78000000E+01  0.25935493E+01  0.18024951E+03
  0.78100000E+01  0.25223616E+01  0.17991103E+03
  0.78200000E+01  0.24527931E+01  0.17957386E+03
  0.78300000E+01  0.23848168E+01  0.17923800E+03
  0.78400000E+01  0.23184061E+01  0.17890343E+03
  0.78500000E+01  0.22535345E+01  0.17857016E+03
  0.78600000E+01  0.21901757E+01  0.17823817E+03
  0.78700000E+01  0.21283036E+01  0.17790747E+03
  0.78800000E+01  0.20678923E+01  0.17757806E+03
  0.78900000E+01  0.20089162E+01  0.17724991E+03
  0.79000000E+01  0.19513497E+01  0.17692304E+03
  0.79100000E+01  0.18951676E+01  0.17659743E+03
  0.79200000E+01  0.18403448E+01  0.17627308E+03
  0.79300000E+01  0.17868566E+01  0.17594999E+03
  0.79400000E+01  0.17346782E+01  0.17562814E+03
  0.79500000E+01  0.16837854E+01  0.17530754E+03
  0.79600000E+01  0.16341539E+01  0.17498819E+03
  0.79700000E+01  0.15857600E+01  0.17467006E+03
  0.79800000E+01  0.15385799E+01  0.17435316E+03
  0.79900000E+01  0.14925902E+01  0.17403749E+03
  0.80000000E+01  0.14477679E+01  0.17372303E+03
  0.80100000E+01  0.14040898E+01  0.17340979E+03
  0.80200000E+01  0.13615335E+01  0.17309776E+03
  0.80300000E+01  0.13200765E+01  0.17278693E+03
  0.80400000E+01  0.12796966E+01  0.17247729E+03
  0.80500000E+01  0.12403720E+01  0.17216885E+03
  0.80600000E+01  0.12020810E+01  0.17186159E+03
  0.80700000E+01  0.11648022E+01  0.17155551E+03
  0.80800000E+01  0.11285147E+01  0.17125061E+03
  0.80900000E+01  0.10931975E+01  0.17094688E+03
  0.81000000E+01  0.10588301E+01  0.17064431E+03
  0.81100000E+01  0.10253923E+01  0.17034290E+03
  0.81200000E+01  0.99286388E+00  0.17004265E+03
  0.81300000E+01  0.96122525E+00  0.16974354E+03
  0.81400000E+01  0.93045691E+00  0.16944557E+03
  0.81500000E+01  0.90053966E+00  0.16914874E+03
  0.81600000E+01  0.87145458E+00  0.16885304E+03
  0.81700000E+01  0.84318302E+00  0.16855847E+03
  0.81800000E+01  0.81570662E+00  0.16826502E+03
  0.81900000E+01  0.78900727E+00  0.16797268E+03
  0.82000000E+01  0.76306716E+00  0.16768145E+03
  0.82100000E+01  0.73786875E+00  0.16739133E+03
  0.82200000E+01  0.71339476E+00  0.16710230E+03
  0.82300000E+01  0.68962820E+00  0.16681437E+03
  0.82400000E+01  0.66655235E+00  0.16652752E+03
  0.82500000E+01  0.64415077E+00  0.16624176E+03
  0.82600000E+01  0.62240727E+00  0.16595707E+03
  0.82700000E+01  0.60130595E+00  0.16567345E+03
  0.82800000E+01  0.58083119E+00  0.16539090E+03
  0.82900000E+01  0.56096762E+00  0.16510941E+03
  0.83000000E+01  0.54170014E+00  0.16482897E+03
  0.83100000E+01  0.52301393E+00  0.16454958E+03
  0.83200000E+01  0.50489442E+00  0.16427124E+03
  0.83300000E+01  0.48732731E+00  0.16399393E+03
  0.83400000E+01  0.47029858E+00  0.16371766E+03
  0.83500000E+01  0.45379445E+00  0.16344242E+03
  0.83600000E+01  0.43780139E+00  0.16316820E+03
  0.83700000E+01  0.42230615E+00  0.16289499E+03
  0.83800000E+01  0.40729573E+00  0.16262280E+03
  0.83900000E+01  0.39275737E+00  0.16235161E+03
  0.84000000E+01  0.37867857E+00  0.16208143E+03
  0.84100000E+01  0.36504709E+00  0.16181224E+03
  0.84200000E+01  0.35185091E+00  0.16154404E+03
  0.84300000E+01  0.33907828E+00  0.16127683E+03
  0.84400000E+01  0.32671767E+00  0.16101060E+03
  0.84500000E+01  0.31475781E+00  0.16074534E+03
  0.84600000E+01  0.30318765E+00  0.16048106E+03
  0.84700000E+01  0.29199637E+00  0.16021774E+03
  0.84800000E+01  0.28117341E+00  0.15995538E+03
  0.84900000E+01  0.27070841E+00  0.15969397E+03
  0.85000000E+01  0.26059124E+00  0.15943352E+03
  0.85100000E+01  0.25081202E+00  0.15917401E+03
  0.85200000E+01  0.24136105E+00  0.15891544E+03
  0.85300000E+01  0.23222888E+00  0.15865780E+03
  0.85400000E+01  0.22340625E+00  0.15840110E+03
  0.85500000E+01  0.21488414E+00  0.15814532E+03
  0.85600000E+01  0.20665371E+00  0.15789046E+03
  0.85700000E+01  0.19870636E+00  0.15763651E+03
  0.85800000E+01  0.19103365E+00  0.15738348E+03
  0.85900000E+01  0.18362737E+00  0.15713135E+03
  0.86000000E+01  0.17647951E+00  0.15688012E+03
  0.86100000E+01  0.16958223E+00  0.15662979E+03
  0.86200000E+01  0.16292791E+00  0.15638035E+03
  0.86300000E+01  0.15650910E+00  0.15613180E+03
  0.86400000E+01  0.15031853E+00  0.15588412E+03
  0.86500000E+01  0.14434913E+00  0.15563733E+03
  0.86600000E+01  0.13859400E+00  0.15539141E+03
  0.86700000E+01  0.13304641E+00  0.15514635E+03
  0.86800000E+01  0.12769982E+00  0.15490216E+03
  0.86900000E+01  0.12254783E+00  0.15465883E+03
  0.87000000E+01  0.11758424E+00  0.15441635E+03
  0.87100000E+01  0.11280299E+00  0.15417472E+03
  0.87200000E+01  0.10819820E+00  0.15393394E+03
  0.87300000E+01  0.10376412E+00  0.15369399E+03
  0.87400000E+01  0.99495194E-01  0.15345489E+03
  0.87500000E+01  0.95385982E-01  0.15321661E+03
  0.87600000E+01  0.91431210E-01  0.15297916E+03
  0.87700000E+01  0.87625746E-01  0.15274254E+03
  0.87800000E+01  0.83964601E-01  0.15250673E+03
  0.87900000E+01  0.80442927E-01  0.15227174E+03
  0.88000000E+01  0.77056011E-01  0.15203756E+03
  0.88100000E+01  0.73799275E-01  0.15180418E+03
  0.88200000E+01  0.70668274E-01  0.15157160E+03
  0.88300000E+01  0.67658689E-01  0.15133982E+03
  0.88400000E+01  0.64766327E-01  0.15110884E+03
  0.88500000E+01  0.61987120E-01  0.15087864E+03
  0.88600000E+01  0.59317119E-01  0.15064923E+03
  0.88700000E+01  0.56752491E-01  0.15042060E+03
  0.88800000E+01  0.54289520E-01  0.15019274E+03
  0.88900000E+01  0.51924600E-01  0.14996566E+03
  0.89000000E+01  0.49654237E-01  0.14973935E+03
  0.89100000E+01  0.47475042E-01  0.14951380E+03
  0.89200000E+01  0.45383730E-01  0.14928901E+03
  0.89300000E+01  0.43377121E-01  0.14906497E+03
  0.89400000E+01  0.41452130E-01  0.14884169E+03
  0.89500000E+01  0.39605772E-01  0.14861916E+03
  0.89600000E+01  0.37835155E-01  0.14839737E+03
  0.89700000E+01  0.36137480E-01  0.14817632E+03
  0.89800000E+01  0.34510038E-01  0.14795601E+03
  0.89900000E+01  0.32950206E-01  0.14773643E+03
  0.90000000E+01  0.31455446E-01  0.14751758E+03
  0.90100000E+01  0.30023306E-01  0.14729946E+03
  0.90200000E+01  0.28651412E-01  0.14708205E+03
  0.90300000E+01  0.27337469E-01  0.14686537E+03
  0.90400000E+01  0.26079259E-01  0.14664940E+03
  0.90500000E+01  0.24874639E-01  0.14643414E+03
  0.90600000E+01  0.23721536E-01  0.14621959E+03
  0.90700000E+01  0.22617949E-01  0.14600573E+03
  0.90800000E+01  0.21561947E-01  0.14579258E+03
  0.90900000E+01  0.20551662E-01  0.14558013E+03
  0.91000000E+01  0.19585293E-01  0.14536837E+03
  0.91100000E+01  0.18661101E-01  0.14515729E+03
  0.91200000E+01  0.17777408E-01  0.14494690E+03
  0.91300000E+01  0.16932595E-01  0.14473720E+03
  0.91400000E+01  0.16125099E-01  0.14452817E+03
  0.91500000E+01  0.15353416E-01  0.14431981E+03
  0.91600000E+01  0.14616093E-01  0.14411213E+03
  0.91700000E+01  0.13911730E-01  0.14390512E+03
  0.91800000E+01  0.13238978E-01  0.14369877E+03
  0.91900000E+01  0.12596538E-01  0.14349308E+03
  0.92000000E+01  0.11983158E-01  0.14328805E+03
  0.92100000E+01  0.11397632E-01  0.14308367E+03
  0.92200000E+01  0.10838799E-01  0.14287995E+03
  0.92300000E+01  0.10305541E-01  0.14267687E+03
  0.92400000E+01  0.97967826E-02  0.14247444E+03
  0.92500000E+01  0.93114880E-02  0.14227264E+03
  0.92600000E+01  0.88486617E-02  0.14207149E+03
  0.92700000E+01  0.84073456E-02  0.14187097E+03
  0.92800000E+01  0.79866186E-02  0.14167109E+03
  0.92900000E+01  0.75855950E-02  0.14147183E+03
  0.93000000E+01  0.72034235E-02  0.14127320E+03
  0.93100000E+01  0.68392861E-02  0.14107519E+03
  0.93200000E+01  0.64923966E-02  0.14087780E+03
  0.93300000E+01  0.61620000E-02  0.14068102E+03
  0.93400000E+01  0.58473711E-02  0.14048486E+03
  0.93500000E+01  0.55478137E-02  0.14028931E+03
  0.93600000E+01  0.52626593E-02  0.14009437E+03
  0.93700000E+01  0.49912664E-02  0.13990003E+03
  0.93800000E+01  0.47330194E-02  0.13970629E+03
  0.93900000E+01  0.44873279E-02  0.13951315E+03
  0.94000000E+01  0.42536253E-02  0.13932060E+03
  0.94100000E+01  0.40313686E-02  0.13912865E+03
  0.94200000E+01  0.38200369E-02  0.13893728E+03
  0.94300000E+01  0.36191313E-02  0.13874651E+03
  0.94400000E+01  0.34281734E-02  0.13855631E+03
  0.94500000E+01  0.32467048E-02  0.13836670E+03
  0.94600000E+01  0.30742867E-02  0.13817766E+03
  0.94700000E+01  0.29104987E-02  0.13798920E+03
  0.94800000E+01  0.27549381E-02  0.13780132E+03
  0.94900000E+01  0.26072198E-02  0.13761400E+03
  0.95000000E+01  0.24669750E-02  0.13742725E+03
  0.95100000E+01  0.23338507E-02  0.13724106E+03
  0.95200000E+01  0.22075094E-02  0.13705543E+03
  0.95300000E+01  0.20876283E-02  0.13687037E+03
  0.95400000E+01  0.19738987E-02  0.13668585E+03
  0.95500000E+01  0.18660254E-02  0.13650190E+03
  0.95600000E+01  0.17637262E-02  0.13631849E+03
  0.95700000E+01  0.16667317E-02  0.13613563E+03
  0.95800000E+01  0.15747842E-02  0.13595331E+03
  0.95900000E+01  0.14876378E-02  0.13577154E+03
  0.96000000E+01  0.14050574E-02  0.13559031E+03
  0.96100000E+01  0.13268188E-02  0.13540962E+03
  0.96200000E+01  0.12527078E-02  0.13522946E+03
  0.96300000E+01  0.11825201E-02  0.13504983E+03
  0.96400000E+01  0.11160606E-02  0.13487074E+03
  0.96500000E+01  0.10531434E-02  0.13469217E+03
  0.96600000E+01  0.99359099E-03  0.13451412E+03
  0.96700000E+01  0.93723425E-03  0.13433660E+03
  0.96800000E+01  0.88391188E-03  0.13415960E+03
  0.96900000E+01  0.83347017E-03  0.13398312E+03
  0.97000000E+01  0.78576262E-03  0.13380715E+03
  0.97100000E+01  0.74064968E-03  0.13363169E+03
  0.97200000E+01  0.69799841E-03  0.13345675E+03
  0.97300000E+01  0.65768222E-03  0.13328231E+03
  0.97400000E+01  0.61958058E-03  0.13310838E+03
  0.97500000E+01  0.58357875E-03  0.13293495E+03
  0.97600000E+01  0.54956754E-03  0.13276202E+03
  0.97700000E+01  0.51744306E-03  0.13258959E+03
  0.97800000E+01  0.48710648E-03  0.13241766E+03
  0.97900000E+01  0.45846379E-03  0.13224622E+03
  0.98000000E+01  0.43142562E-03  0.13207528E+03
  0.98100000E+01  0.40590699E-03  0.13190482E+03
  0.98200000E+01  0.38182714E-03  0.13173485E+03
  0.98300000E+01  0.35910932E-03  0.13156536E+03
  0.98400000E+01  0.33768063E-03  0.13139636E+03
  0.98500000E+01  0.31747180E-03  0.13122784E+03
  0.98600000E+01  0.29841706E-03  0.13105979E+03
  0.98700000E+01  0.28045398E-03  0.13089223E+03
  0.98800000E+01  0.26352327E-03  0.13072513E+03
  0.98900000E+01  0.24756869E-03  0.13055851E+03
  0.99000000E+01  0.23253686E-03  0.13039236E+03
  0.99100000E+01  0.21837714E-03  0.13022668E+03
  0.99200000E+01  0.20504151E-03  0.13006146E+03
  0.99300000E+01  0.19248444E-03  0.12989670E+03
  0.99400000E+01  0.18066276E-03  0.12973241E+03
  0.99500000E+01  0.16953556E-03  0.12956857E+03
  0.99600000E+01  0.15906406E-03  0.12940520E+03
  0.99700000E+01  0.14921153E-03  0.12924227E+03
  0.99800000E+01  0.13994317E-03  0.12907980E+03
  0.99900000E+01  0.13122605E-03  0.12891778E+03
  0.10000000E+02  0.12302896E-03  0.12875622E+03
