  0.00000000E+00  0.16424429E+00 -0.35418695E-17
  0.10000000E-01  0.16407399E+00  0.38583450E-01
  0.20000000E-01  0.16356270E+00  0.77257090E-01
  0.30000000E-01  0.16270932E+00  0.11611124E+00
  0.40000000E-01  0.16151195E+00  0.15523646E+00
  0.50000000E-01  0.15996797E+00  0.19472373E+00
  0.60000000E-01  0.15807397E+00  0.23466452E+00
  0.70000000E-01  0.15582578E+00  0.27515095E+00
  0.80000000E-01  0.15321844E+00  0.31627591E+00
  0.90000000E-01  0.15024617E+00  0.35813321E+00
  0.10000000E+00  0.14690238E+00  0.40081766E+00
  0.11000000E+00  0.14317964E+00  0.44442528E+00
  0.12000000E+00  0.13906964E+00  0.48905336E+00
  0.13000000E+00  0.13456320E+00  0.53480061E+00
  0.14000000E+00  0.12965022E+00  0.58176732E+00
  0.15000000E+00  0.12431963E+00  0.63005547E+00
  0.16000000E+00  0.11855939E+00  0.67976887E+00
  0.17000000E+00  0.11235644E+00  0.73101327E+00
  0.18000000E+00  0.10569667E+00  0.78389654E+00
  0.19000000E+00  0.98564830E-01  0.83852878E+00
  0.20000000E+00  0.90944553E-01  0.89502243E+00
  0.21000000E+00  0.82818250E-01  0.95349246E+00
  0.22000000E+00  0.74167077E-01  0.10140564E+01
  0.23000000E+00  0.64970870E-01  0.10768348E+01
  0.24000000E+00  0.55208082E-01  0.11419506E+01
  0.25000000E+00  0.44855718E-01  0.12095304E+01
  0.26000000E+00  0.33889256E-01  0.12797034E+01
  0.27000000E+00  0.22282574E-01  0.13526025E+01
  0.28000000E+00  0.10007864E-01  0.14283638E+01
  0.29000000E+00 -0.29644549E-02  0.15071270E+01
  0.30000000E+00 -0.16665835E-01  0.15890355E+01
  0.31000000E+00 -0.31129699E-01  0.16742363E+01
  0.32000000E+00 -0.46391544E-01  0.17628804E+01
  0.33000000E+00 -0.62489064E-01  0.18551229E+01
  0.34000000E+00 -0.79462265E-01  0.19511226E+01
  0.35000000E+00 -0.97353594E-01  0.20510429E+01
  0.36000000E+00 -0.11620808E+00  0.21550511E+01
  0.37000000E+00 -0.13607348E+00  0.22633188E+01
  0.38000000E+00 -0.15700043E+00  0.23760220E+01
  0.39000000E+00 -0.17904259E+00  0.24933411E+01
  0.40000000E+00 -0.20225687E+00  0.26154607E+01
  0.41000000E+00 -0.22670353E+00  0.27425699E+01
  0.42000000E+00 -0.25244645E+00  0.28748619E+01
  0.43000000E+00 -0.27955327E+00  0.30125343E+01
  0.44000000E+00 -0.30809566E+00  0.31557888E+01
  0.45000000E+00 -0.33814947E+00  0.33048311E+01
  0.46000000E+00 -0.36979502E+00  0.34598707E+01
  0.47000000E+00 -0.40311732E+00  0.36211209E+01
  0.48000000E+00 -0.43820628E+00  0.37887983E+01
  0.49000000E+00 -0.47515705E+00  0.39631225E+01
  0.50000000E+00 -0.51407020E+00  0.41443161E+01
  0.51000000E+00 -0.55505201E+00  0.43326039E+01
  0.52000000E+00 -0.59821476E+00  0.45282124E+01
  0.53000000E+00 -0.64367695E+00  0.47313697E+01
  0.54000000E+00 -0.69156359E+00  0.49423045E+01
  0.55000000E+00 -0.74200639E+00  0.51612454E+01
  0.56000000E+00 -0.79514398E+00  0.53884202E+01
  0.57000000E+00 -0.85112209E+00  0.56240550E+01
  0.58000000E+00 -0.91009357E+00  0.58683729E+01
  0.59000000E+00 -0.97221846E+00  0.61215932E+01
  0.60000000E+00 -0.10376638E+01  0.63839300E+01
  0.61000000E+00 -0.11066032E+01  0.66555908E+01
  0.62000000E+00 -0.11792164E+01  0.69367757E+01
  0.63000000E+00 -0.12556880E+01  0.72276752E+01
  0.64000000E+00 -0.13362061E+01  0.75284689E+01
  0.65000000E+00 -0.14209595E+01  0.78393222E+01
  0.66000000E+00 -0.15101342E+01  0.81603830E+01
  0.67000000E+00 -0.16039076E+01  0.84917803E+01
  0.68000000E+00 -0.17024395E+01  0.88336300E+01
  0.69000000E+00 -0.18058586E+01  0.91860462E+01
  0.70000000E+00 -0.19142405E+01  0.95491224E+01
  0.71000000E+00 -0.20275711E+01  0.99228134E+01
  0.72000000E+00 -0.21456844E+01  0.10306747E+02
  0.73000000E+00 -0.22681548E+01  0.10700479E+02
  0.74000000E+00 -0.23941316E+01  0.11105471E+02
  0.75000000E+00 -0.25221800E+01  0.11528228E+02
  0.76000000E+00 -0.26475747E+01  0.11949208E+02
  0.77000000E+00 -0.27284750E+01  0.12406807E+02
  0.78000000E+00 -0.28451892E+01  0.13065343E+02
  0.79000000E+00 -0.30228354E+01  0.13722292E+02
  0.80000000E+00 -0.32347910E+01  0.14388995E+02
  0.81000000E+00 -0.34798508E+01  0.15070152E+02
  0.82000000E+00 -0.37599085E+01  0.15760333E+02
  0.83000000E+00 -0.40805531E+01  0.16461502E+02
  0.84000000E+00 -0.44584957E+01  0.17173967E+02
  0.85000000E+00 -0.49180412E+01  0.17778156E+02
  0.86000000E+00 -0.53725027E+01  0.18203397E+02
  0.87000000E+00 -0.57991371E+01  0.18591927E+02
  0.88000000E+00 -0.62228298E+01  0.18982774E+02
  0.89000000E+00 -0.66545238E+01  0.19372202E+02
  0.90000000E+00 -0.70996063E+01  0.19754708E+02
  0.91000000E+00 -0.75616691E+01  0.20125341E+02
  0.92000000E+00 -0.80435218E+01  0.20478956E+02
  0.93000000E+00 -0.85474311E+01  0.20808945E+02
  0.94000000E+00 -0.90749887E+01  0.21106497E+02
  0.95000000E+00 -0.96264949E+01  0.21359474E+02
  0.96000000E+00 -0.10199198E+02  0.21547869E+02
  0.97000000E+00 -0.10780362E+02  0.21622839E+02
  0.98000000E+00 -0.11214309E+02  0.21560293E+02
  0.99000000E+00 -0.11533221E+02  0.21826094E+02
  0.10000000E+01 -0.12058845E+02  0.22886394E+02
  0.10100000E+01 -0.12966879E+02  0.23994171E+02
  0.10200000E+01 -0.14249068E+02  0.24693355E+02
  0.10300000E+01 -0.15620788E+02  0.24528385E+02
  0.10400000E+01 -0.16879441E+02  0.24327209E+02
  0.10500000E+01 -0.18384743E+02  0.22672026E+02
  0.10600000E+01 -0.19208952E+02  0.21191516E+02
  0.10700000E+01 -0.19762918E+02  0.20267964E+02
  0.10800000E+01 -0.20207408E+02  0.21014626E+02
  0.10900000E+01 -0.21816168E+02  0.29554172E+02
  0.11000000E+01 -0.34211563E+02  0.22630901E+02
  0.11100000E+01 -0.34780269E+02  0.87371056E+01
  0.11200000E+01 -0.34566778E+02  0.98766980E+00
  0.11300000E+01 -0.34239799E+02 -0.56517184E+01
  0.11400000E+01 -0.33708094E+02 -0.12310554E+02
  0.11500000E+01 -0.32152209E+02 -0.18319527E+02
  0.11600000E+01 -0.31405586E+02 -0.22452282E+02
  0.11700000E+01 -0.31026411E+02 -0.28087510E+02
  0.11800000E+01 -0.30522038E+02 -0.35563366E+02
  0.11900000E+01 -0.29503084E+02 -0.45493919E+02
  0.12000000E+01 -0.27546312E+02 -0.59279645E+02
  0.12100000E+01 -0.16029630E+02 -0.69601329E+02
  0.12200000E+01 -0.63973211E+01 -0.70262130E+02
  0.12300000E+01  0.33784700E+00 -0.59880421E+02
  0.12400000E+01  0.18397172E+01 -0.50199661E+02
  0.12500000E+01  0.39693307E+01 -0.41468890E+02
  0.12600000E+01  0.44276239E+01 -0.33245497E+02
  0.12700000E+01  0.31792094E+01 -0.27050048E+02
  0.12800000E+01  0.22284657E+01 -0.24571315E+02
  0.12900000E+01  0.13897558E+01 -0.23265162E+02
  0.13000000E+01  0.61928627E+00 -0.22892338E+02
  0.13100000E+01 -0.75291740E-01 -0.23558423E+02
  0.13200000E+01 -0.53483901E+00 -0.25321018E+02
  0.13300000E+01 -0.63911807E+00 -0.28395288E+02
  0.13400000E+01 -0.56224048E-01 -0.32465333E+02
  0.13500000E+01  0.18039561E+01 -0.36744559E+02
  0.13600000E+01  0.53304045E+01 -0.36843079E+02
  0.13700000E+01  0.82154365E+01 -0.33297408E+02
  0.13800000E+01  0.89192305E+01 -0.27747211E+02
  0.13900000E+01  0.84391400E+01 -0.23060275E+02
  0.14000000E+01  0.69360148E+01 -0.19961660E+02
  0.14100000E+01  0.43282391E+01 -0.17549835E+02
  0.14200000E+01 -0.16330475E+01 -0.18795040E+02
  0.14300000E+01 -0.94621173E+01 -0.40549297E+02
  0.14400000E+01  0.41574895E+02 -0.69628739E+02
  0.14500000E+01  0.34344800E+02 -0.22014511E+02
  0.14600000E+01  0.29657870E+02 -0.14089185E+02
  0.14700000E+01  0.27290508E+02 -0.91132731E+01
  0.14800000E+01  0.25635639E+02 -0.33795311E+01
  0.14900000E+01  0.19429439E+02  0.93710964E+00
  0.15000000E+01  0.18182066E+02 -0.16729779E+01
  0.15100000E+01  0.17516017E+02 -0.21455107E+01
  0.15200000E+01  0.16976422E+02 -0.21514566E+01
  0.15300000E+01  0.16676728E+02 -0.21274484E+01
  0.15400000E+01  0.16455331E+02 -0.18847542E+01
  0.15500000E+01  0.16293143E+02 -0.16914839E+01
  0.15600000E+01  0.16178693E+02 -0.18981740E+01
  0.15700000E+01  0.16689951E+02 -0.16386235E+01
  0.15800000E+01  0.18411862E+02 -0.90513615E+00
  0.15900000E+01  0.18499407E+02  0.15939252E+01
  0.16000000E+01  0.18619363E+02  0.35519290E+01
  0.16100000E+01  0.18740774E+02  0.56654030E+01
  0.16200000E+01  0.18878057E+02  0.75141734E+01
  0.16300000E+01  0.19360723E+02  0.10052952E+02
  0.16400000E+01  0.20131614E+02  0.13465957E+02
  0.16500000E+01  0.20609654E+02  0.19519153E+02
  0.16600000E+01  0.20271695E+02  0.26405217E+02
  0.16700000E+01  0.19156559E+02  0.34758537E+02
  0.16800000E+01  0.16006863E+02  0.44127212E+02
  0.16900000E+01  0.90631203E+01  0.50063837E+02
  0.17000000E+01  0.36257730E+01  0.45317384E+02
  0.17100000E+01  0.71857852E+00  0.41319870E+02
  0.17200000E+01 -0.19648652E+01  0.39248887E+02
  0.17300000E+01 -0.52261124E+01  0.32727979E+02
  0.17400000E+01 -0.60938808E+01  0.27102125E+02
  0.17500000E+01 -0.65246884E+01  0.22900953E+02
  0.17600000E+01 -0.67250890E+01  0.19515167E+02
  0.17700000E+01 -0.67306719E+01  0.16734311E+02
  0.17800000E+01 -0.64614429E+01  0.14631524E+02
  0.17900000E+01 -0.75716809E+01  0.13727224E+02
  0.18000000E+01 -0.73170695E+01  0.10038584E+02
  0.18100000E+01 -0.68035135E+01  0.76227215E+01
  0.18200000E+01 -0.60053542E+01  0.55720658E+01
  0.18300000E+01 -0.48380256E+01  0.47667433E+01
  0.18400000E+01 -0.41635616E+01  0.56607889E+01
  0.18500000E+01 -0.39036955E+01  0.60108555E+01
  0.18600000E+01 -0.38143756E+01  0.62089902E+01
  0.18700000E+01 -0.37255060E+01  0.63145365E+01
  0.18800000E+01 -0.36952840E+01  0.64340183E+01
  0.18900000E+01 -0.37078342E+01  0.65712459E+01
  0.19000000E+01 -0.37749927E+01  0.67813761E+01
  0.19100000E+01 -0.38583470E+01  0.69954434E+01
  0.19200000E+01 -0.40531993E+01  0.75657507E+01
  0.19300000E+01 -0.45325777E+01  0.78693120E+01
  0.19400000E+01 -0.50698398E+01  0.83102479E+01
  0.19500000E+01 -0.67035876E+01  0.71127704E+01
  0.19600000E+01 -0.69754891E+01  0.45605692E+01
  0.19700000E+01 -0.68337020E+01  0.35881644E+01
  0.19800000E+01 -0.70016872E+01  0.20037964E+01
  0.19900000E+01 -0.70327374E+01  0.10586433E+00
  0.20000000E+01 -0.68899583E+01 -0.21748397E+01
  0.20100000E+01 -0.63585790E+01 -0.50251786E+01
  0.20200000E+01 -0.49104262E+01 -0.72699613E+01
  0.20300000E+01 -0.28787304E+01 -0.82674295E+01
  0.20400000E+01 -0.20848722E+01 -0.66441758E+01
  0.20500000E+01 -0.13490647E+01 -0.55753982E+01
  0.20600000E+01 -0.72919449E+00 -0.45009226E+01
  0.20700000E+01 -0.26417160E+00 -0.33478643E+01
  0.20800000E+01  0.71997859E-01 -0.22637643E+01
  0.20900000E+01  0.34476811E+00 -0.12216545E+01
  0.21000000E+01  0.72543896E+00 -0.10921008E+00
  0.21100000E+01  0.82417209E+00  0.17897951E+01
  0.21200000E+01  0.91593044E+00  0.35645138E+01
  0.21300000E+01  0.64425115E+00  0.54469316E+01
  0.21400000E+01  0.39765095E+00  0.84969561E+01
  0.21500000E+01 -0.53227079E+01  0.15934213E+02
  0.21600000E+01 -0.54853328E+01  0.63615286E+01
  0.21700000E+01 -0.52068207E+01  0.45815704E+01
  0.21800000E+01 -0.51898439E+01  0.38810948E+01
  0.21900000E+01 -0.53576712E+01  0.35704290E+01
  0.22000000E+01 -0.57446476E+01  0.28389673E+01
  0.22100000E+01 -0.61850732E+01  0.24184695E+01
  0.22200000E+01 -0.64388264E+01  0.81110900E+00
  0.22300000E+01 -0.63790298E+01 -0.32387983E+00
  0.22400000E+01 -0.63236420E+01 -0.12387121E+01
  0.22500000E+01 -0.62594791E+01 -0.22676685E+01
  0.22600000E+01 -0.58012460E+01 -0.26217119E+01
  0.22700000E+01 -0.56900356E+01 -0.27919193E+01
  0.22800000E+01 -0.56869900E+01 -0.29062065E+01
  0.22900000E+01 -0.58661325E+01 -0.32773073E+01
  0.23000000E+01 -0.59764797E+01 -0.40777923E+01
  0.23100000E+01 -0.59819863E+01 -0.50076965E+01
  0.23200000E+01 -0.60427020E+01 -0.59018766E+01
  0.23300000E+01 -0.61152841E+01 -0.76140758E+01
  0.23400000E+01 -0.56064060E+01 -0.94387909E+01
  0.23500000E+01 -0.49349852E+01 -0.10672785E+02
  0.23600000E+01 -0.41998371E+01 -0.11864670E+02
  0.23700000E+01 -0.32407794E+01 -0.12619256E+02
  0.23800000E+01 -0.19402923E+01 -0.12901428E+02
  0.23900000E+01 -0.93850717E+00 -0.11946302E+02
  0.24000000E+01 -0.15980695E+00 -0.10850426E+02
  0.24100000E+01  0.45030555E+00 -0.93945510E+01
  0.24200000E+01  0.78168577E+00 -0.81055028E+01
  0.24300000E+01  0.10360246E+01 -0.68267181E+01
  0.24400000E+01  0.12495376E+01 -0.54623067E+01
  0.24500000E+01  0.12422943E+01 -0.42430090E+01
  0.24600000E+01  0.12721208E+01 -0.26870135E+01
  0.24700000E+01  0.71883115E+00 -0.17646262E+01
  0.24800000E+01  0.49830275E+00 -0.14151467E+01
  0.24900000E+01  0.43529740E+00 -0.11323698E+01
  0.25000000E+01  0.30081667E+00 -0.40053614E+00
  0.25100000E+01  0.79729286E-01 -0.48255455E-01
  0.25200000E+01 -0.14099667E+00  0.31287823E+00
  0.25300000E+01 -0.63001753E+00  0.25602012E+00
  0.25400000E+01 -0.79157417E+00 -0.23505497E+00
  0.25500000E+01 -0.74978603E+00 -0.94838082E+00
  0.25600000E+01 -0.24216243E+00 -0.10031606E+01
  0.25700000E+01 -0.91658665E-01 -0.74545593E+00
  0.25800000E+01  0.21899629E+00 -0.56226109E+00
  0.25900000E+01  0.45021856E+00  0.46783513E+00
  0.26000000E+01  0.43659550E+00  0.13527459E+01
  0.26100000E+01  0.35309792E+00  0.21781063E+01
  0.26200000E+01  0.18690600E+00  0.29739746E+01
  0.26300000E+01 -0.78139978E-01  0.37531327E+01
  0.26400000E+01 -0.49994135E+00  0.42312174E+01
  0.26500000E+01 -0.82927881E+00  0.45246311E+01
  0.26600000E+01 -0.11654996E+01  0.47942767E+01
  0.26700000E+01 -0.14947519E+01  0.50010906E+01
  0.26800000E+01 -0.20031709E+01  0.52735137E+01
  0.26900000E+01 -0.24097051E+01  0.51599364E+01
  0.27000000E+01 -0.27803008E+01  0.50607883E+01
  0.27100000E+01 -0.31882591E+01  0.49323529E+01
  0.27200000E+01 -0.35494479E+01  0.45632106E+01
  0.27300000E+01 -0.36892816E+01  0.40334308E+01
  0.27400000E+01 -0.37848326E+01  0.43386587E+01
  0.27500000E+01 -0.40694536E+01  0.45319186E+01
  0.27600000E+01 -0.43813309E+01  0.48643388E+01
  0.27700000E+01 -0.47396772E+01  0.54584374E+01
  0.27800000E+01 -0.53717048E+01  0.75050745E+01
  0.27900000E+01 -0.77327197E+01  0.56322952E+01
  0.28000000E+01 -0.83156653E+01  0.42319585E+01
  0.28100000E+01 -0.90044965E+01  0.34537531E+01
  0.28200000E+01 -0.10070866E+02  0.27610201E+01
  0.28300000E+01 -0.11418298E+02 -0.32016875E-01
  0.28400000E+01 -0.11942491E+02 -0.27261193E+01
  0.28500000E+01 -0.12312547E+02 -0.54473484E+01
  0.28600000E+01 -0.12688394E+02 -0.77594834E+01
  0.28700000E+01 -0.13282188E+02 -0.10668255E+02
  0.28800000E+01 -0.14228676E+02 -0.14587367E+02
  0.28900000E+01 -0.16284117E+02 -0.22580273E+02
  0.29000000E+01  0.33120626E+01 -0.34603673E+02
  0.29100000E+01  0.50298177E+00 -0.19294832E+02
  0.29200000E+01 -0.75548344E+00 -0.16667782E+02
  0.29300000E+01 -0.13779632E+01 -0.15767529E+02
  0.29400000E+01 -0.17093376E+01 -0.15492990E+02
  0.29500000E+01 -0.19949851E+01 -0.15639477E+02
  0.29600000E+01 -0.20122534E+01 -0.17515932E+02
  0.29700000E+01  0.44602525E-01 -0.16292585E+02
  0.29800000E+01 -0.62080606E-01 -0.14855101E+02
  0.29900000E+01 -0.16192366E+00 -0.14179603E+02
  0.30000000E+01 -0.23868535E+00 -0.13674030E+02
  0.30100000E+01 -0.30789801E+00 -0.13235545E+02
  0.30200000E+01 -0.39280048E+00 -0.12822901E+02
  0.30300000E+01 -0.44173629E+00 -0.12388150E+02
  0.30400000E+01 -0.67769204E+00 -0.11975860E+02
  0.30500000E+01 -0.97394210E+00 -0.11747650E+02
  0.30600000E+01 -0.13213000E+01 -0.12065051E+02
  0.30700000E+01 -0.14577600E+01 -0.12542827E+02
  0.30800000E+01 -0.15131472E+01 -0.12959653E+02
  0.30900000E+01 -0.16234186E+01 -0.13431047E+02
  0.31000000E+01 -0.13468181E+01 -0.14090143E+02
  0.31100000E+01 -0.11711925E+01 -0.14683370E+02
  0.31200000E+01 -0.95455123E+00 -0.14842742E+02
  0.31300000E+01 -0.10661805E+01 -0.15208643E+02
  0.31400000E+01 -0.10031274E+01 -0.15962729E+02
  0.31500000E+01 -0.58025224E+00 -0.16750136E+02
  0.31600000E+01 -0.43950583E+00 -0.16504176E+02
  0.31700000E+01 -0.59831171E-01 -0.18117332E+02
  0.31800000E+01  0.81471773E+00 -0.18391955E+02
  0.31900000E+01  0.12942291E+01 -0.17927377E+02
  0.32000000E+01  0.15711059E+01 -0.17573889E+02
  0.32100000E+01  0.16126954E+01 -0.17634660E+02
  0.32200000E+01  0.21379970E+01 -0.18490045E+02
  0.32300000E+01  0.29000867E+01 -0.17947843E+02
  0.32400000E+01  0.33824638E+01 -0.17345072E+02
  0.32500000E+01  0.38412158E+01 -0.16724685E+02
  0.32600000E+01  0.41745890E+01 -0.15836217E+02
  0.32700000E+01  0.43764349E+01 -0.14944024E+02
  0.32800000E+01  0.45288029E+01 -0.14233607E+02
  0.32900000E+01  0.46160879E+01 -0.13420933E+02
  0.33000000E+01  0.46347989E+01 -0.12813052E+02
  0.33100000E+01  0.46464539E+01 -0.12355314E+02
  0.33200000E+01  0.47318971E+01 -0.12046463E+02
  0.33300000E+01  0.48703267E+01 -0.11547016E+02
  0.33400000E+01  0.49170929E+01 -0.10907849E+02
  0.33500000E+01  0.48922006E+01 -0.10294863E+02
  0.33600000E+01  0.47735097E+01 -0.97466402E+01
  0.33700000E+01  0.45298363E+01 -0.95358000E+01
  0.33800000E+01  0.44738718E+01 -0.97339223E+01
  0.33900000E+01  0.46171046E+01 -0.97296123E+01
  0.34000000E+01  0.47026863E+01 -0.95121550E+01
  0.34100000E+01  0.47729588E+01 -0.91717174E+01
  0.34200000E+01  0.47793681E+01 -0.89155673E+01
  0.34300000E+01  0.48153372E+01 -0.85530581E+01
  0.34400000E+01  0.47468581E+01 -0.82703166E+01
  0.34500000E+01  0.46631987E+01 -0.81132185E+01
  0.34600000E+01  0.46313449E+01 -0.80496352E+01
  0.34700000E+01  0.46164540E+01 -0.79233238E+01
  0.34800000E+01  0.43838196E+01 -0.78554312E+01
  0.34900000E+01  0.43859158E+01 -0.81052712E+01
  0.35000000E+01  0.44036742E+01 -0.82526676E+01
  0.35100000E+01  0.44026707E+01 -0.85401109E+01
  0.35200000E+01  0.44944618E+01 -0.89404445E+01
  0.35300000E+01  0.50472680E+01 -0.10012273E+02
  0.35400000E+01  0.54319905E+01 -0.93819344E+01
  0.35500000E+01  0.57688460E+01 -0.88812712E+01
  0.35600000E+01  0.59343919E+01 -0.83439537E+01
  0.35700000E+01  0.59871109E+01 -0.80178220E+01
  0.35800000E+01  0.64120360E+01 -0.75295473E+01
  0.35900000E+01  0.64743863E+01 -0.66947908E+01
  0.36000000E+01  0.64472576E+01 -0.59947035E+01
  0.36100000E+01  0.64675649E+01 -0.54527450E+01
  0.36200000E+01  0.65093149E+01 -0.45702567E+01
  0.36300000E+01  0.61359833E+01 -0.19846970E+01
  0.36400000E+01  0.48622580E+01 -0.39084123E+01
  0.36500000E+01  0.48804251E+01 -0.44728720E+01
  0.36600000E+01  0.48939964E+01 -0.45954843E+01
  0.36700000E+01  0.47609491E+01 -0.46683637E+01
  0.36800000E+01  0.48322813E+01 -0.53803854E+01
  0.36900000E+01  0.50812599E+01 -0.52440450E+01
  0.37000000E+01  0.51955705E+01 -0.50749035E+01
  0.37100000E+01  0.52625152E+01 -0.46920773E+01
  0.37200000E+01  0.52117344E+01 -0.46692259E+01
  0.37300000E+01  0.51517908E+01 -0.46489077E+01
  0.37400000E+01  0.51506647E+01 -0.46701517E+01
  0.37500000E+01  0.51852735E+01 -0.48199520E+01
  0.37600000E+01  0.52513714E+01 -0.49099765E+01
  0.37700000E+01  0.52875587E+01 -0.50024236E+01
  0.37800000E+01  0.54070676E+01 -0.52303967E+01
  0.37900000E+01  0.56231296E+01 -0.52619506E+01
  0.38000000E+01  0.57462532E+01 -0.52030336E+01
  0.38100000E+01  0.59577704E+01 -0.50041434E+01
  0.38200000E+01  0.60055130E+01 -0.48155672E+01
  0.38300000E+01  0.60414421E+01 -0.46797914E+01
  0.38400000E+01  0.59293524E+01 -0.45554288E+01
  0.38500000E+01  0.57299372E+01 -0.50698221E+01
  0.38600000E+01  0.59903286E+01 -0.59316257E+01
  0.38700000E+01  0.66261065E+01 -0.62854682E+01
  0.38800000E+01  0.71008944E+01 -0.56772728E+01
  0.38900000E+01  0.72802782E+01 -0.49589929E+01
  0.39000000E+01  0.73214071E+01 -0.43928261E+01
  0.39100000E+01  0.73073258E+01 -0.40475076E+01
  0.39200000E+01  0.72511554E+01 -0.37524707E+01
  0.39300000E+01  0.71432353E+01 -0.37013024E+01
  0.39400000E+01  0.70898523E+01 -0.39498689E+01
  0.39500000E+01  0.71133878E+01 -0.41974313E+01
  0.39600000E+01  0.71818884E+01 -0.45098422E+01
  0.39700000E+01  0.73503060E+01 -0.48680880E+01
  0.39800000E+01  0.75528201E+01 -0.51756487E+01
  0.39900000E+01  0.78152153E+01 -0.55072252E+01
  0.40000000E+01  0.81421123E+01 -0.58578554E+01
  0.40100000E+01  0.87024117E+01 -0.61890259E+01
  0.40200000E+01  0.95245671E+01 -0.58576177E+01
  0.40300000E+01  0.10085718E+02 -0.50622095E+01
  0.40400000E+01  0.10631810E+02 -0.43231209E+01
  0.40500000E+01  0.11333917E+02 -0.34579941E+01
  0.40600000E+01  0.12267456E+02 -0.18661720E+01
  0.40700000E+01  0.13219109E+02  0.74211217E+00
  0.40800000E+01  0.14187986E+02  0.66894502E+01
  0.40900000E+01  0.83312603E+01  0.24846295E+02
  0.41000000E+01  0.25564569E+01  0.82431382E+01
  0.41100000E+01  0.31713130E+01  0.37412871E+01
  0.41200000E+01  0.38026559E+01  0.21567404E+01
  0.41300000E+01  0.44100645E+01  0.14809132E+01
  0.41400000E+01  0.49584636E+01  0.14409092E+01
  0.41500000E+01  0.54272694E+01  0.20049876E+01
  0.41600000E+01  0.57677340E+01  0.33444184E+01
  0.41700000E+01  0.57535612E+01  0.61475499E+01
  0.41800000E+01  0.20532701E+01  0.99223122E+01
  0.41900000E+01  0.98277399E+00  0.44308147E+01
  0.42000000E+01  0.95926976E+00  0.18717023E+01
  0.42100000E+01  0.10561956E+01  0.25561174E+00
  0.42200000E+01  0.10867864E+01 -0.83906317E+00
  0.42300000E+01  0.10433416E+01 -0.18394627E+01
  0.42400000E+01  0.87656518E+00 -0.29947614E+01
  0.42500000E+01  0.59666667E+00 -0.45616741E+01
  0.42600000E+01  0.14617776E+00 -0.71419440E+01
  0.42700000E+01 -0.47791242E+00 -0.12564904E+02
  0.42800000E+01  0.36333077E+01 -0.39099686E+02
  0.42900000E+01  0.16300153E+02 -0.12829904E+02
  0.43000000E+01  0.15441904E+02 -0.43988050E+01
  0.43100000E+01  0.14503459E+02 -0.19284173E+00
  0.43200000E+01  0.13754968E+02  0.25589722E+01
  0.43300000E+01  0.13072541E+02  0.44946432E+01
  0.43400000E+01  0.12498783E+02  0.58446337E+01
  0.43500000E+01  0.12054767E+02  0.67771807E+01
  0.43600000E+01  0.11741739E+02  0.75211449E+01
  0.43700000E+01  0.11531114E+02  0.81737412E+01
  0.43800000E+01  0.11437327E+02  0.87762522E+01
  0.43900000E+01  0.11437419E+02  0.95153267E+01
  0.44000000E+01  0.11464029E+02  0.10377244E+02
  0.44100000E+01  0.11523640E+02  0.11253363E+02
  0.44200000E+01  0.11690026E+02  0.12241064E+02
  0.44300000E+01  0.11894637E+02  0.13693439E+02
  0.44400000E+01  0.12000515E+02  0.15430958E+02
  0.44500000E+01  0.12041519E+02  0.17473620E+02
  0.44600000E+01  0.12009689E+02  0.19962424E+02
  0.44700000E+01  0.11850842E+02  0.23172047E+02
  0.44800000E+01  0.11413686E+02  0.27582799E+02
  0.44900000E+01  0.10050357E+02  0.33790969E+02
  0.45000000E+01  0.62067628E+01  0.40723843E+02
  0.45100000E+01 -0.17663307E+00  0.36955791E+02
  0.45200000E+01 -0.22037446E+01  0.30232796E+02
  0.45300000E+01 -0.29594763E+01  0.25211598E+02
  0.45400000E+01 -0.31764350E+01  0.21280194E+02
  0.45500000E+01 -0.28132599E+01  0.17720175E+02
  0.45600000E+01 -0.17320607E+01  0.17213171E+02
  0.45700000E+01 -0.16656921E+01  0.17292526E+02
  0.45800000E+01 -0.17079485E+01  0.17148420E+02
  0.45900000E+01 -0.19434273E+01  0.17248158E+02
  0.46000000E+01 -0.23270753E+01  0.16935485E+02
  0.46100000E+01 -0.26553396E+01  0.16359594E+02
  0.46200000E+01 -0.29453634E+01  0.15644241E+02
  0.46300000E+01 -0.31909508E+01  0.14840602E+02
  0.46400000E+01 -0.33977243E+01  0.13898612E+02
  0.46500000E+01 -0.35123176E+01  0.12726767E+02
  0.46600000E+01 -0.33978563E+01  0.11493133E+02
  0.46700000E+01 -0.30055605E+01  0.10628033E+02
  0.46800000E+01 -0.27873803E+01  0.10975953E+02
  0.46900000E+01 -0.28457228E+01  0.10998437E+02
  0.47000000E+01 -0.29794591E+01  0.10888823E+02
  0.47100000E+01 -0.31558065E+01  0.10682631E+02
  0.47200000E+01 -0.33608700E+01  0.10382712E+02
  0.47300000E+01 -0.35844079E+01  0.99934934E+01
  0.47400000E+01 -0.38212740E+01  0.95063129E+01
  0.47500000E+01 -0.40527436E+01  0.89067040E+01
  0.47600000E+01 -0.42761895E+01  0.83143820E+01
  0.47700000E+01 -0.45337094E+01  0.75933937E+01
  0.47800000E+01 -0.47869177E+01  0.67443455E+01
  0.47900000E+01 -0.50237992E+01  0.57782796E+01
  0.48000000E+01 -0.52425587E+01  0.46962913E+01
  0.48100000E+01 -0.54420033E+01  0.34969951E+01
  0.48200000E+01 -0.56246795E+01  0.21679369E+01
  0.48300000E+01 -0.58024490E+01  0.64313880E+00
  0.48400000E+01 -0.58920181E+01 -0.12415168E+01
  0.48500000E+01 -0.58400854E+01 -0.33545087E+01
  0.48600000E+01 -0.56385227E+01 -0.58117345E+01
  0.48700000E+01 -0.50094254E+01 -0.87833137E+01
  0.48800000E+01 -0.34255278E+01 -0.11176237E+02
  0.48900000E+01 -0.19763874E+01 -0.11614696E+02
  0.49000000E+01 -0.81638544E+00 -0.11844507E+02
  0.49100000E+01  0.44795211E+00 -0.11909356E+02
  0.49200000E+01  0.16662664E+01 -0.11209118E+02
  0.49300000E+01  0.16221808E+01 -0.91015837E+01
  0.49400000E+01  0.26745071E+01 -0.93721133E+01
  0.49500000E+01  0.34039688E+01 -0.84368506E+01
  0.49600000E+01  0.40940094E+01 -0.76458171E+01
  0.49700000E+01  0.45956281E+01 -0.65464274E+01
  0.49800000E+01  0.51383773E+01 -0.50756168E+01
  0.49900000E+01  0.54034309E+01 -0.37247987E+01
  0.50000000E+01  0.55786644E+01 -0.24951033E+01
  0.50100000E+01  0.56852872E+01 -0.13568562E+01
  0.50200000E+01  0.57538751E+01 -0.30078262E+00
  0.50300000E+01  0.58237799E+01  0.50571622E+00
  0.50400000E+01  0.57919925E+01  0.15561773E+01
  0.50500000E+01  0.57403941E+01  0.24923843E+01
  0.50600000E+01  0.56117899E+01  0.33235395E+01
  0.50700000E+01  0.54783747E+01  0.39204866E+01
  0.50800000E+01  0.53554557E+01  0.44672914E+01
  0.50900000E+01  0.52522281E+01  0.49706589E+01
  0.51000000E+01  0.51266595E+01  0.54579352E+01
  0.51100000E+01  0.49799030E+01  0.59281645E+01
  0.51200000E+01  0.48049069E+01  0.63235199E+01
  0.51300000E+01  0.46052230E+01  0.66181679E+01
  0.51400000E+01  0.44149286E+01  0.67436951E+01
  0.51500000E+01  0.42978547E+01  0.68030426E+01
  0.51600000E+01  0.41910434E+01  0.69352878E+01
  0.51700000E+01  0.40749656E+01  0.70383576E+01
  0.51800000E+01  0.39678779E+01  0.71029440E+01
  0.51900000E+01  0.38615847E+01  0.71264670E+01
  0.52000000E+01  0.37824621E+01  0.71382223E+01
  0.52100000E+01  0.37128543E+01  0.71401815E+01
  0.52200000E+01  0.36487493E+01  0.71879985E+01
  0.52300000E+01  0.35936092E+01  0.71789144E+01
  0.52400000E+01  0.35495987E+01  0.72078739E+01
  0.52500000E+01  0.35025500E+01  0.72534846E+01
  0.52600000E+01  0.34602020E+01  0.73076894E+01
  0.52700000E+01  0.34043219E+01  0.73757228E+01
  0.52800000E+01  0.33461654E+01  0.74417623E+01
  0.52900000E+01  0.32864283E+01  0.75072402E+01
  0.53000000E+01  0.32247540E+01  0.75762843E+01
  0.53100000E+01  0.31658469E+01  0.76527428E+01
  0.53200000E+01  0.30954056E+01  0.77328039E+01
  0.53300000E+01  0.30203498E+01  0.78068813E+01
  0.53400000E+01  0.29356289E+01  0.78796377E+01
  0.53500000E+01  0.28553531E+01  0.79345692E+01
  0.53600000E+01  0.27740768E+01  0.79884247E+01
  0.53700000E+01  0.26910151E+01  0.80374367E+01
  0.53800000E+01  0.26107654E+01  0.80749505E+01
  0.53900000E+01  0.25340841E+01  0.81335173E+01
  0.54000000E+01  0.24480655E+01  0.81966826E+01
  0.54100000E+01  0.23487283E+01  0.82349176E+01
  0.54200000E+01  0.22619523E+01  0.82391938E+01
  0.54300000E+01  0.21917898E+01  0.82426563E+01
  0.54400000E+01  0.21358147E+01  0.83139257E+01
  0.54500000E+01  0.20436496E+01  0.84154721E+01
  0.54600000E+01  0.19198966E+01  0.84635511E+01
  0.54700000E+01  0.18067090E+01  0.83771636E+01
  0.54800000E+01  0.17619835E+01  0.82702108E+01
  0.54900000E+01  0.17526211E+01  0.81811154E+01
  0.55000000E+01  0.18030157E+01  0.82397945E+01
  0.55100000E+01  0.18106878E+01  0.84706380E+01
  0.55200000E+01  0.17525726E+01  0.87137979E+01
  0.55300000E+01  0.17415534E+01  0.85992469E+01
  0.55400000E+01  0.20932838E+01  0.89020461E+01
  0.55500000E+01  0.22555413E+01  0.10380643E+02
  0.55600000E+01  0.12766408E+01  0.11508288E+02
  0.55700000E+01  0.94336938E+00  0.11872444E+02
  0.55800000E+01  0.48318685E+00  0.12369589E+02
  0.55900000E+01 -0.29837982E+00  0.11964182E+02
  0.56000000E+01 -0.67063845E+00  0.11456696E+02
  0.56100000E+01 -0.96334621E+00  0.10930637E+02
  0.56200000E+01 -0.11704444E+01  0.10384948E+02
  0.56300000E+01 -0.13152429E+01  0.98575216E+01
  0.56400000E+01 -0.13864047E+01  0.93612706E+01
  0.56500000E+01 -0.13775803E+01  0.91035175E+01
  0.56600000E+01 -0.14359137E+01  0.89385622E+01
  0.56700000E+01 -0.15080642E+01  0.87681786E+01
  0.56800000E+01 -0.15839958E+01  0.85910843E+01
  0.56900000E+01 -0.16649329E+01  0.84131890E+01
  0.57000000E+01 -0.17823539E+01  0.82001366E+01
  0.57100000E+01 -0.18437682E+01  0.78865123E+01
  0.57200000E+01 -0.18797283E+01  0.76176723E+01
  0.57300000E+01 -0.19000685E+01  0.73684899E+01
  0.57400000E+01 -0.19065316E+01  0.71433063E+01
  0.57500000E+01 -0.18999087E+01  0.69478445E+01
  0.57600000E+01 -0.18833935E+01  0.67912040E+01
  0.57700000E+01 -0.18585633E+01  0.66883899E+01
  0.57800000E+01 -0.18494566E+01  0.66387763E+01
  0.57900000E+01 -0.18765855E+01  0.66438767E+01
  0.58000000E+01 -0.19355012E+01  0.64686243E+01
  0.58100000E+01 -0.19206904E+01  0.63231428E+01
  0.58200000E+01 -0.18919475E+01  0.62478566E+01
  0.58300000E+01 -0.18716112E+01  0.62313246E+01
  0.58400000E+01 -0.18604322E+01  0.62287739E+01
  0.58500000E+01 -0.18499126E+01  0.62350792E+01
  0.58600000E+01 -0.18294082E+01  0.62757194E+01
  0.58700000E+01 -0.18071281E+01  0.63687853E+01
  0.58800000E+01 -0.17846400E+01  0.65174603E+01
  0.58900000E+01 -0.17675161E+01  0.67570125E+01
  0.59000000E+01 -0.17737826E+01  0.70951025E+01
  0.59100000E+01 -0.17995802E+01  0.75050175E+01
  0.59200000E+01 -0.18479829E+01  0.80604711E+01
  0.59300000E+01 -0.19447534E+01  0.87673339E+01
  0.59400000E+01 -0.21345719E+01  0.96560097E+01
  0.59500000E+01 -0.25279358E+01  0.11067192E+02
  0.59600000E+01 -0.35240923E+01  0.11432906E+02
  0.59700000E+01 -0.46758486E+01  0.11211430E+02
  0.59800000E+01 -0.52693517E+01  0.98902601E+01
  0.59900000E+01 -0.55839189E+01  0.86915501E+01
  0.60000000E+01 -0.57394687E+01  0.76744261E+01
  0.60100000E+01 -0.58326052E+01  0.69534264E+01
  0.60200000E+01 -0.59915299E+01  0.62196055E+01
  0.60300000E+01 -0.60492836E+01  0.54958798E+01
  0.60400000E+01 -0.60852131E+01  0.48685325E+01
  0.60500000E+01 -0.60796910E+01  0.43154424E+01
  0.60600000E+01 -0.60633453E+01  0.38404354E+01
  0.60700000E+01 -0.60406237E+01  0.34277605E+01
  0.60800000E+01 -0.60182018E+01  0.30601983E+01
  0.60900000E+01 -0.59931350E+01  0.27249634E+01
  0.61000000E+01 -0.59670918E+01  0.24161591E+01
  0.61100000E+01 -0.59475482E+01  0.21499885E+01
  0.61200000E+01 -0.59699040E+01  0.17818678E+01
  0.61300000E+01 -0.59369737E+01  0.14703178E+01
  0.61400000E+01 -0.59055369E+01  0.11668531E+01
  0.61500000E+01 -0.58676557E+01  0.86901274E+00
  0.61600000E+01 -0.58346050E+01  0.57990068E+00
  0.61700000E+01 -0.58034831E+01  0.31887817E+00
  0.61800000E+01 -0.57604909E+01 -0.35547120E-01
  0.61900000E+01 -0.56767339E+01 -0.30553705E+00
  0.62000000E+01 -0.56236301E+01 -0.48820849E+00
  0.62100000E+01 -0.55899874E+01 -0.71844891E+00
  0.62200000E+01 -0.55466661E+01 -0.97324398E+00
  0.62300000E+01 -0.54952344E+01 -0.12218236E+01
  0.62400000E+01 -0.54396849E+01 -0.14650030E+01
  0.62500000E+01 -0.53808658E+01 -0.17076888E+01
  0.62600000E+01 -0.53154218E+01 -0.19515297E+01
  0.62700000E+01 -0.52420772E+01 -0.21869229E+01
  0.62800000E+01 -0.51637095E+01 -0.24112323E+01
  0.62900000E+01 -0.50826058E+01 -0.26284954E+01
  0.63000000E+01 -0.49994933E+01 -0.28597494E+01
  0.63100000E+01 -0.48611067E+01 -0.30336734E+01
  0.63200000E+01 -0.47800789E+01 -0.31655012E+01
  0.63300000E+01 -0.46897955E+01 -0.33837918E+01
  0.63400000E+01 -0.45832676E+01 -0.35824587E+01
  0.63500000E+01 -0.44466479E+01 -0.38657929E+01
  0.63600000E+01 -0.41013920E+01 -0.38062865E+01
  0.63700000E+01 -0.40192350E+01 -0.35282650E+01
  0.63800000E+01 -0.40363885E+01 -0.35025796E+01
  0.63900000E+01 -0.39688387E+01 -0.35550644E+01
  0.64000000E+01 -0.39182177E+01 -0.34908016E+01
  0.64100000E+01 -0.39233483E+01 -0.34397502E+01
  0.64200000E+01 -0.38997681E+01 -0.35669121E+01
  0.64300000E+01 -0.38631171E+01 -0.36390281E+01
  0.64400000E+01 -0.38278453E+01 -0.37096151E+01
  0.64500000E+01 -0.37915259E+01 -0.37885950E+01
  0.64600000E+01 -0.37514889E+01 -0.38728886E+01
  0.64700000E+01 -0.37107880E+01 -0.39555512E+01
  0.64800000E+01 -0.36148937E+01 -0.41667635E+01
  0.64900000E+01 -0.35755035E+01 -0.41005568E+01
  0.65000000E+01 -0.35307825E+01 -0.41614083E+01
  0.65100000E+01 -0.34845488E+01 -0.42187918E+01
  0.65200000E+01 -0.34394365E+01 -0.42756080E+01
  0.65300000E+01 -0.33953244E+01 -0.43351310E+01
  0.65400000E+01 -0.33513741E+01 -0.43964029E+01
  0.65500000E+01 -0.33078780E+01 -0.44590379E+01
  0.65600000E+01 -0.32648267E+01 -0.45227122E+01
  0.65700000E+01 -0.32221680E+01 -0.45873280E+01
  0.65800000E+01 -0.31798370E+01 -0.46530201E+01
  0.65900000E+01 -0.31374638E+01 -0.47202099E+01
  0.66000000E+01 -0.30952881E+01 -0.47887310E+01
  0.66100000E+01 -0.30532426E+01 -0.48590297E+01
  0.66200000E+01 -0.30109926E+01 -0.49316641E+01
  0.66300000E+01 -0.29686317E+01 -0.50070680E+01
  0.66400000E+01 -0.29258277E+01 -0.50856050E+01
  0.66500000E+01 -0.28822448E+01 -0.51679737E+01
  0.66600000E+01 -0.28368231E+01 -0.52541251E+01
  0.66700000E+01 -0.27907090E+01 -0.53386075E+01
  0.66800000E+01 -0.27445094E+01 -0.54277062E+01
  0.66900000E+01 -0.26974625E+01 -0.55217569E+01
  0.67000000E+01 -0.26479190E+01 -0.56214679E+01
  0.67100000E+01 -0.25966204E+01 -0.57243503E+01
  0.67200000E+01 -0.25427535E+01 -0.58321168E+01
  0.67300000E+01 -0.24858762E+01 -0.59444819E+01
  0.67400000E+01 -0.24252865E+01 -0.60625947E+01
  0.67500000E+01 -0.23599912E+01 -0.61859947E+01
  0.67600000E+01 -0.22889184E+01 -0.63172142E+01
  0.67700000E+01 -0.22087367E+01 -0.64537671E+01
  0.67800000E+01 -0.21138637E+01 -0.65865682E+01
  0.67900000E+01 -0.20108106E+01 -0.66876664E+01
  0.68000000E+01 -0.19173866E+01 -0.67980695E+01
  0.68100000E+01 -0.18154935E+01 -0.69205700E+01
  0.68200000E+01 -0.17007985E+01 -0.70553265E+01
  0.68300000E+01 -0.15652313E+01 -0.72043958E+01
  0.68400000E+01 -0.13926390E+01 -0.73623304E+01
  0.68500000E+01 -0.10938222E+01 -0.73615844E+01
  0.68600000E+01 -0.91777285E+00 -0.71637270E+01
  0.68700000E+01 -0.78287291E+00 -0.69639615E+01
  0.68800000E+01 -0.67254019E+00 -0.67808701E+01
  0.68900000E+01 -0.57797533E+00 -0.66091344E+01
  0.69000000E+01 -0.49473818E+00 -0.64471019E+01
  0.69100000E+01 -0.42021413E+00 -0.62930254E+01
  0.69200000E+01 -0.35273578E+00 -0.61456368E+01
  0.69300000E+01 -0.29118641E+00 -0.60039341E+01
  0.69400000E+01 -0.23481441E+00 -0.58671453E+01
  0.69500000E+01 -0.18330638E+00 -0.57346330E+01
  0.69600000E+01 -0.13598534E+00 -0.56080268E+01
  0.69700000E+01 -0.91897817E-01 -0.54850190E+01
  0.69800000E+01 -0.51918458E-01 -0.53670754E+01
  0.69900000E+01 -0.13288746E-01 -0.52551256E+01
  0.70000000E+01  0.23679868E-01 -0.51455056E+01
  0.70100000E+01  0.58802615E-01 -0.50381206E+01
  0.70200000E+01  0.92108803E-01 -0.49327874E+01
  0.70300000E+01  0.12366415E+00 -0.48293660E+01
  0.70400000E+01  0.15354277E+00 -0.47277347E+01
  0.70500000E+01  0.18181911E+00 -0.46277927E+01
  0.70600000E+01  0.20856536E+00 -0.45294569E+01
  0.70700000E+01  0.23385079E+00 -0.44326595E+01
  0.70800000E+01  0.25774167E+00 -0.43373458E+01
  0.70900000E+01  0.28030138E+00 -0.42434728E+01
  0.71000000E+01  0.30159063E+00 -0.41510076E+01
  0.71100000E+01  0.32166764E+00 -0.40599252E+01
  0.71200000E+01  0.34058850E+00 -0.39702082E+01
  0.71300000E+01  0.35841153E+00 -0.38818614E+01
  0.71400000E+01  0.37520649E+00 -0.37948635E+01
  0.71500000E+01  0.39100995E+00 -0.37091055E+01
  0.71600000E+01  0.40582283E+00 -0.36246690E+01
  0.71700000E+01  0.41972213E+00 -0.35415903E+01
  0.71800000E+01  0.43275697E+00 -0.34598422E+01
  0.71900000E+01  0.44497128E+00 -0.33794220E+01
  0.72000000E+01  0.45640829E+00 -0.33003293E+01
  0.72100000E+01  0.46711155E+00 -0.32225613E+01
  0.72200000E+01  0.47712664E+00 -0.31461013E+01
  0.72300000E+01  0.48651132E+00 -0.30709927E+01
  0.72400000E+01  0.49542200E+00 -0.29970968E+01
  0.72500000E+01  0.50365265E+00 -0.29238740E+01
  0.72600000E+01  0.51112786E+00 -0.28519690E+01
  0.72700000E+01  0.51797624E+00 -0.27813800E+01
  0.72800000E+01  0.52424336E+00 -0.27120864E+01
  0.72900000E+01  0.52996449E+00 -0.26440956E+01
  0.73000000E+01  0.53517056E+00 -0.25774021E+01
  0.73100000E+01  0.53988958E+00 -0.25119988E+01
  0.73200000E+01  0.54414745E+00 -0.24478778E+01
  0.73300000E+01  0.54796833E+00 -0.23850306E+01
  0.73400000E+01  0.55137499E+00 -0.23234482E+01
  0.73500000E+01  0.55438891E+00 -0.22631210E+01
  0.73600000E+01  0.55703045E+00 -0.22040388E+01
  0.73700000E+01  0.55931892E+00 -0.21461903E+01
  0.73800000E+01  0.56127268E+00 -0.20895640E+01
  0.73900000E+01  0.56290919E+00 -0.20341474E+01
  0.74000000E+01  0.56424505E+00 -0.19799274E+01
  0.74100000E+01  0.56529608E+00 -0.19268907E+01
  0.74200000E+01  0.56607734E+00 -0.18750231E+01
  0.74300000E+01  0.56660316E+00 -0.18243101E+01
  0.74400000E+01  0.56688721E+00 -0.17747366E+01
  0.74500000E+01  0.56694252E+00 -0.17262874E+01
  0.74600000E+01  0.56678148E+00 -0.16789467E+01
  0.74700000E+01  0.56641592E+00 -0.16326983E+01
  0.74800000E+01  0.56585709E+00 -0.15875259E+01
  0.74900000E+01  0.56511575E+00 -0.15434128E+01
  0.75000000E+01  0.56420210E+00 -0.15003422E+01
  0.75100000E+01  0.56312590E+00 -0.14582970E+01
  0.75200000E+01  0.56189644E+00 -0.14172600E+01
  0.75300000E+01  0.56052257E+00 -0.13772140E+01
  0.75400000E+01  0.55901272E+00 -0.13381415E+01
  0.75500000E+01  0.55737492E+00 -0.13000250E+01
  0.75600000E+01  0.55561682E+00 -0.12628472E+01
  0.75700000E+01  0.55374572E+00 -0.12265905E+01
  0.75800000E+01  0.55176857E+00 -0.11912374E+01
  0.75900000E+01  0.54969197E+00 -0.11567706E+01
  0.76000000E+01  0.54752224E+00 -0.11231727E+01
  0.76100000E+01  0.54526536E+00 -0.10904265E+01
  0.76200000E+01  0.54292706E+00 -0.10585148E+01
  0.76300000E+01  0.54051278E+00 -0.10274207E+01
  0.76400000E+01  0.53802769E+00 -0.99712714E+00
  0.76500000E+01  0.53547673E+00 -0.96761756E+00
  0.76600000E+01  0.53286459E+00 -0.93887535E+00
  0.76700000E+01  0.53019574E+00 -0.91088416E+00
  0.76800000E+01  0.52747442E+00 -0.88362780E+00
  0.76900000E+01  0.52470469E+00 -0.85709029E+00
  0.77000000E+01  0.52189038E+00 -0.83125586E+00
  0.77100000E+01  0.51903516E+00 -0.80610895E+00
  0.77200000E+01  0.51614250E+00 -0.78163422E+00
  0.77300000E+01  0.51321572E+00 -0.75781656E+00
  0.77400000E+01  0.51025794E+00 -0.73464109E+00
  0.77500000E+01  0.50727218E+00 -0.71209316E+00
  0.77600000E+01  0.50426124E+00 -0.69015836E+00
  0.77700000E+01  0.50122785E+00 -0.66882250E+00
  0.77800000E+01  0.49817455E+00 -0.64807165E+00
  0.77900000E+01  0.49510377E+00 -0.62789212E+00
  0.78000000E+01  0.49201782E+00 -0.60827044E+00
  0.78100000E+01  0.48891889E+00 -0.58919341E+00
  0.78200000E+01  0.48580904E+00 -0.57064804E+00
  0.78300000E+01  0.48269026E+00 -0.55262161E+00
  0.78400000E+01  0.47956440E+00 -0.53510161E+00
  0.78500000E+01  0.47643322E+00 -0.51807579E+00
  0.78600000E+01  0.47329841E+00 -0.50153211E+00
  0.78700000E+01  0.47016154E+00 -0.48545879E+00
  0.78800000E+01  0.46702410E+00 -0.46984427E+00
  0.78900000E+01  0.46388753E+00 -0.45467721E+00
  0.79000000E+01  0.46075315E+00 -0.43994650E+00
  0.79100000E+01  0.45762223E+00 -0.42564128E+00
  0.79200000E+01  0.45449596E+00 -0.41175086E+00
  0.79300000E+01  0.45137547E+00 -0.39826482E+00
  0.79400000E+01  0.44826182E+00 -0.38517292E+00
  0.79500000E+01  0.44515601E+00 -0.37246515E+00
  0.79600000E+01  0.44205899E+00 -0.36013171E+00
  0.79700000E+01  0.43897164E+00 -0.34816300E+00
  0.79800000E+01  0.43589480E+00 -0.33654963E+00
  0.79900000E+01  0.43282924E+00 -0.32528239E+00
  0.80000000E+01  0.42977571E+00 -0.31435231E+00
  0.80100000E+01  0.42673489E+00 -0.30375057E+00
  0.80200000E+01  0.42370743E+00 -0.29346856E+00
  0.80300000E+01  0.42069392E+00 -0.28349788E+00
  0.80400000E+01  0.41769494E+00 -0.27383027E+00
  0.80500000E+01  0.41471102E+00 -0.26445770E+00
  0.80600000E+01  0.41174263E+00 -0.25537228E+00
  0.80700000E+01  0.40879024E+00 -0.24656631E+00
  0.80800000E+01  0.40585426E+00 -0.23803229E+00
  0.80900000E+01  0.40293510E+00 -0.22976285E+00
  0.81000000E+01  0.40003311E+00 -0.22175080E+00
  0.81100000E+01  0.39714863E+00 -0.21398913E+00
  0.81200000E+01  0.39428196E+00 -0.20647099E+00
  0.81300000E+01  0.39143339E+00 -0.19918965E+00
  0.81400000E+01  0.38860318E+00 -0.19213860E+00
  0.81500000E+01  0.38579156E+00 -0.18531142E+00
  0.81600000E+01  0.38299873E+00 -0.17870189E+00
  0.81700000E+01  0.38022491E+00 -0.17230390E+00
  0.81800000E+01  0.37747025E+00 -0.16611152E+00
  0.81900000E+01  0.37473492E+00 -0.16011893E+00
  0.82000000E+01  0.37201904E+00 -0.15432047E+00
  0.82100000E+01  0.36932275E+00 -0.14871060E+00
  0.82200000E+01  0.36664613E+00 -0.14328394E+00
  0.82300000E+01  0.36398929E+00 -0.13803522E+00
  0.82400000E+01  0.36135229E+00 -0.13295930E+00
  0.82500000E+01  0.35873520E+00 -0.12805117E+00
  0.82600000E+01  0.35613806E+00 -0.12330595E+00
  0.82700000E+01  0.35356091E+00 -0.11871887E+00
  0.82800000E+01  0.35100377E+00 -0.11428530E+00
  0.82900000E+01  0.34846665E+00 -0.11000071E+00
  0.83000000E+01  0.34594956E+00 -0.10586067E+00
  0.83100000E+01  0.34345250E+00 -0.10186089E+00
  0.83200000E+01  0.34097544E+00 -0.97997185E-01
  0.83300000E+01  0.33851835E+00 -0.94265461E-01
  0.83400000E+01  0.33608122E+00 -0.90661742E-01
  0.83500000E+01  0.33366398E+00 -0.87182152E-01
  0.83600000E+01  0.33126661E+00 -0.83822915E-01
  0.83700000E+01  0.32888903E+00 -0.80580355E-01
  0.83800000E+01  0.32653120E+00 -0.77450891E-01
  0.83900000E+01  0.32419303E+00 -0.74431037E-01
  0.84000000E+01  0.32187447E+00 -0.71517400E-01
  0.84100000E+01  0.31957542E+00 -0.68706676E-01
  0.84200000E+01  0.31729581E+00 -0.65995650E-01
  0.84300000E+01  0.31503554E+00 -0.63381195E-01
  0.84400000E+01  0.31279453E+00 -0.60860266E-01
  0.84500000E+01  0.31057268E+00 -0.58429901E-01
  0.84600000E+01  0.30836988E+00 -0.56087219E-01
  0.84700000E+01  0.30618603E+00 -0.53829420E-01
  0.84800000E+01  0.30402103E+00 -0.51653779E-01
  0.84900000E+01  0.30187475E+00 -0.49557645E-01
  0.85000000E+01  0.29974710E+00 -0.47538444E-01
  0.85100000E+01  0.29763794E+00 -0.45593672E-01
  0.85200000E+01  0.29554717E+00 -0.43720895E-01
  0.85300000E+01  0.29347466E+00 -0.41917749E-01
  0.85400000E+01  0.29142029E+00 -0.40181936E-01
  0.85500000E+01  0.28938392E+00 -0.38511224E-01
  0.85600000E+01  0.28736545E+00 -0.36903445E-01
  0.85700000E+01  0.28536473E+00 -0.35356491E-01
  0.85800000E+01  0.28338164E+00 -0.33868320E-01
  0.85900000E+01  0.28141604E+00 -0.32436944E-01
  0.86000000E+01  0.27946781E+00 -0.31060436E-01
  0.86100000E+01  0.27753680E+00 -0.29736925E-01
  0.86200000E+01  0.27562289E+00 -0.28464595E-01
  0.86300000E+01  0.27372595E+00 -0.27241685E-01
  0.86400000E+01  0.27184582E+00 -0.26066485E-01
  0.86500000E+01  0.26998238E+00 -0.24937336E-01
  0.86600000E+01  0.26813550E+00 -0.23852630E-01
  0.86700000E+01  0.26630503E+00 -0.22810808E-01
  0.86800000E+01  0.26449083E+00 -0.21810357E-01
  0.86900000E+01  0.26269278E+00 -0.20849811E-01
  0.87000000E+01  0.26091072E+00 -0.19927751E-01
  0.87100000E+01  0.25914453E+00 -0.19042798E-01
  0.87200000E+01  0.25739406E+00 -0.18193619E-01
  0.87300000E+01  0.25565918E+00 -0.17378921E-01
  0.87400000E+01  0.25393976E+00 -0.16597453E-01
  0.87500000E+01  0.25223564E+00 -0.15848001E-01
  0.87600000E+01  0.25054670E+00 -0.15129394E-01
  0.87700000E+01  0.24887280E+00 -0.14440493E-01
  0.87800000E+01  0.24721380E+00 -0.13780199E-01
  0.87900000E+01  0.24556957E+00 -0.13147448E-01
  0.88000000E+01  0.24393997E+00 -0.12541211E-01
  0.88100000E+01  0.24232487E+00 -0.11960490E-01
  0.88200000E+01  0.24072413E+00 -0.11404323E-01
  0.88300000E+01  0.23913762E+00 -0.10871777E-01
  0.88400000E+01  0.23756521E+00 -0.10361951E-01
  0.88500000E+01  0.23600676E+00 -0.98739762E-02
  0.88600000E+01  0.23446214E+00 -0.94070094E-02
  0.88700000E+01  0.23293122E+00 -0.89602376E-02
  0.88800000E+01  0.23141387E+00 -0.85328755E-02
  0.88900000E+01  0.22990996E+00 -0.81241640E-02
  0.89000000E+01  0.22841936E+00 -0.77333705E-02
  0.89100000E+01  0.22694195E+00 -0.73597874E-02
  0.89200000E+01  0.22547759E+00 -0.70027317E-02
  0.89300000E+01  0.22402617E+00 -0.66615443E-02
  0.89400000E+01  0.22258755E+00 -0.63355890E-02
  0.89500000E+01  0.22116161E+00 -0.60242524E-02
  0.89600000E+01  0.21974823E+00 -0.57269425E-02
  0.89700000E+01  0.21834729E+00 -0.54430887E-02
  0.89800000E+01  0.21695865E+00 -0.51721406E-02
  0.89900000E+01  0.21558221E+00 -0.49135680E-02
  0.90000000E+01  0.21421785E+00 -0.46668596E-02
  0.90100000E+01  0.21286543E+00 -0.44315230E-02
  0.90200000E+01  0.21152486E+00 -0.42070837E-02
  0.90300000E+01  0.21019600E+00 -0.39930848E-02
  0.90400000E+01  0.20887874E+00 -0.37890865E-02
  0.90500000E+01  0.20757297E+00 -0.35946650E-02
  0.90600000E+01  0.20627858E+00 -0.34094129E-02
  0.90700000E+01  0.20499545E+00 -0.32329379E-02
  0.90800000E+01  0.20372346E+00 -0.30648627E-02
  0.90900000E+01  0.20246252E+00 -0.29048242E-02
  0.91000000E+01  0.20121250E+00 -0.27524736E-02
  0.91100000E+01  0.19997330E+00 -0.26074753E-02
  0.91200000E+01  0.19874481E+00 -0.24695068E-02
  0.91300000E+01  0.19752692E+00 -0.23382582E-02
  0.91400000E+01  0.19631954E+00 -0.22134319E-02
  0.91500000E+01  0.19512254E+00 -0.20947418E-02
  0.91600000E+01  0.19393583E+00 -0.19819134E-02
  0.91700000E+01  0.19275931E+00 -0.18746831E-02
  0.91800000E+01  0.19159287E+00 -0.17727978E-02
  0.91900000E+01  0.19043642E+00 -0.16760148E-02
  0.92000000E+01  0.18928984E+00 -0.15841011E-02
  0.92100000E+01  0.18815305E+00 -0.14968332E-02
  0.92200000E+01  0.18702594E+00 -0.14139970E-02
  0.92300000E+01  0.18590842E+00 -0.13353871E-02
  0.92400000E+01  0.18480039E+00 -0.12608067E-02
  0.92500000E+01  0.18370176E+00 -0.11900671E-02
  0.92600000E+01  0.18261243E+00 -0.11229876E-02
  0.92700000E+01  0.18153230E+00 -0.10593952E-02
  0.92800000E+01  0.18046129E+00 -0.99912419E-03
  0.92900000E+01  0.17939931E+00 -0.94201597E-03
  0.93000000E+01  0.17834626E+00 -0.88791875E-03
  0.93100000E+01  0.17730205E+00 -0.83668729E-03
  0.93200000E+01  0.17626659E+00 -0.78818266E-03
  0.93300000E+01  0.17523981E+00 -0.74227201E-03
  0.93400000E+01  0.17422160E+00 -0.69882833E-03
  0.93500000E+01  0.17321189E+00 -0.65773023E-03
  0.93600000E+01  0.17221058E+00 -0.61886170E-03
  0.93700000E+01  0.17121760E+00 -0.58211190E-03
  0.93800000E+01  0.17023286E+00 -0.54737502E-03
  0.93900000E+01  0.16925628E+00 -0.51454997E-03
  0.94000000E+01  0.16828778E+00 -0.48354031E-03
  0.94100000E+01  0.16732728E+00 -0.45425395E-03
  0.94200000E+01  0.16637469E+00 -0.42660307E-03
  0.94300000E+01  0.16542993E+00 -0.40050388E-03
  0.94400000E+01  0.16449294E+00 -0.37587651E-03
  0.94500000E+01  0.16356363E+00 -0.35264480E-03
  0.94600000E+01  0.16264193E+00 -0.33073616E-03
  0.94700000E+01  0.16172775E+00 -0.31008143E-03
  0.94800000E+01  0.16082103E+00 -0.29061475E-03
  0.94900000E+01  0.15992169E+00 -0.27227339E-03
  0.95000000E+01  0.15902965E+00 -0.25499762E-03
  0.95100000E+01  0.15814485E+00 -0.23873061E-03
  0.95200000E+01  0.15726721E+00 -0.22341828E-03
  0.95300000E+01  0.15639667E+00 -0.20900918E-03
  0.95400000E+01  0.15553314E+00 -0.19545440E-03
  0.95500000E+01  0.15467657E+00 -0.18270743E-03
  0.95600000E+01  0.15382688E+00 -0.17072406E-03
  0.95700000E+01  0.15298401E+00 -0.15946230E-03
  0.95800000E+01  0.15214788E+00 -0.14888226E-03
  0.95900000E+01  0.15131844E+00 -0.13894605E-03
  0.96000000E+01  0.15049561E+00 -0.12961770E-03
  0.96100000E+01  0.14967933E+00 -0.12086309E-03
  0.96200000E+01  0.14886954E+00 -0.11264984E-03
  0.96300000E+01  0.14806618E+00 -0.10494722E-03
  0.96400000E+01  0.14726917E+00 -0.97726109E-04
  0.96500000E+01  0.14647845E+00 -0.90958903E-04
  0.96600000E+01  0.14569398E+00 -0.84619437E-04
  0.96700000E+01  0.14491568E+00 -0.78682923E-04
  0.96800000E+01  0.14414349E+00 -0.73125887E-04
  0.96900000E+01  0.14337736E+00 -0.67926101E-04
  0.97000000E+01  0.14261722E+00 -0.63062531E-04
  0.97100000E+01  0.14186302E+00 -0.58515269E-04
  0.97200000E+01  0.14111471E+00 -0.54265487E-04
  0.97300000E+01  0.14037221E+00 -0.50295382E-04
  0.97400000E+01  0.13963548E+00 -0.46588121E-04
  0.97500000E+01  0.13890446E+00 -0.43127798E-04
  0.97600000E+01  0.13817910E+00 -0.39899389E-04
  0.97700000E+01  0.13745933E+00 -0.36888700E-04
  0.97800000E+01  0.13674512E+00 -0.34082336E-04
  0.97900000E+01  0.13603639E+00 -0.31467651E-04
  0.98000000E+01  0.13533311E+00 -0.29032715E-04
  0.98100000E+01  0.13463522E+00 -0.26766277E-04
  0.98200000E+01  0.13394266E+00 -0.24657728E-04
  0.98300000E+01  0.13325538E+00 -0.22697068E-04
  0.98400000E+01  0.13257334E+00 -0.20874878E-04
  0.98500000E+01  0.13189649E+00 -0.19182284E-04
  0.98600000E+01  0.13122477E+00 -0.17610931E-04
  0.98700000E+01  0.13055814E+00 -0.16152956E-04
  0.98800000E+01  0.12989654E+00 -0.14800960E-04
  0.98900000E+01  0.12923994E+00 -0.13547986E-04
  0.99000000E+01  0.12858827E+00 -0.12387490E-04
  0.99100000E+01  0.12794150E+00 -0.11313325E-04
  0.99200000E+01  0.12729959E+00 -0.10319713E-04
  0.99300000E+01  0.12666247E+00 -0.94012305E-05
  0.99400000E+01  0.12603011E+00 -0.85527836E-05
  0.99500000E+01  0.12540247E+00 -0.77695935E-05
  0.99600000E+01  0.12477949E+00 -0.70471772E-05
  0.99700000E+01  0.12416114E+00 -0.63813310E-05
  0.99800000E+01  0.12354738E+00 -0.57681151E-05
  0.99900000E+01  0.12293815E+00 -0.52038380E-05
  0.10000000E+02  0.12233341E+00 -0.46850426E-05
