  0.00000000E+00 -0.96224498E-01  0.24766588E-17
  0.10000000E-01 -0.96415740E-01  0.42710360E-01
  0.20000000E-01 -0.96989880E-01  0.85516180E-01
  0.30000000E-01 -0.97948160E-01  0.12851305E+00
  0.40000000E-01 -0.99292655E-01  0.17179680E+00
  0.50000000E-01 -0.10102628E+00  0.21546368E+00
  0.60000000E-01 -0.10315278E+00  0.25961040E+00
  0.70000000E-01 -0.10567680E+00  0.30433435E+00
  0.80000000E-01 -0.10860381E+00  0.34973366E+00
  0.90000000E-01 -0.11194019E+00  0.39590737E+00
  0.10000000E+00 -0.11569323E+00  0.44295552E+00
  0.11000000E+00 -0.11987116E+00  0.49097933E+00
  0.12000000E+00 -0.12448313E+00  0.54008125E+00
  0.13000000E+00 -0.12953931E+00  0.59036518E+00
  0.14000000E+00 -0.13505086E+00  0.64193650E+00
  0.15000000E+00 -0.14102999E+00  0.69490229E+00
  0.16000000E+00 -0.14749001E+00  0.74937137E+00
  0.17000000E+00 -0.15444534E+00  0.80545448E+00
  0.18000000E+00 -0.16191158E+00  0.86326440E+00
  0.19000000E+00 -0.16990553E+00  0.92291605E+00
  0.20000000E+00 -0.17844527E+00  0.98452662E+00
  0.21000000E+00 -0.18755022E+00  0.10482157E+01
  0.22000000E+00 -0.19724115E+00  0.11141054E+01
  0.23000000E+00 -0.20754032E+00  0.11823204E+01
  0.24000000E+00 -0.21847149E+00  0.12529883E+01
  0.25000000E+00 -0.23006001E+00  0.13262393E+01
  0.26000000E+00 -0.24233290E+00  0.14022067E+01
  0.27000000E+00 -0.25531897E+00  0.14810270E+01
  0.28000000E+00 -0.26904884E+00  0.15628396E+01
  0.29000000E+00 -0.28355512E+00  0.16477873E+01
  0.30000000E+00 -0.29887243E+00  0.17360162E+01
  0.31000000E+00 -0.31503757E+00  0.18276759E+01
  0.32000000E+00 -0.33208963E+00  0.19229195E+01
  0.33000000E+00 -0.35007009E+00  0.20219036E+01
  0.34000000E+00 -0.36902297E+00  0.21247884E+01
  0.35000000E+00 -0.38899497E+00  0.22317378E+01
  0.36000000E+00 -0.41003563E+00  0.23429194E+01
  0.37000000E+00 -0.43219745E+00  0.24585045E+01
  0.38000000E+00 -0.45553613E+00  0.25786681E+01
  0.39000000E+00 -0.48011067E+00  0.27035886E+01
  0.40000000E+00 -0.50598360E+00  0.28334486E+01
  0.41000000E+00 -0.53322120E+00  0.29684336E+01
  0.42000000E+00 -0.56189365E+00  0.31087331E+01
  0.43000000E+00 -0.59207532E+00  0.32545396E+01
  0.44000000E+00 -0.62384496E+00  0.34060490E+01
  0.45000000E+00 -0.65728597E+00  0.35634601E+01
  0.46000000E+00 -0.69248662E+00  0.37269744E+01
  0.47000000E+00 -0.72954039E+00  0.38967959E+01
  0.48000000E+00 -0.76854618E+00  0.40731311E+01
  0.49000000E+00 -0.80960864E+00  0.42561879E+01
  0.50000000E+00 -0.85283848E+00  0.44461759E+01
  0.51000000E+00 -0.89835273E+00  0.46433054E+01
  0.52000000E+00 -0.94627514E+00  0.48477872E+01
  0.53000000E+00 -0.99673641E+00  0.50598317E+01
  0.54000000E+00 -0.10498746E+01  0.52796483E+01
  0.55000000E+00 -0.11058352E+01  0.55074448E+01
  0.56000000E+00 -0.11647720E+01  0.57434259E+01
  0.57000000E+00 -0.12268464E+01  0.59877929E+01
  0.58000000E+00 -0.12922286E+01  0.62407422E+01
  0.59000000E+00 -0.13610972E+01  0.65024645E+01
  0.60000000E+00 -0.14336391E+01  0.67731434E+01
  0.61000000E+00 -0.15100498E+01  0.70529543E+01
  0.62000000E+00 -0.15905327E+01  0.73420626E+01
  0.63000000E+00 -0.16752985E+01  0.76406213E+01
  0.64000000E+00 -0.17645640E+01  0.79487678E+01
  0.65000000E+00 -0.18585499E+01  0.82666193E+01
  0.66000000E+00 -0.19574782E+01  0.85942686E+01
  0.67000000E+00 -0.20615668E+01  0.89317850E+01
  0.68000000E+00 -0.21710222E+01  0.92792283E+01
  0.69000000E+00 -0.22860277E+01  0.96366760E+01
  0.70000000E+00 -0.24067231E+01  0.10004225E+02
  0.71000000E+00 -0.25331713E+01  0.10381867E+02
  0.72000000E+00 -0.26652969E+01  0.10769202E+02
  0.73000000E+00 -0.28027643E+01  0.11165576E+02
  0.74000000E+00 -0.29447158E+01  0.11571923E+02
  0.75000000E+00 -0.30890925E+01  0.11989975E+02
  0.76000000E+00 -0.32283499E+01  0.12408157E+02
  0.77000000E+00 -0.33432460E+01  0.12897913E+02
  0.78000000E+00 -0.34965988E+01  0.13511537E+02
  0.79000000E+00 -0.36967636E+01  0.14137468E+02
  0.80000000E+00 -0.39301637E+01  0.14769626E+02
  0.81000000E+00 -0.41954097E+01  0.15410315E+02
  0.82000000E+00 -0.44945132E+01  0.16058097E+02
  0.83000000E+00 -0.48335307E+01  0.16717780E+02
  0.84000000E+00 -0.52292782E+01  0.17380787E+02
  0.85000000E+00 -0.57029078E+01  0.17936896E+02
  0.86000000E+00 -0.61763074E+01  0.18314061E+02
  0.87000000E+00 -0.66197127E+01  0.18639184E+02
  0.88000000E+00 -0.70588560E+01  0.18965808E+02
  0.89000000E+00 -0.75052247E+01  0.19286492E+02
  0.90000000E+00 -0.79642139E+01  0.19592590E+02
  0.91000000E+00 -0.84392588E+01  0.19877271E+02
  0.92000000E+00 -0.89328278E+01  0.20132522E+02
  0.93000000E+00 -0.94465016E+01  0.20346943E+02
  0.94000000E+00 -0.99804640E+01  0.20504124E+02
  0.95000000E+00 -0.10531993E+02  0.20579858E+02
  0.96000000E+00 -0.11091478E+02  0.20532569E+02
  0.97000000E+00 -0.11628156E+02  0.20268734E+02
  0.98000000E+00 -0.11867777E+02  0.19833374E+02
  0.99000000E+00 -0.11689078E+02  0.20127083E+02
  0.10000000E+01 -0.12174380E+02  0.21764266E+02
  0.10100000E+01 -0.13097296E+02  0.23184729E+02
  0.10200000E+01 -0.14431201E+02  0.24031953E+02
  0.10300000E+01 -0.15795680E+02  0.23986719E+02
  0.10400000E+01 -0.17395492E+02  0.23865266E+02
  0.10500000E+01 -0.18661817E+02  0.22133814E+02
  0.10600000E+01 -0.19569983E+02  0.20840584E+02
  0.10700000E+01 -0.20350910E+02  0.20315535E+02
  0.10800000E+01 -0.21400863E+02  0.21666014E+02
  0.10900000E+01 -0.23848522E+02  0.26674108E+02
  0.11000000E+01 -0.32728896E+02  0.23038903E+02
  0.11100000E+01 -0.34783797E+02  0.96751349E+01
  0.11200000E+01 -0.35046749E+02  0.67650443E+00
  0.11300000E+01 -0.34846106E+02 -0.65835376E+01
  0.11400000E+01 -0.34306263E+02 -0.13622679E+02
  0.11500000E+01 -0.32560291E+02 -0.19937452E+02
  0.11600000E+01 -0.31742106E+02 -0.24206670E+02
  0.11700000E+01 -0.31283173E+02 -0.29984517E+02
  0.11800000E+01 -0.30709936E+02 -0.37715108E+02
  0.11900000E+01 -0.29640126E+02 -0.48032507E+02
  0.12000000E+01 -0.24289802E+02 -0.70316791E+02
  0.12100000E+01 -0.16261792E+02 -0.68444252E+02
  0.12200000E+01 -0.63968277E+01 -0.70041568E+02
  0.12300000E+01  0.13896505E+01 -0.58740393E+02
  0.12400000E+01  0.21158591E+01 -0.49443782E+02
  0.12500000E+01  0.38084817E+01 -0.40389879E+02
  0.12600000E+01  0.40585032E+01 -0.32928471E+02
  0.12700000E+01  0.29974960E+01 -0.27128501E+02
  0.12800000E+01  0.18554536E+01 -0.24763591E+02
  0.12900000E+01  0.99486279E+00 -0.23493705E+02
  0.13000000E+01  0.19234181E+00 -0.23073643E+02
  0.13100000E+01 -0.48708471E+00 -0.23802858E+02
  0.13200000E+01 -0.94002018E+00 -0.25600616E+02
  0.13300000E+01 -0.10332215E+01 -0.28728099E+02
  0.13400000E+01 -0.43363228E+00 -0.32898719E+02
  0.13500000E+01  0.14323727E+01 -0.37086331E+02
  0.13600000E+01  0.50964571E+01 -0.37902889E+02
  0.13700000E+01  0.78797355E+01 -0.33443214E+02
  0.13800000E+01  0.85361057E+01 -0.28140999E+02
  0.13900000E+01  0.80472967E+01 -0.23400044E+02
  0.14000000E+01  0.64813417E+01 -0.20351821E+02
  0.14100000E+01  0.37834164E+01 -0.17717178E+02
  0.14200000E+01 -0.27454784E+01 -0.20629335E+02
  0.14300000E+01 -0.99938827E+01 -0.46761237E+02
  0.14400000E+01  0.41684249E+02 -0.63578834E+02
  0.14500000E+01  0.34241848E+02 -0.22029687E+02
  0.14600000E+01  0.29771291E+02 -0.14108366E+02
  0.14700000E+01  0.27447298E+02 -0.90264838E+01
  0.14800000E+01  0.25713659E+02 -0.27837901E+01
  0.14900000E+01  0.19461941E+02  0.11169617E+00
  0.15000000E+01  0.18371177E+02 -0.19239356E+01
  0.15100000E+01  0.17670862E+02 -0.20238004E+01
  0.15200000E+01  0.17078297E+02 -0.20160953E+01
  0.15300000E+01  0.16767488E+02 -0.18210339E+01
  0.15400000E+01  0.16509315E+02 -0.14936126E+01
  0.15500000E+01  0.16306119E+02 -0.12143929E+01
  0.15600000E+01  0.16185455E+02 -0.13632007E+01
  0.15700000E+01  0.16579591E+02 -0.11041361E+01
  0.15800000E+01  0.18276719E+02 -0.68993437E-01
  0.15900000E+01  0.18295655E+02  0.23855313E+01
  0.16000000E+01  0.18345661E+02  0.43249105E+01
  0.16100000E+01  0.18440428E+02  0.62598856E+01
  0.16200000E+01  0.18649480E+02  0.83056888E+01
  0.16300000E+01  0.19031593E+02  0.11036322E+02
  0.16400000E+01  0.19677099E+02  0.14496084E+02
  0.16500000E+01  0.20029394E+02  0.20474573E+02
  0.16600000E+01  0.19632171E+02  0.27162664E+02
  0.16700000E+01  0.18311721E+02  0.35560605E+02
  0.16800000E+01  0.14774332E+02  0.44778684E+02
  0.16900000E+01  0.74093202E+01  0.48657966E+02
  0.17000000E+01  0.27752264E+01  0.43398267E+02
  0.17100000E+01  0.24895462E+00  0.39135910E+02
  0.17200000E+01 -0.20573183E+01  0.37973869E+02
  0.17300000E+01 -0.52449092E+01  0.30928248E+02
  0.17400000E+01 -0.59876170E+01  0.25657634E+02
  0.17500000E+01 -0.63784412E+01  0.21737002E+02
  0.17600000E+01 -0.65759655E+01  0.18494065E+02
  0.17700000E+01 -0.65940402E+01  0.15676548E+02
  0.17800000E+01 -0.64014285E+01  0.13685020E+02
  0.17900000E+01 -0.66253450E+01  0.11609820E+02
  0.18000000E+01 -0.62830321E+01  0.90704168E+01
  0.18100000E+01 -0.58004117E+01  0.72335569E+01
  0.18200000E+01 -0.49871599E+01  0.57539626E+01
  0.18300000E+01 -0.39925662E+01  0.53744886E+01
  0.18400000E+01 -0.33878429E+01  0.61814569E+01
  0.18500000E+01 -0.31903069E+01  0.69331932E+01
  0.18600000E+01 -0.32037313E+01  0.73346672E+01
  0.18700000E+01 -0.32005039E+01  0.75849213E+01
  0.18800000E+01 -0.32408309E+01  0.77961680E+01
  0.18900000E+01 -0.33199825E+01  0.80529621E+01
  0.19000000E+01 -0.34659431E+01  0.83679529E+01
  0.19100000E+01 -0.36264517E+01  0.86582849E+01
  0.19200000E+01 -0.39569993E+01  0.91075760E+01
  0.19300000E+01 -0.43579904E+01  0.97991832E+01
  0.19400000E+01 -0.52163014E+01  0.10245104E+02
  0.19500000E+01 -0.67483453E+01  0.96645723E+01
  0.19600000E+01 -0.72830585E+01  0.73111704E+01
  0.19700000E+01 -0.76357262E+01  0.55112825E+01
  0.19800000E+01 -0.78664579E+01  0.37028144E+01
  0.19900000E+01 -0.80129384E+01  0.17548079E+01
  0.20000000E+01 -0.80834883E+01 -0.62399209E+00
  0.20100000E+01 -0.78713361E+01 -0.37767989E+01
  0.20200000E+01 -0.72847392E+01 -0.78625856E+01
  0.20300000E+01 -0.37985250E+01 -0.94276678E+01
  0.20400000E+01 -0.25681177E+01 -0.64632265E+01
  0.20500000E+01 -0.20211058E+01 -0.60843030E+01
  0.20600000E+01 -0.88899443E+00 -0.51350832E+01
  0.20700000E+01 -0.50799937E+00 -0.37354758E+01
  0.20800000E+01 -0.22023833E+00 -0.28709846E+01
  0.20900000E+01  0.78083005E-01 -0.20321147E+01
  0.21000000E+01  0.47736888E+00 -0.87764653E+00
  0.21100000E+01  0.61953999E+00  0.47000933E+00
  0.21200000E+01  0.78428776E+00  0.21732859E+01
  0.21300000E+01  0.93303867E+00  0.44091418E+01
  0.21400000E+01  0.56693505E+00  0.85850314E+01
  0.21500000E+01 -0.56494733E+01  0.12849791E+02
  0.21600000E+01 -0.56481982E+01  0.56780923E+01
  0.21700000E+01 -0.53885903E+01  0.39108823E+01
  0.21800000E+01 -0.53043379E+01  0.33834437E+01
  0.21900000E+01 -0.55290938E+01  0.31098023E+01
  0.22000000E+01 -0.58947616E+01  0.23273488E+01
  0.22100000E+01 -0.63577278E+01  0.20351808E+01
  0.22200000E+01 -0.66189058E+01  0.59956281E+00
  0.22300000E+01 -0.65572457E+01 -0.35785264E+00
  0.22400000E+01 -0.65779443E+01 -0.11177229E+01
  0.22500000E+01 -0.64621894E+01 -0.24020546E+01
  0.22600000E+01 -0.62392889E+01 -0.26074977E+01
  0.22700000E+01 -0.61545819E+01 -0.29816574E+01
  0.22800000E+01 -0.61807588E+01 -0.33012483E+01
  0.22900000E+01 -0.63692403E+01 -0.39122148E+01
  0.23000000E+01 -0.64297305E+01 -0.49205369E+01
  0.23100000E+01 -0.63491396E+01 -0.59687146E+01
  0.23200000E+01 -0.65305187E+01 -0.71734217E+01
  0.23300000E+01 -0.62894348E+01 -0.89846747E+01
  0.23400000E+01 -0.56572066E+01 -0.10621488E+02
  0.23500000E+01 -0.49078971E+01 -0.11712557E+02
  0.23600000E+01 -0.40959253E+01 -0.12686615E+02
  0.23700000E+01 -0.31798434E+01 -0.13245960E+02
  0.23800000E+01 -0.20475557E+01 -0.13222819E+02
  0.23900000E+01 -0.10528472E+01 -0.12493195E+02
  0.24000000E+01 -0.27342683E+00 -0.11357522E+02
  0.24100000E+01  0.31476034E+00 -0.99251632E+01
  0.24200000E+01  0.66551844E+00 -0.87375421E+01
  0.24300000E+01  0.98640846E+00 -0.74883001E+01
  0.24400000E+01  0.12443069E+01 -0.62026752E+01
  0.24500000E+01  0.14071849E+01 -0.47252630E+01
  0.24600000E+01  0.13631233E+01 -0.31585926E+01
  0.24700000E+01  0.10345494E+01 -0.19985482E+01
  0.24800000E+01  0.76391066E+00 -0.14031963E+01
  0.24900000E+01  0.55484850E+00 -0.80758840E+00
  0.25000000E+01  0.42038295E+00 -0.11813523E+00
  0.25100000E+01  0.14935170E+00  0.42596077E+00
  0.25200000E+01 -0.18599863E+00  0.82108259E+00
  0.25300000E+01 -0.57997604E+00  0.77684496E+00
  0.25400000E+01 -0.82751853E+00  0.33688465E+00
  0.25500000E+01 -0.85570475E+00 -0.71833727E+00
  0.25600000E+01 -0.30040351E+00 -0.23461836E+00
  0.25700000E+01 -0.17302775E+00  0.92876652E-01
  0.25800000E+01  0.26872633E-02  0.58787389E+00
  0.25900000E+01  0.55725924E-01  0.13208497E+01
  0.26000000E+01  0.11471803E-01  0.20121953E+01
  0.26100000E+01 -0.66624093E-01  0.27013870E+01
  0.26200000E+01 -0.21877893E+00  0.34487610E+01
  0.26300000E+01 -0.48942079E+00  0.42769102E+01
  0.26400000E+01 -0.98459066E+00  0.47237929E+01
  0.26500000E+01 -0.13673029E+01  0.49451324E+01
  0.26600000E+01 -0.17330528E+01  0.50552357E+01
  0.26700000E+01 -0.20416174E+01  0.51447558E+01
  0.26800000E+01 -0.25422172E+01  0.53245540E+01
  0.26900000E+01 -0.29460606E+01  0.54055095E+01
  0.27000000E+01 -0.33500117E+01  0.52655737E+01
  0.27100000E+01 -0.37859335E+01  0.52272962E+01
  0.27200000E+01 -0.42487948E+01  0.47068708E+01
  0.27300000E+01 -0.43684039E+01  0.40348150E+01
  0.27400000E+01 -0.45031224E+01  0.42567099E+01
  0.27500000E+01 -0.47486741E+01  0.44153381E+01
  0.27600000E+01 -0.50244617E+01  0.47610141E+01
  0.27700000E+01 -0.53606110E+01  0.55540973E+01
  0.27800000E+01 -0.56106901E+01  0.83243135E+01
  0.27900000E+01 -0.84679503E+01  0.53009446E+01
  0.28000000E+01 -0.89945540E+01  0.40908099E+01
  0.28100000E+01 -0.97491358E+01  0.33017373E+01
  0.28200000E+01 -0.10543169E+02  0.23093925E+01
  0.28300000E+01 -0.12118779E+02  0.59638683E+00
  0.28400000E+01 -0.12726641E+02 -0.25662453E+01
  0.28500000E+01 -0.13059598E+02 -0.54724987E+01
  0.28600000E+01 -0.13294820E+02 -0.78622713E+01
  0.28700000E+01 -0.13676077E+02 -0.10931540E+02
  0.28800000E+01 -0.14138857E+02 -0.14915078E+02
  0.28900000E+01 -0.14910702E+02 -0.21729634E+02
  0.29000000E+01 -0.11503689E+01 -0.34001648E+02
  0.29100000E+01 -0.19048141E+01 -0.19941789E+02
  0.29200000E+01 -0.26066816E+01 -0.16952194E+02
  0.29300000E+01 -0.30942559E+01 -0.15707688E+02
  0.29400000E+01 -0.33928308E+01 -0.15415594E+02
  0.29500000E+01 -0.36151653E+01 -0.15657700E+02
  0.29600000E+01 -0.34348266E+01 -0.16919185E+02
  0.29700000E+01 -0.21619234E+01 -0.16392977E+02
  0.29800000E+01 -0.21308038E+01 -0.15010432E+02
  0.29900000E+01 -0.22301548E+01 -0.14379598E+02
  0.30000000E+01 -0.23352298E+01 -0.13980704E+02
  0.30100000E+01 -0.23879750E+01 -0.13703409E+02
  0.30200000E+01 -0.20766582E+01 -0.13467523E+02
  0.30300000E+01 -0.33804120E+01 -0.13241209E+02
  0.30400000E+01 -0.34436425E+01 -0.13087616E+02
  0.30500000E+01 -0.37189178E+01 -0.13058777E+02
  0.30600000E+01 -0.41870478E+01 -0.13624223E+02
  0.30700000E+01 -0.43945128E+01 -0.14397214E+02
  0.30800000E+01 -0.45415947E+01 -0.15197165E+02
  0.30900000E+01 -0.48003880E+01 -0.16169368E+02
  0.31000000E+01 -0.44605241E+01 -0.17185277E+02
  0.31100000E+01 -0.43139307E+01 -0.18075409E+02
  0.31200000E+01 -0.41160222E+01 -0.18725186E+02
  0.31300000E+01 -0.42753814E+01 -0.19495318E+02
  0.31400000E+01 -0.41818075E+01 -0.20890499E+02
  0.31500000E+01 -0.36661731E+01 -0.22081344E+02
  0.31600000E+01 -0.35759178E+01 -0.22641809E+02
  0.31700000E+01 -0.32872436E+01 -0.24567377E+02
  0.31800000E+01 -0.24242363E+01 -0.25669991E+02
  0.31900000E+01 -0.19504659E+01 -0.26169253E+02
  0.32000000E+01 -0.17096429E+01 -0.26910624E+02
  0.32100000E+01 -0.17824490E+01 -0.29434764E+02
  0.32200000E+01 -0.81499560E-01 -0.34865307E+02
  0.32300000E+01  0.42080568E+01 -0.34514465E+02
  0.32400000E+01  0.66314373E+01 -0.30336747E+02
  0.32500000E+01  0.70482273E+01 -0.27244862E+02
  0.32600000E+01  0.74914175E+01 -0.25084151E+02
  0.32700000E+01  0.77600232E+01 -0.23204026E+02
  0.32800000E+01  0.79253899E+01 -0.21631012E+02
  0.32900000E+01  0.81046451E+01 -0.20053138E+02
  0.33000000E+01  0.81482038E+01 -0.18749049E+02
  0.33100000E+01  0.81633746E+01 -0.17588916E+02
  0.33200000E+01  0.81452249E+01 -0.16687738E+02
  0.33300000E+01  0.83801680E+01 -0.15731223E+02
  0.33400000E+01  0.83667319E+01 -0.14661362E+02
  0.33500000E+01  0.83339649E+01 -0.13639648E+02
  0.33600000E+01  0.82161399E+01 -0.12646876E+02
  0.33700000E+01  0.78979096E+01 -0.11789571E+02
  0.33800000E+01  0.77382833E+01 -0.11755969E+02
  0.33900000E+01  0.78992834E+01 -0.11495908E+02
  0.34000000E+01  0.79152721E+01 -0.10773907E+02
  0.34100000E+01  0.79382596E+01 -0.10160415E+02
  0.34200000E+01  0.87253717E+01 -0.94406160E+01
  0.34300000E+01  0.72258819E+01 -0.90406916E+01
  0.34400000E+01  0.71463415E+01 -0.86928267E+01
  0.34500000E+01  0.69977059E+01 -0.84568924E+01
  0.34600000E+01  0.68786244E+01 -0.82703689E+01
  0.34700000E+01  0.67407020E+01 -0.80754079E+01
  0.34800000E+01  0.64648393E+01 -0.80130560E+01
  0.34900000E+01  0.63495443E+01 -0.82288426E+01
  0.35000000E+01  0.62711080E+01 -0.83830099E+01
  0.35100000E+01  0.61729061E+01 -0.86404494E+01
  0.35200000E+01  0.61587785E+01 -0.91494325E+01
  0.35300000E+01  0.66156462E+01 -0.99467744E+01
  0.35400000E+01  0.68872834E+01 -0.95915355E+01
  0.35500000E+01  0.71835724E+01 -0.92146645E+01
  0.35600000E+01  0.73030255E+01 -0.87895544E+01
  0.35700000E+01  0.73586492E+01 -0.85936940E+01
  0.35800000E+01  0.75857375E+01 -0.83484794E+01
  0.35900000E+01  0.77847939E+01 -0.75490833E+01
  0.36000000E+01  0.77775394E+01 -0.67980821E+01
  0.36100000E+01  0.77736062E+01 -0.62646033E+01
  0.36200000E+01  0.77894692E+01 -0.54401371E+01
  0.36300000E+01  0.75183689E+01 -0.37050442E+01
  0.36400000E+01  0.63021422E+01 -0.41762147E+01
  0.36500000E+01  0.61695264E+01 -0.49231773E+01
  0.36600000E+01  0.61140550E+01 -0.51489367E+01
  0.36700000E+01  0.58106259E+01 -0.53242047E+01
  0.36800000E+01  0.59751148E+01 -0.60930217E+01
  0.36900000E+01  0.61846197E+01 -0.61761190E+01
  0.37000000E+01  0.63121171E+01 -0.60632091E+01
  0.37100000E+01  0.63892613E+01 -0.58621927E+01
  0.37200000E+01  0.63563569E+01 -0.57391314E+01
  0.37300000E+01  0.63561789E+01 -0.57380549E+01
  0.37400000E+01  0.63599974E+01 -0.57335270E+01
  0.37500000E+01  0.63860360E+01 -0.58562503E+01
  0.37600000E+01  0.64635354E+01 -0.59391866E+01
  0.37700000E+01  0.65653696E+01 -0.60319650E+01
  0.37800000E+01  0.67166693E+01 -0.62055371E+01
  0.37900000E+01  0.69332098E+01 -0.61201643E+01
  0.38000000E+01  0.70491520E+01 -0.59791739E+01
  0.38100000E+01  0.72894399E+01 -0.57246890E+01
  0.38200000E+01  0.73605837E+01 -0.54329745E+01
  0.38300000E+01  0.74146692E+01 -0.51916514E+01
  0.38400000E+01  0.73234735E+01 -0.49427370E+01
  0.38500000E+01  0.71611396E+01 -0.52282299E+01
  0.38600000E+01  0.74807891E+01 -0.58337583E+01
  0.38700000E+01  0.79316422E+01 -0.55101327E+01
  0.38800000E+01  0.82580209E+01 -0.50710481E+01
  0.38900000E+01  0.83980383E+01 -0.42787700E+01
  0.39000000E+01  0.84602997E+01 -0.35902520E+01
  0.39100000E+01  0.82946430E+01 -0.30506761E+01
  0.39200000E+01  0.83128496E+01 -0.27084251E+01
  0.39300000E+01  0.80185743E+01 -0.22184277E+01
  0.39400000E+01  0.78795360E+01 -0.25428327E+01
  0.39500000E+01  0.77988412E+01 -0.27762034E+01
  0.39600000E+01  0.77853125E+01 -0.30746922E+01
  0.39700000E+01  0.78614074E+01 -0.33807968E+01
  0.39800000E+01  0.79793021E+01 -0.36787404E+01
  0.39900000E+01  0.81491559E+01 -0.39808832E+01
  0.40000000E+01  0.83460451E+01 -0.41836947E+01
  0.40100000E+01  0.88486147E+01 -0.47803055E+01
  0.40200000E+01  0.95985061E+01 -0.45759185E+01
  0.40300000E+01  0.10073554E+02 -0.39567504E+01
  0.40400000E+01  0.10554298E+02 -0.33826797E+01
  0.40500000E+01  0.11113155E+02 -0.26195663E+01
  0.40600000E+01  0.11921081E+02 -0.11348808E+01
  0.40700000E+01  0.12532958E+02  0.14624314E+01
  0.40800000E+01  0.12906673E+02  0.60165824E+01
  0.40900000E+01  0.11801065E+02  0.14316732E+02
  0.41000000E+01  0.45077795E+01  0.14286711E+02
  0.41100000E+01  0.32204178E+01  0.76983630E+01
  0.41200000E+01  0.34265946E+01  0.39871331E+01
  0.41300000E+01  0.40077416E+01  0.22987861E+01
  0.41400000E+01  0.46581817E+01  0.19360268E+01
  0.41500000E+01  0.52797718E+01  0.27562615E+01
  0.41600000E+01  0.55472197E+01  0.55730933E+01
  0.41700000E+01  0.19781722E+01  0.90049711E+01
  0.41800000E+01  0.82681365E+00  0.40713405E+01
  0.41900000E+01  0.99798287E+00  0.14904563E+01
  0.42000000E+01  0.12427217E+01  0.22110648E+00
  0.42100000E+01  0.13936397E+01 -0.51219005E+00
  0.42200000E+01  0.14362442E+01 -0.11530077E+01
  0.42300000E+01  0.12339150E+01 -0.19173819E+01
  0.42400000E+01  0.11688613E+01 -0.30866945E+01
  0.42500000E+01  0.10825860E+01 -0.47256170E+01
  0.42600000E+01  0.96148056E+00 -0.77195263E+01
  0.42700000E+01  0.14389384E+01 -0.14080284E+02
  0.42800000E+01  0.90921010E+01 -0.25181821E+02
  0.42900000E+01  0.13557604E+02 -0.10859711E+02
  0.43000000E+01  0.13445664E+02 -0.37653478E+01
  0.43100000E+01  0.13059299E+02 -0.73219989E-01
  0.43200000E+01  0.12535818E+02  0.25593449E+01
  0.43300000E+01  0.11945899E+02  0.43808071E+01
  0.43400000E+01  0.11398543E+02  0.55766892E+01
  0.43500000E+01  0.10954213E+02  0.63127736E+01
  0.43600000E+01  0.10638580E+02  0.68023507E+01
  0.43700000E+01  0.10433642E+02  0.71343288E+01
  0.43800000E+01  0.10368484E+02  0.73344069E+01
  0.43900000E+01  0.10755584E+02  0.79274502E+01
  0.44000000E+01  0.10813801E+02  0.89432765E+01
  0.44100000E+01  0.10858799E+02  0.99952240E+01
  0.44200000E+01  0.10916642E+02  0.11045275E+02
  0.44300000E+01  0.11043728E+02  0.12476650E+02
  0.44400000E+01  0.10943599E+02  0.14071061E+02
  0.44500000E+01  0.10791455E+02  0.15550617E+02
  0.44600000E+01  0.10657561E+02  0.17428163E+02
  0.44700000E+01  0.10405478E+02  0.19506385E+02
  0.44800000E+01  0.10180735E+02  0.22156402E+02
  0.44900000E+01  0.93503301E+01  0.25629187E+02
  0.45000000E+01  0.76740670E+01  0.28972391E+02
  0.45100000E+01  0.48136493E+01  0.32226411E+02
  0.45200000E+01  0.16842413E+01  0.28714368E+02
  0.45300000E+01  0.43593282E+00  0.25185477E+02
  0.45400000E+01 -0.91649404E-01  0.21811705E+02
  0.45500000E+01  0.61031818E+00  0.19105837E+02
  0.45600000E+01  0.90742148E+00  0.19859057E+02
  0.45700000E+01  0.46095783E+00  0.20124589E+02
  0.45800000E+01  0.88178640E-02  0.19949191E+02
  0.45900000E+01 -0.56892040E+00  0.19835492E+02
  0.46000000E+01 -0.11693762E+01  0.19227157E+02
  0.46100000E+01 -0.16629631E+01  0.18429275E+02
  0.46200000E+01 -0.20950686E+01  0.17523446E+02
  0.46300000E+01 -0.24425953E+01  0.16523563E+02
  0.46400000E+01 -0.27148501E+01  0.15324384E+02
  0.46500000E+01 -0.27907546E+01  0.13887054E+02
  0.46600000E+01 -0.25312256E+01  0.12934140E+02
  0.46700000E+01 -0.23542234E+01  0.12637232E+02
  0.46800000E+01 -0.23688445E+01  0.12790808E+02
  0.46900000E+01 -0.25696528E+01  0.12646180E+02
  0.47000000E+01 -0.28290189E+01  0.12379672E+02
  0.47100000E+01 -0.31175368E+01  0.11995233E+02
  0.47200000E+01 -0.34147492E+01  0.11500698E+02
  0.47300000E+01 -0.37126830E+01  0.10908798E+02
  0.47400000E+01 -0.40056517E+01  0.10222775E+02
  0.47500000E+01 -0.42717065E+01  0.94171905E+01
  0.47600000E+01 -0.45129862E+01  0.87172729E+01
  0.47700000E+01 -0.48005169E+01  0.78924360E+01
  0.47800000E+01 -0.50890945E+01  0.69533137E+01
  0.47900000E+01 -0.53561601E+01  0.58914761E+01
  0.48000000E+01 -0.56036495E+01  0.46995231E+01
  0.48100000E+01 -0.58275604E+01  0.33468116E+01
  0.48200000E+01 -0.60075522E+01  0.17729678E+01
  0.48300000E+01 -0.60503914E+01  0.15206977E+00
  0.48400000E+01 -0.60952089E+01 -0.89899133E+00
  0.48500000E+01 -0.76492155E+01 -0.30000389E+01
  0.48600000E+01 -0.74917410E+01 -0.80857980E+01
  0.48700000E+01 -0.66252782E+01 -0.13204625E+02
  0.48800000E+01 -0.43382376E+01 -0.17189175E+02
  0.48900000E+01 -0.13899856E+01 -0.17167712E+02
  0.49000000E+01  0.29440503E+00 -0.16246071E+02
  0.49100000E+01  0.15620984E+01 -0.15410744E+02
  0.49200000E+01  0.29036501E+01 -0.14078652E+02
  0.49300000E+01  0.32095158E+01 -0.13080426E+02
  0.49400000E+01  0.42729562E+01 -0.12192949E+02
  0.49500000E+01  0.50804018E+01 -0.10788532E+02
  0.49600000E+01  0.58087037E+01 -0.95294721E+01
  0.49700000E+01  0.62938638E+01 -0.81025354E+01
  0.49800000E+01  0.67645188E+01 -0.66657194E+01
  0.49900000E+01  0.70556961E+01 -0.52046634E+01
  0.50000000E+01  0.72558437E+01 -0.38813511E+01
  0.50100000E+01  0.74043266E+01 -0.26513790E+01
  0.50200000E+01  0.75106331E+01 -0.14619059E+01
  0.50300000E+01  0.75613934E+01 -0.42910749E+00
  0.50400000E+01  0.75773334E+01  0.77335329E+00
  0.50500000E+01  0.75563324E+01  0.18221554E+01
  0.50600000E+01  0.74390091E+01  0.28254252E+01
  0.50700000E+01  0.72748492E+01  0.35795744E+01
  0.50800000E+01  0.71335005E+01  0.42624576E+01
  0.50900000E+01  0.70010053E+01  0.48743939E+01
  0.51000000E+01  0.68419480E+01  0.54294890E+01
  0.51100000E+01  0.66927325E+01  0.59551983E+01
  0.51200000E+01  0.65132449E+01  0.64262645E+01
  0.51300000E+01  0.63138707E+01  0.68079478E+01
  0.51400000E+01  0.61182125E+01  0.70291640E+01
  0.51500000E+01  0.59951174E+01  0.72181597E+01
  0.51600000E+01  0.58620191E+01  0.74496323E+01
  0.51700000E+01  0.57146761E+01  0.76306647E+01
  0.51800000E+01  0.55744272E+01  0.77787990E+01
  0.51900000E+01  0.54366449E+01  0.78680274E+01
  0.52000000E+01  0.53169728E+01  0.79287946E+01
  0.52100000E+01  0.52154806E+01  0.79551041E+01
  0.52200000E+01  0.51305048E+01  0.79454453E+01
  0.52300000E+01  0.50779923E+01  0.80012418E+01
  0.52400000E+01  0.50197714E+01  0.80602157E+01
  0.52500000E+01  0.49601916E+01  0.81293124E+01
  0.52600000E+01  0.49056138E+01  0.81973510E+01
  0.52700000E+01  0.48424403E+01  0.82791459E+01
  0.52800000E+01  0.47782689E+01  0.83546033E+01
  0.52900000E+01  0.47162568E+01  0.84281684E+01
  0.53000000E+01  0.46542258E+01  0.85101241E+01
  0.53100000E+01  0.45976844E+01  0.85942017E+01
  0.53200000E+01  0.45368684E+01  0.86860929E+01
  0.53300000E+01  0.44750744E+01  0.87840089E+01
  0.53400000E+01  0.44029636E+01  0.88878442E+01
  0.53500000E+01  0.43282279E+01  0.89726659E+01
  0.53600000E+01  0.42664477E+01  0.90470705E+01
  0.53700000E+01  0.42064500E+01  0.91322652E+01
  0.53800000E+01  0.41584721E+01  0.92204582E+01
  0.53900000E+01  0.41057854E+01  0.93338190E+01
  0.54000000E+01  0.40475452E+01  0.94583368E+01
  0.54100000E+01  0.39915772E+01  0.95487594E+01
  0.54200000E+01  0.39521643E+01  0.96379368E+01
  0.54300000E+01  0.39418591E+01  0.97395158E+01
  0.54400000E+01  0.39393006E+01  0.99704117E+01
  0.54500000E+01  0.38927896E+01  0.10225682E+02
  0.54600000E+01  0.41478093E+01  0.10222742E+02
  0.54700000E+01  0.39421654E+01  0.10755977E+02
  0.54800000E+01  0.39694646E+01  0.11043587E+02
  0.54900000E+01  0.40109423E+01  0.11520950E+02
  0.55000000E+01  0.40720451E+01  0.12285479E+02
  0.55100000E+01  0.40003670E+01  0.13513945E+02
  0.55200000E+01  0.34620092E+01  0.14847650E+02
  0.55300000E+01  0.29819413E+01  0.14860146E+02
  0.55400000E+01  0.29179489E+01  0.15584111E+02
  0.55500000E+01  0.25206239E+01  0.17525837E+02
  0.55600000E+01  0.10145744E+01  0.16739487E+02
  0.55700000E+01  0.37001295E+00  0.16635306E+02
  0.55800000E+01  0.22141176E-01  0.16510402E+02
  0.55900000E+01 -0.86940040E+00  0.16050266E+02
  0.56000000E+01 -0.12128084E+01  0.15128759E+02
  0.56100000E+01 -0.14827052E+01  0.14400903E+02
  0.56200000E+01 -0.16907559E+01  0.13688322E+02
  0.56300000E+01 -0.18312680E+01  0.12987293E+02
  0.56400000E+01 -0.18930954E+01  0.12322797E+02
  0.56500000E+01 -0.18495925E+01  0.11921875E+02
  0.56600000E+01 -0.18914412E+01  0.11700570E+02
  0.56700000E+01 -0.19796591E+01  0.11523636E+02
  0.56800000E+01 -0.20906743E+01  0.11256014E+02
  0.56900000E+01 -0.21937399E+01  0.10966750E+02
  0.57000000E+01 -0.22912007E+01  0.10620135E+02
  0.57100000E+01 -0.23524129E+01  0.10235932E+02
  0.57200000E+01 -0.23824349E+01  0.98664542E+01
  0.57300000E+01 -0.23909548E+01  0.95336317E+01
  0.57400000E+01 -0.23837431E+01  0.92412778E+01
  0.57500000E+01 -0.23638816E+01  0.89912296E+01
  0.57600000E+01 -0.23352691E+01  0.87892879E+01
  0.57700000E+01 -0.23050806E+01  0.86434458E+01
  0.57800000E+01 -0.22868525E+01  0.85557587E+01
  0.57900000E+01 -0.23114795E+01  0.85387925E+01
  0.58000000E+01 -0.23705855E+01  0.83098723E+01
  0.58100000E+01 -0.23460438E+01  0.81120456E+01
  0.58200000E+01 -0.23024722E+01  0.79858751E+01
  0.58300000E+01 -0.22493663E+01  0.79533125E+01
  0.58400000E+01 -0.22309489E+01  0.79486615E+01
  0.58500000E+01 -0.21968189E+01  0.79716867E+01
  0.58600000E+01 -0.21575493E+01  0.80458726E+01
  0.58700000E+01 -0.21178910E+01  0.81908129E+01
  0.58800000E+01 -0.20852406E+01  0.84172456E+01
  0.58900000E+01 -0.20650776E+01  0.87314504E+01
  0.59000000E+01 -0.20632255E+01  0.91471101E+01
  0.59100000E+01 -0.20899112E+01  0.96857440E+01
  0.59200000E+01 -0.21634364E+01  0.10385486E+02
  0.59300000E+01 -0.23298916E+01  0.11259136E+02
  0.59400000E+01 -0.26950865E+01  0.12536018E+02
  0.59500000E+01 -0.35382312E+01  0.13392250E+02
  0.59600000E+01 -0.45299104E+01  0.13741111E+02
  0.59700000E+01 -0.55883657E+01  0.12746125E+02
  0.59800000E+01 -0.60954235E+01  0.11272254E+02
  0.59900000E+01 -0.63218935E+01  0.10008152E+02
  0.60000000E+01 -0.64049681E+01  0.90648283E+01
  0.60100000E+01 -0.64892679E+01  0.84066959E+01
  0.60200000E+01 -0.66834045E+01  0.77445313E+01
  0.60300000E+01 -0.67584322E+01  0.69394560E+01
  0.60400000E+01 -0.67712165E+01  0.62372462E+01
  0.60500000E+01 -0.67560586E+01  0.56433172E+01
  0.60600000E+01 -0.67285771E+01  0.51318556E+01
  0.60700000E+01 -0.66956012E+01  0.46849156E+01
  0.60800000E+01 -0.66636353E+01  0.42854797E+01
  0.60900000E+01 -0.66280492E+01  0.39274073E+01
  0.61000000E+01 -0.66002857E+01  0.36011514E+01
  0.61100000E+01 -0.65897000E+01  0.32886105E+01
  0.61200000E+01 -0.65714488E+01  0.29331981E+01
  0.61300000E+01 -0.65382152E+01  0.25968515E+01
  0.61400000E+01 -0.64985485E+01  0.22754040E+01
  0.61500000E+01 -0.64558459E+01  0.19810496E+01
  0.61600000E+01 -0.64293809E+01  0.16610287E+01
  0.61700000E+01 -0.63816925E+01  0.13497523E+01
  0.61800000E+01 -0.63302665E+01  0.10338306E+01
  0.61900000E+01 -0.62399653E+01  0.74395685E+00
  0.62000000E+01 -0.61726414E+01  0.53926154E+00
  0.62100000E+01 -0.61343498E+01  0.32465672E+00
  0.62200000E+01 -0.60890157E+01  0.65496986E-01
  0.62300000E+01 -0.60352992E+01 -0.19274167E+00
  0.62400000E+01 -0.59762607E+01 -0.45009228E+00
  0.62500000E+01 -0.59122458E+01 -0.70447067E+00
  0.62600000E+01 -0.58439512E+01 -0.95407606E+00
  0.62700000E+01 -0.57694872E+01 -0.11993975E+01
  0.62800000E+01 -0.56901935E+01 -0.14380277E+01
  0.62900000E+01 -0.56052814E+01 -0.16718584E+01
  0.63000000E+01 -0.55098519E+01 -0.18932110E+01
  0.63100000E+01 -0.54136389E+01 -0.20719647E+01
  0.63200000E+01 -0.53359409E+01 -0.22535192E+01
  0.63300000E+01 -0.52504123E+01 -0.24736105E+01
  0.63400000E+01 -0.51559589E+01 -0.27235647E+01
  0.63500000E+01 -0.50441640E+01 -0.30658591E+01
  0.63600000E+01 -0.46743971E+01 -0.31105322E+01
  0.63700000E+01 -0.45745449E+01 -0.29128856E+01
  0.63800000E+01 -0.45707964E+01 -0.28703068E+01
  0.63900000E+01 -0.45355709E+01 -0.30154843E+01
  0.64000000E+01 -0.44409803E+01 -0.31510477E+01
  0.64100000E+01 -0.43644452E+01 -0.32183094E+01
  0.64200000E+01 -0.42961772E+01 -0.33062008E+01
  0.64300000E+01 -0.42159519E+01 -0.33748110E+01
  0.64400000E+01 -0.41496230E+01 -0.34391096E+01
  0.64500000E+01 -0.40881878E+01 -0.35154385E+01
  0.64600000E+01 -0.40250476E+01 -0.35983712E+01
  0.64700000E+01 -0.39707748E+01 -0.37316407E+01
  0.64800000E+01 -0.38432042E+01 -0.37295199E+01
  0.64900000E+01 -0.37967822E+01 -0.36766775E+01
  0.65000000E+01 -0.38485459E+01 -0.37838719E+01
  0.65100000E+01 -0.37913028E+01 -0.39971678E+01
  0.65200000E+01 -0.37204493E+01 -0.41226993E+01
  0.65300000E+01 -0.36504526E+01 -0.42368862E+01
  0.65400000E+01 -0.35808033E+01 -0.43474108E+01
  0.65500000E+01 -0.35111385E+01 -0.44564160E+01
  0.65600000E+01 -0.34410946E+01 -0.45652988E+01
  0.65700000E+01 -0.33703351E+01 -0.46745201E+01
  0.65800000E+01 -0.32985619E+01 -0.47845624E+01
  0.65900000E+01 -0.32251362E+01 -0.48933226E+01
  0.66000000E+01 -0.31491667E+01 -0.50012114E+01
  0.66100000E+01 -0.30733721E+01 -0.51070701E+01
  0.66200000E+01 -0.29958462E+01 -0.52102802E+01
  0.66300000E+01 -0.29164882E+01 -0.53094611E+01
  0.66400000E+01 -0.28351818E+01 -0.54027138E+01
  0.66500000E+01 -0.27519111E+01 -0.54879138E+01
  0.66600000E+01 -0.26667157E+01 -0.55629696E+01
  0.66700000E+01 -0.25801597E+01 -0.56256595E+01
  0.66800000E+01 -0.24904364E+01 -0.56767451E+01
  0.66900000E+01 -0.23977703E+01 -0.57077875E+01
  0.67000000E+01 -0.23032269E+01 -0.57177399E+01
  0.67100000E+01 -0.22064736E+01 -0.57048083E+01
  0.67200000E+01 -0.21077135E+01 -0.56659486E+01
  0.67300000E+01 -0.20079120E+01 -0.55987719E+01
  0.67400000E+01 -0.19066766E+01 -0.55025575E+01
  0.67500000E+01 -0.18077793E+01 -0.53794375E+01
  0.67600000E+01 -0.17091943E+01 -0.52378664E+01
  0.67700000E+01 -0.16019820E+01 -0.50917188E+01
  0.67800000E+01 -0.14771955E+01 -0.48325826E+01
  0.67900000E+01 -0.14027340E+01 -0.45809158E+01
  0.68000000E+01 -0.13175609E+01 -0.42780090E+01
  0.68100000E+01 -0.12426419E+01 -0.39248275E+01
  0.68200000E+01 -0.11703218E+01 -0.34633646E+01
  0.68300000E+01 -0.11320096E+01 -0.24763331E+01
  0.68400000E+01 -0.21518352E+01  0.23183088E+00
  0.68500000E+01 -0.33776079E+01 -0.24390362E+01
  0.68600000E+01 -0.33669012E+01 -0.36648066E+01
  0.68700000E+01 -0.33111696E+01 -0.42219846E+01
  0.68800000E+01 -0.32624235E+01 -0.46808869E+01
  0.68900000E+01 -0.32066533E+01 -0.51106988E+01
  0.69000000E+01 -0.31340295E+01 -0.55317384E+01
  0.69100000E+01 -0.30391632E+01 -0.59481336E+01
  0.69200000E+01 -0.29200044E+01 -0.63531816E+01
  0.69300000E+01 -0.27765039E+01 -0.67291834E+01
  0.69400000E+01 -0.25436982E+01 -0.71689044E+01
  0.69500000E+01 -0.23509921E+01 -0.72837086E+01
  0.69600000E+01 -0.21695040E+01 -0.74401524E+01
  0.69700000E+01 -0.20020810E+01 -0.75461843E+01
  0.69800000E+01 -0.18419861E+01 -0.76244067E+01
  0.69900000E+01 -0.16884808E+01 -0.76714550E+01
  0.70000000E+01 -0.15423088E+01 -0.76902086E+01
  0.70100000E+01 -0.13996168E+01 -0.76806304E+01
  0.70200000E+01 -0.12689491E+01 -0.76423320E+01
  0.70300000E+01 -0.11393523E+01 -0.75782993E+01
  0.70400000E+01 -0.10169908E+01 -0.74918148E+01
  0.70500000E+01 -0.90125006E+00 -0.73861053E+01
  0.70600000E+01 -0.79195887E+00 -0.72643025E+01
  0.70700000E+01 -0.68895502E+00 -0.71293709E+01
  0.70800000E+01 -0.59204792E+00 -0.69840436E+01
  0.70900000E+01 -0.50101825E+00 -0.68307798E+01
  0.71000000E+01 -0.41562428E+00 -0.66717439E+01
  0.71100000E+01 -0.33560893E+00 -0.65088018E+01
  0.71200000E+01 -0.26070415E+00 -0.63435579E+01
  0.71300000E+01 -0.19056961E+00 -0.61774279E+01
  0.71400000E+01 -0.12496746E+00 -0.60111262E+01
  0.71500000E+01 -0.63675769E-01 -0.58457316E+01
  0.71600000E+01 -0.65059461E-02 -0.56818965E+01
  0.71700000E+01  0.46852931E-01 -0.55203752E+01
  0.71800000E+01  0.96670291E-01 -0.53615272E+01
  0.71900000E+01  0.14318541E+00 -0.52056721E+01
  0.72000000E+01  0.18662856E+00 -0.50530609E+01
  0.72100000E+01  0.22722335E+00 -0.49038778E+01
  0.72200000E+01  0.26519097E+00 -0.47582555E+01
  0.72300000E+01  0.30076847E+00 -0.46163146E+01
  0.72400000E+01  0.33425691E+00 -0.44778477E+01
  0.72500000E+01  0.36563083E+00 -0.43423495E+01
  0.72600000E+01  0.39483534E+00 -0.42102932E+01
  0.72700000E+01  0.42215443E+00 -0.40818916E+01
  0.72800000E+01  0.44779627E+00 -0.39569117E+01
  0.72900000E+01  0.47191672E+00 -0.38348507E+01
  0.73000000E+01  0.49451864E+00 -0.37148267E+01
  0.73100000E+01  0.51459285E+00 -0.35948390E+01
  0.73200000E+01  0.53019744E+00 -0.34878133E+01
  0.73300000E+01  0.54896568E+00 -0.33831991E+01
  0.73400000E+01  0.56685719E+00 -0.32796346E+01
  0.73500000E+01  0.58369773E+00 -0.31781949E+01
  0.73600000E+01  0.59958298E+00 -0.30794447E+01
  0.73700000E+01  0.61465885E+00 -0.29836558E+01
  0.73800000E+01  0.62909157E+00 -0.28909162E+01
  0.73900000E+01  0.64306794E+00 -0.28010456E+01
  0.74000000E+01  0.65676863E+00 -0.27133200E+01
  0.74100000E+01  0.67012220E+00 -0.26262574E+01
  0.74200000E+01  0.68061694E+00 -0.25383501E+01
  0.74300000E+01  0.68344574E+00 -0.25367278E+01
  0.74400000E+01  0.73220787E+00 -0.23506189E+01
  0.74500000E+01  0.73850104E+00 -0.22514896E+01
  0.74600000E+01  0.74481594E+00 -0.21502408E+01
  0.74700000E+01  0.74840572E+00 -0.20488191E+01
  0.74800000E+01  0.74890706E+00 -0.19497246E+01
  0.74900000E+01  0.74712940E+00 -0.18561440E+01
  0.75000000E+01  0.75325470E+00 -0.17712809E+01
  0.75100000E+01  0.70576308E+00 -0.16968411E+01
  0.75200000E+01  0.70443101E+00 -0.16321413E+01
  0.75300000E+01  0.69798192E+00 -0.15747444E+01
  0.75400000E+01  0.69184484E+00 -0.15218419E+01
  0.75500000E+01  0.68631957E+00 -0.14713772E+01
  0.75600000E+01  0.68126209E+00 -0.14224041E+01
  0.75700000E+01  0.67653234E+00 -0.13747634E+01
  0.75800000E+01  0.67203247E+00 -0.13285692E+01
  0.75900000E+01  0.66769606E+00 -0.12839004E+01
  0.76000000E+01  0.66347717E+00 -0.12407392E+01
  0.76100000E+01  0.65934335E+00 -0.11990177E+01
  0.76200000E+01  0.65527116E+00 -0.11586643E+01
  0.76300000E+01  0.65124347E+00 -0.11196204E+01
  0.76400000E+01  0.64724755E+00 -0.10818391E+01
  0.76500000E+01  0.64327389E+00 -0.10452799E+01
  0.76600000E+01  0.63931531E+00 -0.10099042E+01
  0.76700000E+01  0.63536637E+00 -0.97567392E+00
  0.76800000E+01  0.63142296E+00 -0.94255153E+00
  0.76900000E+01  0.62748196E+00 -0.91050031E+00
  0.77000000E+01  0.62354102E+00 -0.87948479E+00
  0.77100000E+01  0.61959839E+00 -0.84947092E+00
  0.77200000E+01  0.61565283E+00 -0.82042611E+00
  0.77300000E+01  0.61170345E+00 -0.79231910E+00
  0.77400000E+01  0.60774971E+00 -0.76511989E+00
  0.77500000E+01  0.60379131E+00 -0.73879958E+00
  0.77600000E+01  0.59982817E+00 -0.71333032E+00
  0.77700000E+01  0.59586039E+00 -0.68868522E+00
  0.77800000E+01  0.59188824E+00 -0.66483834E+00
  0.77900000E+01  0.58791210E+00 -0.64176459E+00
  0.78000000E+01  0.58393248E+00 -0.61943973E+00
  0.78100000E+01  0.57994998E+00 -0.59784033E+00
  0.78200000E+01  0.57596530E+00 -0.57694371E+00
  0.78300000E+01  0.57197918E+00 -0.55672793E+00
  0.78400000E+01  0.56799245E+00 -0.53717177E+00
  0.78500000E+01  0.56400598E+00 -0.51825467E+00
  0.78600000E+01  0.56002067E+00 -0.49995671E+00
  0.78700000E+01  0.55603747E+00 -0.48225861E+00
  0.78800000E+01  0.55205734E+00 -0.46514169E+00
  0.78900000E+01  0.54808125E+00 -0.44858785E+00
  0.79000000E+01  0.54411022E+00 -0.43257953E+00
  0.79100000E+01  0.54014523E+00 -0.41709976E+00
  0.79200000E+01  0.53618728E+00 -0.40213205E+00
  0.79300000E+01  0.53223737E+00 -0.38766045E+00
  0.79400000E+01  0.52829648E+00 -0.37366949E+00
  0.79500000E+01  0.52436558E+00 -0.36014418E+00
  0.79600000E+01  0.52044562E+00 -0.34707001E+00
  0.79700000E+01  0.51653754E+00 -0.33443290E+00
  0.79800000E+01  0.51264225E+00 -0.32221922E+00
  0.79900000E+01  0.50876063E+00 -0.31041574E+00
  0.80000000E+01  0.50489354E+00 -0.29900967E+00
  0.80100000E+01  0.50104182E+00 -0.28798859E+00
  0.80200000E+01  0.49720626E+00 -0.27734047E+00
  0.80300000E+01  0.49338764E+00 -0.26705365E+00
  0.80400000E+01  0.48958669E+00 -0.25711683E+00
  0.80500000E+01  0.48580412E+00 -0.24751906E+00
  0.80600000E+01  0.48204060E+00 -0.23824970E+00
  0.80700000E+01  0.47829678E+00 -0.22929847E+00
  0.80800000E+01  0.47457326E+00 -0.22065536E+00
  0.80900000E+01  0.47087062E+00 -0.21231069E+00
  0.81000000E+01  0.46718940E+00 -0.20425507E+00
  0.81100000E+01  0.46353012E+00 -0.19647937E+00
  0.81200000E+01  0.45989325E+00 -0.18897475E+00
  0.81300000E+01  0.45627925E+00 -0.18173262E+00
  0.81400000E+01  0.45268854E+00 -0.17474466E+00
  0.81500000E+01  0.44912149E+00 -0.16800278E+00
  0.81600000E+01  0.44557849E+00 -0.16149913E+00
  0.81700000E+01  0.44205986E+00 -0.15522609E+00
  0.81800000E+01  0.43856590E+00 -0.14917626E+00
  0.81900000E+01  0.43509690E+00 -0.14334247E+00
  0.82000000E+01  0.43165311E+00 -0.13771774E+00
  0.82100000E+01  0.42823476E+00 -0.13229529E+00
  0.82200000E+01  0.42484206E+00 -0.12706856E+00
  0.82300000E+01  0.42147520E+00 -0.12203116E+00
  0.82400000E+01  0.41813433E+00 -0.11717689E+00
  0.82500000E+01  0.41481959E+00 -0.11249973E+00
  0.82600000E+01  0.41153111E+00 -0.10799384E+00
  0.82700000E+01  0.40826899E+00 -0.10365354E+00
  0.82800000E+01  0.40503330E+00 -0.99473333E-01
  0.82900000E+01  0.40182413E+00 -0.95447858E-01
  0.83000000E+01  0.39864151E+00 -0.91571930E-01
  0.83100000E+01  0.39548548E+00 -0.87840512E-01
  0.83200000E+01  0.39235606E+00 -0.84248713E-01
  0.83300000E+01  0.38925324E+00 -0.80791792E-01
  0.83400000E+01  0.38617703E+00 -0.77465146E-01
  0.83500000E+01  0.38312739E+00 -0.74264312E-01
  0.83600000E+01  0.38010429E+00 -0.71184960E-01
  0.83700000E+01  0.37710768E+00 -0.68222893E-01
  0.83800000E+01  0.37413750E+00 -0.65374040E-01
  0.83900000E+01  0.37119368E+00 -0.62634458E-01
  0.84000000E+01  0.36827615E+00 -0.60000321E-01
  0.84100000E+01  0.36538481E+00 -0.57467927E-01
  0.84200000E+01  0.36251957E+00 -0.55033685E-01
  0.84300000E+01  0.35968032E+00 -0.52694119E-01
  0.84400000E+01  0.35686695E+00 -0.50445864E-01
  0.84500000E+01  0.35407933E+00 -0.48285659E-01
  0.84600000E+01  0.35131734E+00 -0.46210350E-01
  0.84700000E+01  0.34858085E+00 -0.44216883E-01
  0.84800000E+01  0.34586971E+00 -0.42302303E-01
  0.84900000E+01  0.34318379E+00 -0.40463751E-01
  0.85000000E+01  0.34052292E+00 -0.38698462E-01
  0.85100000E+01  0.33788695E+00 -0.37003763E-01
  0.85200000E+01  0.33527572E+00 -0.35377066E-01
  0.85300000E+01  0.33268907E+00 -0.33815873E-01
  0.85400000E+01  0.33012684E+00 -0.32317767E-01
  0.85500000E+01  0.32758884E+00 -0.30880413E-01
  0.85600000E+01  0.32507490E+00 -0.29501554E-01
  0.85700000E+01  0.32258485E+00 -0.28179011E-01
  0.85800000E+01  0.32011851E+00 -0.26910678E-01
  0.85900000E+01  0.31767569E+00 -0.25694522E-01
  0.86000000E+01  0.31525620E+00 -0.24528577E-01
  0.86100000E+01  0.31285987E+00 -0.23410949E-01
  0.86200000E+01  0.31048650E+00 -0.22339806E-01
  0.86300000E+01  0.30813590E+00 -0.21313382E-01
  0.86400000E+01  0.30580789E+00 -0.20329971E-01
  0.86500000E+01  0.30350226E+00 -0.19387926E-01
  0.86600000E+01  0.30121882E+00 -0.18485661E-01
  0.86700000E+01  0.29895739E+00 -0.17621642E-01
  0.86800000E+01  0.29671776E+00 -0.16794391E-01
  0.86900000E+01  0.29449974E+00 -0.16002484E-01
  0.87000000E+01  0.29230314E+00 -0.15244544E-01
  0.87100000E+01  0.29012775E+00 -0.14519246E-01
  0.87200000E+01  0.28797338E+00 -0.13825310E-01
  0.87300000E+01  0.28583984E+00 -0.13161505E-01
  0.87400000E+01  0.28372693E+00 -0.12526640E-01
  0.87500000E+01  0.28163445E+00 -0.11919571E-01
  0.87600000E+01  0.27956220E+00 -0.11339193E-01
  0.87700000E+01  0.27751000E+00 -0.10784442E-01
  0.87800000E+01  0.27547764E+00 -0.10254292E-01
  0.87900000E+01  0.27346494E+00 -0.97477547E-02
  0.88000000E+01  0.27147170E+00 -0.92638779E-02
  0.88100000E+01  0.26949773E+00 -0.88017442E-02
  0.88200000E+01  0.26754283E+00 -0.83604701E-02
  0.88300000E+01  0.26560681E+00 -0.79392045E-02
  0.88400000E+01  0.26368949E+00 -0.75371278E-02
  0.88500000E+01  0.26179067E+00 -0.71534508E-02
  0.88600000E+01  0.25991018E+00 -0.67874136E-02
  0.88700000E+01  0.25804781E+00 -0.64382848E-02
  0.88800000E+01  0.25620338E+00 -0.61053601E-02
  0.88900000E+01  0.25437672E+00 -0.57879618E-02
  0.89000000E+01  0.25256763E+00 -0.54854378E-02
  0.89100000E+01  0.25077593E+00 -0.51971605E-02
  0.89200000E+01  0.24900145E+00 -0.49225261E-02
  0.89300000E+01  0.24724400E+00 -0.46609540E-02
  0.89400000E+01  0.24550341E+00 -0.44118854E-02
  0.89500000E+01  0.24377949E+00 -0.41747834E-02
  0.89600000E+01  0.24207208E+00 -0.39491313E-02
  0.89700000E+01  0.24038099E+00 -0.37344326E-02
  0.89800000E+01  0.23870606E+00 -0.35302101E-02
  0.89900000E+01  0.23704711E+00 -0.33360051E-02
  0.90000000E+01  0.23540398E+00 -0.31513769E-02
  0.90100000E+01  0.23377650E+00 -0.29759021E-02
  0.90200000E+01  0.23216449E+00 -0.28091739E-02
  0.90300000E+01  0.23056780E+00 -0.26508017E-02
  0.90400000E+01  0.22898626E+00 -0.25004105E-02
  0.90500000E+01  0.22741970E+00 -0.23576402E-02
  0.90600000E+01  0.22586798E+00 -0.22221453E-02
  0.90700000E+01  0.22433092E+00 -0.20935940E-02
  0.90800000E+01  0.22280837E+00 -0.19716682E-02
  0.90900000E+01  0.22130017E+00 -0.18560627E-02
  0.91000000E+01  0.21980617E+00 -0.17464847E-02
  0.91100000E+01  0.21832622E+00 -0.16426535E-02
  0.91200000E+01  0.21686015E+00 -0.15443001E-02
  0.91300000E+01  0.21540784E+00 -0.14511667E-02
  0.91400000E+01  0.21396911E+00 -0.13630060E-02
  0.91500000E+01  0.21254384E+00 -0.12795813E-02
  0.91600000E+01  0.21113186E+00 -0.12006661E-02
  0.91700000E+01  0.20973304E+00 -0.11260430E-02
  0.91800000E+01  0.20834724E+00 -0.10555044E-02
  0.91900000E+01  0.20697431E+00 -0.98885136E-03
  0.92000000E+01  0.20561412E+00 -0.92589349E-03
  0.92100000E+01  0.20426652E+00 -0.86644878E-03
  0.92200000E+01  0.20293137E+00 -0.81034313E-03
  0.92300000E+01  0.20160856E+00 -0.75741005E-03
  0.92400000E+01  0.20029793E+00 -0.70749046E-03
  0.92500000E+01  0.19899936E+00 -0.66043229E-03
  0.92600000E+01  0.19771271E+00 -0.61609029E-03
  0.92700000E+01  0.19643787E+00 -0.57432574E-03
  0.92800000E+01  0.19517469E+00 -0.53500619E-03
  0.92900000E+01  0.19392305E+00 -0.49800518E-03
  0.93000000E+01  0.19268284E+00 -0.46320208E-03
  0.93100000E+01  0.19145391E+00 -0.43048178E-03
  0.93200000E+01  0.19023616E+00 -0.39973452E-03
  0.93300000E+01  0.18902945E+00 -0.37085562E-03
  0.93400000E+01  0.18783368E+00 -0.34374534E-03
  0.93500000E+01  0.18664872E+00 -0.31830863E-03
  0.93600000E+01  0.18547445E+00 -0.29445495E-03
  0.93700000E+01  0.18431076E+00 -0.27209807E-03
  0.93800000E+01  0.18315753E+00 -0.25115593E-03
  0.93900000E+01  0.18201466E+00 -0.23155041E-03
  0.94000000E+01  0.18088203E+00 -0.21320721E-03
  0.94100000E+01  0.17975952E+00 -0.19605567E-03
  0.94200000E+01  0.17864704E+00 -0.18002859E-03
  0.94300000E+01  0.17754447E+00 -0.16506213E-03
  0.94400000E+01  0.17645170E+00 -0.15109562E-03
  0.94500000E+01  0.17536864E+00 -0.13807145E-03
  0.94600000E+01  0.17429516E+00 -0.12593492E-03
  0.94700000E+01  0.17323119E+00 -0.11463412E-03
  0.94800000E+01  0.17217660E+00 -0.10411980E-03
  0.94900000E+01  0.17113130E+00 -0.94345244E-04
  0.95000000E+01  0.17009519E+00 -0.85266183E-04
  0.95100000E+01  0.16906817E+00 -0.76840649E-04
  0.95200000E+01  0.16805015E+00 -0.69028893E-04
  0.95300000E+01  0.16704103E+00 -0.61793273E-04
  0.95400000E+01  0.16604071E+00 -0.55098159E-04
  0.95500000E+01  0.16504910E+00 -0.48909840E-04
  0.95600000E+01  0.16406611E+00 -0.43196431E-04
  0.95700000E+01  0.16309164E+00 -0.37927788E-04
  0.95800000E+01  0.16212561E+00 -0.33075428E-04
  0.95900000E+01  0.16116792E+00 -0.28612442E-04
  0.96000000E+01  0.16021849E+00 -0.24513425E-04
  0.96100000E+01  0.15927723E+00 -0.20754402E-04
  0.96200000E+01  0.15834405E+00 -0.17312755E-04
  0.96300000E+01  0.15741887E+00 -0.14167158E-04
  0.96400000E+01  0.15650160E+00 -0.11297512E-04
  0.96500000E+01  0.15559216E+00 -0.86848857E-05
  0.96600000E+01  0.15469047E+00 -0.63114525E-05
  0.96700000E+01  0.15379644E+00 -0.41604377E-05
  0.96800000E+01  0.15291000E+00 -0.22160632E-05
  0.96900000E+01  0.15203106E+00 -0.46349630E-06
  0.97000000E+01  0.15115956E+00  0.11111992E-05
  0.97100000E+01  0.15029540E+00  0.25211105E-05
  0.97200000E+01  0.14943851E+00  0.37785199E-05
  0.97300000E+01  0.14858882E+00  0.48949483E-05
  0.97400000E+01  0.14774625E+00  0.58811954E-05
  0.97500000E+01  0.14691073E+00  0.67473791E-05
  0.97600000E+01  0.14608218E+00  0.75029721E-05
  0.97700000E+01  0.14526054E+00  0.81568379E-05
  0.97800000E+01  0.14444572E+00  0.87172638E-05
  0.97900000E+01  0.14363767E+00  0.91919935E-05
  0.98000000E+01  0.14283630E+00  0.95882575E-05
  0.98100000E+01  0.14204155E+00  0.99128019E-05
  0.98200000E+01  0.14125336E+00  0.10171916E-04
  0.98300000E+01  0.14047165E+00  0.10371460E-04
  0.98400000E+01  0.13969636E+00  0.10516887E-04
  0.98500000E+01  0.13892743E+00  0.10613270E-04
  0.98600000E+01  0.13816478E+00  0.10665322E-04
  0.98700000E+01  0.13740835E+00  0.10677419E-04
  0.98800000E+01  0.13665808E+00  0.10653618E-04
  0.98900000E+01  0.13591391E+00  0.10597680E-04
  0.99000000E+01  0.13517578E+00  0.10513085E-04
  0.99100000E+01  0.13444362E+00  0.10403050E-04
  0.99200000E+01  0.13371737E+00  0.10270546E-04
  0.99300000E+01  0.13299697E+00  0.10118313E-04
  0.99400000E+01  0.13228236E+00  0.99488748E-05
  0.99500000E+01  0.13157349E+00  0.97645534E-05
  0.99600000E+01  0.13087030E+00  0.95674809E-05
  0.99700000E+01  0.13017273E+00  0.93596129E-05
  0.99800000E+01  0.12948072E+00  0.91427398E-05
  0.99900000E+01  0.12879422E+00  0.89184978E-05
  0.10000000E+02  0.12811317E+00  0.86883794E-05
