  0.00000000E+00  0.15838882E+02 -0.22155387E-14
  0.10000000E-01  0.15851957E+02 -0.23270961E+01
  0.20000000E-01  0.15891202E+02 -0.46543930E+01
  0.30000000E-01  0.15956674E+02 -0.69820913E+01
  0.40000000E-01  0.16048470E+02 -0.93103913E+01
  0.50000000E-01  0.16166724E+02 -0.11639493E+02
  0.60000000E-01  0.16311610E+02 -0.13969596E+02
  0.70000000E-01  0.16483341E+02 -0.16300898E+02
  0.80000000E-01  0.16682167E+02 -0.18633597E+02
  0.90000000E-01  0.16908381E+02 -0.20967890E+02
  0.10000000E+00  0.17162314E+02 -0.23303973E+02
  0.11000000E+00  0.17444337E+02 -0.25642039E+02
  0.12000000E+00  0.17754863E+02 -0.27982280E+02
  0.13000000E+00  0.18094345E+02 -0.30324887E+02
  0.14000000E+00  0.18463280E+02 -0.32670050E+02
  0.15000000E+00  0.18862204E+02 -0.35017953E+02
  0.16000000E+00  0.19291700E+02 -0.37368783E+02
  0.17000000E+00  0.19752391E+02 -0.39722718E+02
  0.18000000E+00  0.20244948E+02 -0.42079939E+02
  0.19000000E+00  0.20770085E+02 -0.44440621E+02
  0.20000000E+00  0.21328563E+02 -0.46804934E+02
  0.21000000E+00  0.21921189E+02 -0.49173048E+02
  0.22000000E+00  0.22548820E+02 -0.51545126E+02
  0.23000000E+00  0.23212361E+02 -0.53921328E+02
  0.24000000E+00  0.23912766E+02 -0.56301808E+02
  0.25000000E+00  0.24651041E+02 -0.58686715E+02
  0.26000000E+00  0.25428243E+02 -0.61076194E+02
  0.27000000E+00  0.26245485E+02 -0.63470382E+02
  0.28000000E+00  0.27103931E+02 -0.65869410E+02
  0.29000000E+00  0.28004802E+02 -0.68273402E+02
  0.30000000E+00  0.28949376E+02 -0.70682474E+02
  0.31000000E+00  0.29938989E+02 -0.73096735E+02
  0.32000000E+00  0.30975036E+02 -0.75516282E+02
  0.33000000E+00  0.32058973E+02 -0.77941206E+02
  0.34000000E+00  0.33192317E+02 -0.80371585E+02
  0.35000000E+00  0.34376649E+02 -0.82807487E+02
  0.36000000E+00  0.35613614E+02 -0.85248968E+02
  0.37000000E+00  0.36904922E+02 -0.87696071E+02
  0.38000000E+00  0.38252351E+02 -0.90148825E+02
  0.39000000E+00  0.39657747E+02 -0.92607243E+02
  0.40000000E+00  0.41123024E+02 -0.95071324E+02
  0.41000000E+00  0.42650168E+02 -0.97541048E+02
  0.42000000E+00  0.44241235E+02 -0.10001638E+03
  0.43000000E+00  0.45898355E+02 -0.10249725E+03
  0.44000000E+00  0.47623730E+02 -0.10498360E+03
  0.45000000E+00  0.49419637E+02 -0.10747530E+03
  0.46000000E+00  0.51288428E+02 -0.10997225E+03
  0.47000000E+00  0.53232531E+02 -0.11247427E+03
  0.48000000E+00  0.55254449E+02 -0.11498119E+03
  0.49000000E+00  0.57356763E+02 -0.11749280E+03
  0.50000000E+00  0.59542130E+02 -0.12000884E+03
  0.51000000E+00  0.61813285E+02 -0.12252904E+03
  0.52000000E+00  0.64173038E+02 -0.12505306E+03
  0.53000000E+00  0.66624277E+02 -0.12758055E+03
  0.54000000E+00  0.69169969E+02 -0.13011110E+03
  0.55000000E+00  0.71813153E+02 -0.13264424E+03
  0.56000000E+00  0.74556946E+02 -0.13517947E+03
  0.57000000E+00  0.77404539E+02 -0.13771622E+03
  0.58000000E+00  0.80359197E+02 -0.14025386E+03
  0.59000000E+00  0.83424259E+02 -0.14279169E+03
  0.60000000E+00  0.86603134E+02 -0.14532893E+03
  0.61000000E+00  0.89899301E+02 -0.14786474E+03
  0.62000000E+00  0.93316310E+02 -0.15039818E+03
  0.63000000E+00  0.96857777E+02 -0.15292819E+03
  0.64000000E+00  0.10052738E+03 -0.15545365E+03
  0.65000000E+00  0.10432887E+03 -0.15797326E+03
  0.66000000E+00  0.10826606E+03 -0.16048562E+03
  0.67000000E+00  0.11234283E+03 -0.16298915E+03
  0.68000000E+00  0.11656311E+03 -0.16548209E+03
  0.69000000E+00  0.12093087E+03 -0.16796244E+03
  0.70000000E+00  0.12545012E+03 -0.17042793E+03
  0.71000000E+00  0.13012504E+03 -0.17287594E+03
  0.72000000E+00  0.13496019E+03 -0.17530334E+03
  0.73000000E+00  0.13996036E+03 -0.17770634E+03
  0.74000000E+00  0.14512836E+03 -0.18008007E+03
  0.75000000E+00  0.15046137E+03 -0.18241804E+03
  0.76000000E+00  0.15598185E+03 -0.18470832E+03
  0.77000000E+00  0.16166127E+03 -0.18689198E+03
  0.78000000E+00  0.16722043E+03 -0.18905404E+03
  0.79000000E+00  0.17296227E+03 -0.19126255E+03
  0.80000000E+00  0.17890333E+03 -0.19346141E+03
  0.81000000E+00  0.18503636E+03 -0.19563735E+03
  0.82000000E+00  0.19137564E+03 -0.19777963E+03
  0.83000000E+00  0.19793148E+03 -0.19987506E+03
  0.84000000E+00  0.20470758E+03 -0.20189960E+03
  0.85000000E+00  0.21159189E+03 -0.20381091E+03
  0.86000000E+00  0.21845473E+03 -0.20571359E+03
  0.87000000E+00  0.22551885E+03 -0.20763863E+03
  0.88000000E+00  0.23283736E+03 -0.20954486E+03
  0.89000000E+00  0.24041909E+03 -0.21141361E+03
  0.90000000E+00  0.24827586E+03 -0.21323181E+03
  0.91000000E+00  0.25642466E+03 -0.21498726E+03
  0.92000000E+00  0.26488842E+03 -0.21666685E+03
  0.93000000E+00  0.27369737E+03 -0.21825516E+03
  0.94000000E+00  0.28289204E+03 -0.21973262E+03
  0.95000000E+00  0.29252778E+03 -0.22107210E+03
  0.96000000E+00  0.30268223E+03 -0.22223200E+03
  0.97000000E+00  0.31348732E+03 -0.22313813E+03
  0.98000000E+00  0.32517940E+03 -0.22349480E+03
  0.99000000E+00  0.33745320E+03 -0.22207569E+03
  0.10000000E+01  0.34570147E+03 -0.22142125E+03
  0.10100000E+01  0.35534297E+03 -0.22091326E+03
  0.10200000E+01  0.36506230E+03 -0.21975425E+03
  0.10300000E+01  0.37331405E+03 -0.21831668E+03
  0.10400000E+01  0.38112755E+03 -0.21725744E+03
  0.10500000E+01  0.38804424E+03 -0.21638793E+03
  0.10600000E+01  0.39612047E+03 -0.21613723E+03
  0.10700000E+01  0.40569167E+03 -0.21597602E+03
  0.10800000E+01  0.41732216E+03 -0.21545544E+03
  0.10900000E+01  0.43190228E+03 -0.21366225E+03
  0.11000000E+01  0.44162626E+03 -0.20714120E+03
  0.11100000E+01  0.44374413E+03 -0.20504066E+03
  0.11200000E+01  0.44967624E+03 -0.20441675E+03
  0.11300000E+01  0.45846147E+03 -0.20374381E+03
  0.11400000E+01  0.46903103E+03 -0.20263106E+03
  0.11500000E+01  0.47992880E+03 -0.20010690E+03
  0.11600000E+01  0.48907323E+03 -0.19847017E+03
  0.11700000E+01  0.50058783E+03 -0.19715427E+03
  0.11800000E+01  0.51443487E+03 -0.19545094E+03
  0.11900000E+01  0.53174476E+03 -0.19315013E+03
  0.12000000E+01  0.55435080E+03 -0.18966504E+03
  0.12100000E+01  0.57377523E+03 -0.17545744E+03
  0.12200000E+01  0.58484000E+03 -0.16164778E+03
  0.12300000E+01  0.58271881E+03 -0.15011748E+03
  0.12400000E+01  0.57462399E+03 -0.13815442E+03
  0.12500000E+01  0.56450065E+03 -0.13280899E+03
  0.12600000E+01  0.55826960E+03 -0.12896388E+03
  0.12700000E+01  0.55379267E+03 -0.12501715E+03
  0.12800000E+01  0.54816349E+03 -0.12198049E+03
  0.12900000E+01  0.54434650E+03 -0.12008831E+03
  0.13000000E+01  0.54238693E+03 -0.11861097E+03
  0.13100000E+01  0.54194511E+03 -0.11725228E+03
  0.13200000E+01  0.54297428E+03 -0.11583112E+03
  0.13300000E+01  0.54558753E+03 -0.11424213E+03
  0.13400000E+01  0.55001081E+03 -0.11218579E+03
  0.13500000E+01  0.55565000E+03 -0.10890780E+03
  0.13600000E+01  0.55926654E+03 -0.10384865E+03
  0.13700000E+01  0.55851274E+03 -0.98356953E+02
  0.13800000E+01  0.55695432E+03 -0.95273893E+02
  0.13900000E+01  0.55757854E+03 -0.92608025E+02
  0.14000000E+01  0.55808730E+03 -0.88244760E+02
  0.14100000E+01  0.55806917E+03 -0.84774793E+02
  0.14200000E+01  0.55576150E+03 -0.81890468E+02
  0.14300000E+01  0.55921729E+03 -0.85039602E+02
  0.14400000E+01  0.62152670E+03 -0.37720013E+02
  0.14500000E+01  0.53759600E+03 -0.38369075E+02
  0.14600000E+01  0.52358739E+03 -0.42676444E+02
  0.14700000E+01  0.51577608E+03 -0.44627619E+02
  0.14800000E+01  0.51065084E+03 -0.45895375E+02
  0.14900000E+01  0.50668100E+03 -0.42126555E+02
  0.15000000E+01  0.49690004E+03 -0.42896317E+02
  0.15100000E+01  0.49124193E+03 -0.43836617E+02
  0.15200000E+01  0.48639286E+03 -0.44340689E+02
  0.15300000E+01  0.48189764E+03 -0.45275756E+02
  0.15400000E+01  0.47875020E+03 -0.46439548E+02
  0.15500000E+01  0.47699733E+03 -0.47695534E+02
  0.15600000E+01  0.47702883E+03 -0.48968766E+02
  0.15700000E+01  0.47726734E+03 -0.48732795E+02
  0.15800000E+01  0.47791025E+03 -0.47953169E+02
  0.15900000E+01  0.47776745E+03 -0.48545134E+02
  0.16000000E+01  0.47923247E+03 -0.48877044E+02
  0.16100000E+01  0.48178845E+03 -0.48871265E+02
  0.16200000E+01  0.48554665E+03 -0.48365582E+02
  0.16300000E+01  0.48967150E+03 -0.47029824E+02
  0.16400000E+01  0.49430099E+03 -0.44677029E+02
  0.16500000E+01  0.49687120E+03 -0.41858903E+02
  0.16600000E+01  0.50024845E+03 -0.38990147E+02
  0.16700000E+01  0.50300565E+03 -0.35144646E+02
  0.16800000E+01  0.50585977E+03 -0.30553503E+02
  0.16900000E+01  0.50508356E+03 -0.22543667E+02
  0.17000000E+01  0.49455605E+03 -0.16950863E+02
  0.17100000E+01  0.48480692E+03 -0.14360338E+02
  0.17200000E+01  0.47801207E+03 -0.12072682E+02
  0.17300000E+01  0.46774227E+03 -0.95798216E+01
  0.17400000E+01  0.45799132E+03 -0.94673512E+01
  0.17500000E+01  0.45092786E+03 -0.10140572E+02
  0.17600000E+01  0.44598191E+03 -0.11069747E+02
  0.17700000E+01  0.44359605E+03 -0.11889055E+02
  0.17800000E+01  0.44331778E+03 -0.10815688E+02
  0.17900000E+01  0.43945730E+03 -0.84694592E+01
  0.18000000E+01  0.43295522E+03 -0.85289259E+01
  0.18100000E+01  0.42925293E+03 -0.84523901E+01
  0.18200000E+01  0.42511689E+03 -0.84017040E+01
  0.18300000E+01  0.42058743E+03 -0.83842044E+01
  0.18400000E+01  0.41534779E+03 -0.89753502E+01
  0.18500000E+01  0.41077934E+03 -0.10137587E+02
  0.18600000E+01  0.40719893E+03 -0.11639449E+02
  0.18700000E+01  0.40440955E+03 -0.13472559E+02
  0.18800000E+01  0.40286816E+03 -0.15469685E+02
  0.18900000E+01  0.40237387E+03 -0.17480906E+02
  0.19000000E+01  0.40303222E+03 -0.19347796E+02
  0.19100000E+01  0.40501715E+03 -0.20785308E+02
  0.19200000E+01  0.40605980E+03 -0.21559513E+02
  0.19300000E+01  0.40760505E+03 -0.22560582E+02
  0.19400000E+01  0.41038600E+03 -0.23411274E+02
  0.19500000E+01  0.41188350E+03 -0.22765885E+02
  0.19600000E+01  0.41166176E+03 -0.23560811E+02
  0.19700000E+01  0.41126011E+03 -0.24484188E+02
  0.19800000E+01  0.41305531E+03 -0.26252344E+02
  0.19900000E+01  0.41635792E+03 -0.27892883E+02
  0.20000000E+01  0.42088822E+03 -0.29062551E+02
  0.20100000E+01  0.42639403E+03 -0.29981468E+02
  0.20200000E+01  0.43385176E+03 -0.29984740E+02
  0.20300000E+01  0.44012874E+03 -0.27763736E+02
  0.20400000E+01  0.44003828E+03 -0.25656943E+02
  0.20500000E+01  0.44132946E+03 -0.25532392E+02
  0.20600000E+01  0.44350157E+03 -0.25385374E+02
  0.20700000E+01  0.44613847E+03 -0.25772712E+02
  0.20800000E+01  0.45036169E+03 -0.26285063E+02
  0.20900000E+01  0.45620767E+03 -0.26594933E+02
  0.21000000E+01  0.46334272E+03 -0.26167477E+02
  0.21100000E+01  0.47163326E+03 -0.24361096E+02
  0.21200000E+01  0.47636202E+03 -0.22924100E+02
  0.21300000E+01  0.48298978E+03 -0.21333916E+02
  0.21400000E+01  0.49117162E+03 -0.19354564E+02
  0.21500000E+01  0.50583971E+03 -0.12480125E+02
  0.21600000E+01  0.49698832E+03 -0.61573449E+01
  0.21700000E+01  0.49546771E+03 -0.41458435E+01
  0.21800000E+01  0.49549740E+03 -0.18452072E+01
  0.21900000E+01  0.49578274E+03 -0.82015906E-01
  0.22000000E+01  0.49620392E+03  0.20402723E+01
  0.22100000E+01  0.49664993E+03  0.43704088E+01
  0.22200000E+01  0.49587219E+03  0.60103603E+01
  0.22300000E+01  0.49626074E+03  0.73445680E+01
  0.22400000E+01  0.49742778E+03  0.85420458E+01
  0.22500000E+01  0.49958951E+03  0.10026161E+02
  0.22600000E+01  0.50089485E+03  0.11996487E+02
  0.22700000E+01  0.50283476E+03  0.13597818E+02
  0.22800000E+01  0.50569880E+03  0.15350875E+02
  0.22900000E+01  0.50969314E+03  0.18791430E+02
  0.23000000E+01  0.51033265E+03  0.21354204E+02
  0.23100000E+01  0.51186130E+03  0.24015984E+02
  0.23200000E+01  0.51431558E+03  0.27907469E+02
  0.23300000E+01  0.51281485E+03  0.31540673E+02
  0.23400000E+01  0.51263948E+03  0.35271472E+02
  0.23500000E+01  0.50862926E+03  0.38687089E+02
  0.23600000E+01  0.50550458E+03  0.41176827E+02
  0.23700000E+01  0.50225628E+03  0.43670037E+02
  0.23800000E+01  0.49860088E+03  0.45777772E+02
  0.23900000E+01  0.49449322E+03  0.47432321E+02
  0.24000000E+01  0.49109339E+03  0.48522813E+02
  0.24100000E+01  0.48850436E+03  0.49488356E+02
  0.24200000E+01  0.48556849E+03  0.50841751E+02
  0.24300000E+01  0.48284823E+03  0.51555181E+02
  0.24400000E+01  0.48123290E+03  0.52145185E+02
  0.24500000E+01  0.48036491E+03  0.53259649E+02
  0.24600000E+01  0.47928191E+03  0.54792636E+02
  0.24700000E+01  0.47723070E+03  0.56751724E+02
  0.24800000E+01  0.47432827E+03  0.57940839E+02
  0.24900000E+01  0.47192148E+03  0.59286988E+02
  0.25000000E+01  0.46990403E+03  0.60336094E+02
  0.25100000E+01  0.46689989E+03  0.62004228E+02
  0.25200000E+01  0.46366752E+03  0.62830274E+02
  0.25300000E+01  0.46063366E+03  0.63551320E+02
  0.25400000E+01  0.45775273E+03  0.63860451E+02
  0.25500000E+01  0.45618309E+03  0.64174747E+02
  0.25600000E+01  0.45381142E+03  0.65129493E+02
  0.25700000E+01  0.45131411E+03  0.65366730E+02
  0.25800000E+01  0.44966531E+03  0.65631521E+02
  0.25900000E+01  0.44694911E+03  0.66095683E+02
  0.26000000E+01  0.44454697E+03  0.65909533E+02
  0.26100000E+01  0.44299244E+03  0.65841884E+02
  0.26200000E+01  0.44125229E+03  0.65549082E+02
  0.26300000E+01  0.44025635E+03  0.65194848E+02
  0.26400000E+01  0.43920582E+03  0.65233671E+02
  0.26500000E+01  0.43756042E+03  0.64762278E+02
  0.26600000E+01  0.43645832E+03  0.63906773E+02
  0.26700000E+01  0.43667369E+03  0.62986574E+02
  0.26800000E+01  0.43671984E+03  0.62175537E+02
  0.26900000E+01  0.43780455E+03  0.61329598E+02
  0.27000000E+01  0.43906745E+03  0.60736186E+02
  0.27100000E+01  0.44109434E+03  0.60059002E+02
  0.27200000E+01  0.44220860E+03  0.60102406E+02
  0.27300000E+01  0.44405093E+03  0.59963528E+02
  0.27400000E+01  0.44467637E+03  0.59211661E+02
  0.27500000E+01  0.44676956E+03  0.58146480E+02
  0.27600000E+01  0.44995304E+03  0.57103705E+02
  0.27700000E+01  0.45429629E+03  0.56223769E+02
  0.27800000E+01  0.46042949E+03  0.55713263E+02
  0.27900000E+01  0.46434409E+03  0.57141740E+02
  0.28000000E+01  0.46864471E+03  0.57007386E+02
  0.28100000E+01  0.47448555E+03  0.57282124E+02
  0.28200000E+01  0.48085179E+03  0.58312197E+02
  0.28300000E+01  0.48905864E+03  0.60358669E+02
  0.28400000E+01  0.49121232E+03  0.64832250E+02
  0.28500000E+01  0.49126405E+03  0.67154055E+02
  0.28600000E+01  0.49103680E+03  0.68469251E+02
  0.28700000E+01  0.49251556E+03  0.69060450E+02
  0.28800000E+01  0.49546744E+03  0.69510416E+02
  0.28900000E+01  0.50105383E+03  0.70152114E+02
  0.29000000E+01  0.51823229E+03  0.80475662E+02
  0.29100000E+01  0.49897016E+03  0.84822185E+02
  0.29200000E+01  0.49402426E+03  0.84904094E+02
  0.29300000E+01  0.49153125E+03  0.84846850E+02
  0.29400000E+01  0.49027546E+03  0.84818042E+02
  0.29500000E+01  0.48986502E+03  0.84566962E+02
  0.29600000E+01  0.49368583E+03  0.84273573E+02
  0.29700000E+01  0.48991459E+03  0.91121899E+02
  0.29800000E+01  0.48554556E+03  0.90209600E+02
  0.29900000E+01  0.48378976E+03  0.89473775E+02
  0.30000000E+01  0.48335696E+03  0.88722945E+02
  0.30100000E+01  0.48265174E+03  0.88473659E+02
  0.30200000E+01  0.48284095E+03  0.88265540E+02
  0.30300000E+01  0.48339014E+03  0.87781537E+02
  0.30400000E+01  0.48435246E+03  0.87420754E+02
  0.30500000E+01  0.48559463E+03  0.87296093E+02
  0.30600000E+01  0.48657798E+03  0.87358973E+02
  0.30700000E+01  0.48749467E+03  0.87219065E+02
  0.30800000E+01  0.48892912E+03  0.87034878E+02
  0.30900000E+01  0.49034652E+03  0.86861832E+02
  0.31000000E+01  0.49210885E+03  0.86844671E+02
  0.31100000E+01  0.49466162E+03  0.86898937E+02
  0.31200000E+01  0.49708488E+03  0.86730670E+02
  0.31300000E+01  0.50072162E+03  0.86969440E+02
  0.31400000E+01  0.50486667E+03  0.87470479E+02
  0.31500000E+01  0.50891883E+03  0.88580561E+02
  0.31600000E+01  0.51358837E+03  0.90099763E+02
  0.31700000E+01  0.51772678E+03  0.92229188E+02
  0.31800000E+01  0.51997838E+03  0.95943799E+02
  0.31900000E+01  0.51985481E+03  0.97981750E+02
  0.32000000E+01  0.52345951E+03  0.99721955E+02
  0.32100000E+01  0.52342385E+03  0.10434971E+03
  0.32200000E+01  0.52095133E+03  0.10849902E+03
  0.32300000E+01  0.51561941E+03  0.11053632E+03
  0.32400000E+01  0.51270565E+03  0.11146456E+03
  0.32500000E+01  0.51006379E+03  0.11229261E+03
  0.32600000E+01  0.50732593E+03  0.11302410E+03
  0.32700000E+01  0.50477571E+03  0.11316834E+03
  0.32800000E+01  0.50321985E+03  0.11295523E+03
  0.32900000E+01  0.50228762E+03  0.11271949E+03
  0.33000000E+01  0.50241385E+03  0.11242429E+03
  0.33100000E+01  0.50278609E+03  0.11221840E+03
  0.33200000E+01  0.50427451E+03  0.11210470E+03
  0.33300000E+01  0.50584278E+03  0.11244319E+03
  0.33400000E+01  0.50743991E+03  0.11291995E+03
  0.33500000E+01  0.50859717E+03  0.11351503E+03
  0.33600000E+01  0.51040981E+03  0.11428344E+03
  0.33700000E+01  0.51117701E+03  0.11530589E+03
  0.33800000E+01  0.51146289E+03  0.11569921E+03
  0.33900000E+01  0.51223636E+03  0.11625197E+03
  0.34000000E+01  0.51314877E+03  0.11621165E+03
  0.34100000E+01  0.51482981E+03  0.11621450E+03
  0.34200000E+01  0.51710635E+03  0.11662433E+03
  0.34300000E+01  0.52013657E+03  0.11622234E+03
  0.34400000E+01  0.52407819E+03  0.11632580E+03
  0.34500000E+01  0.52883844E+03  0.11677482E+03
  0.34600000E+01  0.53388959E+03  0.11774482E+03
  0.34700000E+01  0.53922070E+03  0.11915235E+03
  0.34800000E+01  0.54405777E+03  0.12096201E+03
  0.34900000E+01  0.54958689E+03  0.12276201E+03
  0.35000000E+01  0.55587051E+03  0.12533357E+03
  0.35100000E+01  0.56217738E+03  0.12922104E+03
  0.35200000E+01  0.56664427E+03  0.13443761E+03
  0.35300000E+01  0.56637541E+03  0.14045903E+03
  0.35400000E+01  0.56297479E+03  0.14502499E+03
  0.35500000E+01  0.55925453E+03  0.14878369E+03
  0.35600000E+01  0.55551540E+03  0.15169978E+03
  0.35700000E+01  0.55162940E+03  0.15444995E+03
  0.35800000E+01  0.54685282E+03  0.15686707E+03
  0.35900000E+01  0.54208000E+03  0.15835805E+03
  0.36000000E+01  0.53820761E+03  0.15946655E+03
  0.36100000E+01  0.53492092E+03  0.16025822E+03
  0.36200000E+01  0.53271662E+03  0.16088311E+03
  0.36300000E+01  0.53216600E+03  0.16202346E+03
  0.36400000E+01  0.52779985E+03  0.16409145E+03
  0.36500000E+01  0.52475013E+03  0.16428322E+03
  0.36600000E+01  0.52316809E+03  0.16458172E+03
  0.36700000E+01  0.52194269E+03  0.16541014E+03
  0.36800000E+01  0.51965437E+03  0.16630369E+03
  0.36900000E+01  0.51694051E+03  0.16672076E+03
  0.37000000E+01  0.51484478E+03  0.16672535E+03
  0.37100000E+01  0.51341411E+03  0.16660857E+03
  0.37200000E+01  0.51267843E+03  0.16647340E+03
  0.37300000E+01  0.51186309E+03  0.16671348E+03
  0.37400000E+01  0.51135253E+03  0.16660583E+03
  0.37500000E+01  0.51151191E+03  0.16667110E+03
  0.37600000E+01  0.51194476E+03  0.16719806E+03
  0.37700000E+01  0.51084424E+03  0.16756753E+03
  0.37800000E+01  0.51018059E+03  0.16742614E+03
  0.37900000E+01  0.51021236E+03  0.16696364E+03
  0.38000000E+01  0.51122225E+03  0.16664392E+03
  0.38100000E+01  0.51283953E+03  0.16638914E+03
  0.38200000E+01  0.51562056E+03  0.16628708E+03
  0.38300000E+01  0.51813824E+03  0.16674495E+03
  0.38400000E+01  0.52156013E+03  0.16752646E+03
  0.38500000E+01  0.52286253E+03  0.16983201E+03
  0.38600000E+01  0.52293852E+03  0.17083500E+03
  0.38700000E+01  0.52298682E+03  0.17150871E+03
  0.38800000E+01  0.52327529E+03  0.17196063E+03
  0.38900000E+01  0.52410724E+03  0.17190586E+03
  0.39000000E+01  0.52619641E+03  0.17194925E+03
  0.39100000E+01  0.52834671E+03  0.17237278E+03
  0.39200000E+01  0.53080802E+03  0.17276295E+03
  0.39300000E+01  0.53362442E+03  0.17330526E+03
  0.39400000E+01  0.53541638E+03  0.17386439E+03
  0.39500000E+01  0.53856604E+03  0.17392152E+03
  0.39600000E+01  0.54305471E+03  0.17407399E+03
  0.39700000E+01  0.54888257E+03  0.17490461E+03
  0.39800000E+01  0.55322112E+03  0.17677132E+03
  0.39900000E+01  0.55696312E+03  0.17771661E+03
  0.40000000E+01  0.56206658E+03  0.17854604E+03
  0.40100000E+01  0.56855366E+03  0.17971050E+03
  0.40200000E+01  0.57594507E+03  0.18113879E+03
  0.40300000E+01  0.58523564E+03  0.18310024E+03
  0.40400000E+01  0.59880023E+03  0.18669813E+03
  0.40500000E+01  0.60004348E+03  0.19633669E+03
  0.40600000E+01  0.59832151E+03  0.19986210E+03
  0.40700000E+01  0.60032780E+03  0.20207732E+03
  0.40800000E+01  0.60732831E+03  0.20458382E+03
  0.40900000E+01  0.62561386E+03  0.21161396E+03
  0.41000000E+01  0.61032893E+03  0.22450209E+03
  0.41100000E+01  0.60172736E+03  0.22755475E+03
  0.41200000E+01  0.59766598E+03  0.22995927E+03
  0.41300000E+01  0.59508157E+03  0.23197372E+03
  0.41400000E+01  0.59362647E+03  0.23405747E+03
  0.41500000E+01  0.59353234E+03  0.23606068E+03
  0.41600000E+01  0.59508596E+03  0.23842211E+03
  0.41700000E+01  0.60662215E+03  0.24549123E+03
  0.41800000E+01  0.58938898E+03  0.25205680E+03
  0.41900000E+01  0.58217774E+03  0.25379711E+03
  0.42000000E+01  0.57723155E+03  0.25511741E+03
  0.42100000E+01  0.57356949E+03  0.25625832E+03
  0.42200000E+01  0.57102981E+03  0.25731118E+03
  0.42300000E+01  0.56970659E+03  0.25858000E+03
  0.42400000E+01  0.56890627E+03  0.26039603E+03
  0.42500000E+01  0.56806233E+03  0.26239764E+03
  0.42600000E+01  0.56731740E+03  0.26466183E+03
  0.42700000E+01  0.56679504E+03  0.26749633E+03
  0.42800000E+01  0.56524550E+03  0.27178848E+03
  0.42900000E+01  0.55996361E+03  0.27462002E+03
  0.43000000E+01  0.55481106E+03  0.27783541E+03
  0.43100000E+01  0.54942491E+03  0.27951332E+03
  0.43200000E+01  0.54461175E+03  0.28084118E+03
  0.43300000E+01  0.54039239E+03  0.28189147E+03
  0.43400000E+01  0.53681452E+03  0.28274787E+03
  0.43500000E+01  0.53378689E+03  0.28344636E+03
  0.43600000E+01  0.53146217E+03  0.28406653E+03
  0.43700000E+01  0.52986326E+03  0.28470866E+03
  0.43800000E+01  0.52897595E+03  0.28552753E+03
  0.43900000E+01  0.52817240E+03  0.28685167E+03
  0.44000000E+01  0.52643613E+03  0.28808654E+03
  0.44100000E+01  0.52471561E+03  0.28928911E+03
  0.44200000E+01  0.52345637E+03  0.29003810E+03
  0.44300000E+01  0.52286646E+03  0.29092894E+03
  0.44400000E+01  0.52229257E+03  0.29177279E+03
  0.44500000E+01  0.52253449E+03  0.29256011E+03
  0.44600000E+01  0.52363415E+03  0.29351918E+03
  0.44700000E+01  0.52545426E+03  0.29468111E+03
  0.44800000E+01  0.52829584E+03  0.29627716E+03
  0.44900000E+01  0.53230913E+03  0.29835239E+03
  0.45000000E+01  0.53807073E+03  0.30196152E+03
  0.45100000E+01  0.54111911E+03  0.30904847E+03
  0.45200000E+01  0.53522151E+03  0.31470722E+03
  0.45300000E+01  0.52961533E+03  0.31830194E+03
  0.45400000E+01  0.52507875E+03  0.32137837E+03
  0.45500000E+01  0.52105680E+03  0.32450479E+03
  0.45600000E+01  0.51687026E+03  0.32812923E+03
  0.45700000E+01  0.51132110E+03  0.33134712E+03
  0.45800000E+01  0.50543609E+03  0.33510479E+03
  0.45900000E+01  0.49664222E+03  0.33779721E+03
  0.46000000E+01  0.48836479E+03  0.33949946E+03
  0.46100000E+01  0.48064061E+03  0.34058141E+03
  0.46200000E+01  0.47376561E+03  0.34125710E+03
  0.46300000E+01  0.46778183E+03  0.34168649E+03
  0.46400000E+01  0.46337259E+03  0.34202674E+03
  0.46500000E+01  0.46216510E+03  0.34346471E+03
  0.46600000E+01  0.45307612E+03  0.34645578E+03
  0.46700000E+01  0.44605720E+03  0.34676951E+03
  0.46800000E+01  0.44027683E+03  0.34752082E+03
  0.46900000E+01  0.43446790E+03  0.34766652E+03
  0.47000000E+01  0.42965642E+03  0.34863067E+03
  0.47100000E+01  0.42220416E+03  0.34861646E+03
  0.47200000E+01  0.41598843E+03  0.34803021E+03
  0.47300000E+01  0.41068409E+03  0.34718165E+03
  0.47400000E+01  0.40623486E+03  0.34620814E+03
  0.47500000E+01  0.40255165E+03  0.34519921E+03
  0.47600000E+01  0.39937635E+03  0.34421637E+03
  0.47700000E+01  0.39683221E+03  0.34313479E+03
  0.47800000E+01  0.39495065E+03  0.34208379E+03
  0.47900000E+01  0.39392731E+03  0.34097367E+03
  0.48000000E+01  0.39408031E+03  0.33996299E+03
  0.48100000E+01  0.39592942E+03  0.33923765E+03
  0.48200000E+01  0.40098559E+03  0.34029427E+03
  0.48300000E+01  0.40071915E+03  0.34331356E+03
  0.48400000E+01  0.39602097E+03  0.34537482E+03
  0.48500000E+01  0.39353378E+03  0.34594535E+03
  0.48600000E+01  0.39216718E+03  0.34654551E+03
  0.48700000E+01  0.39095299E+03  0.34706775E+03
  0.48800000E+01  0.39080137E+03  0.34817704E+03
  0.48900000E+01  0.38942047E+03  0.34935496E+03
  0.49000000E+01  0.38733985E+03  0.35138518E+03
  0.49100000E+01  0.38610455E+03  0.35307415E+03
  0.49200000E+01  0.38218523E+03  0.35511941E+03
  0.49300000E+01  0.37877052E+03  0.35673671E+03
  0.49400000E+01  0.37470264E+03  0.35886204E+03
  0.49500000E+01  0.36793647E+03  0.35988681E+03
  0.49600000E+01  0.36229276E+03  0.36029498E+03
  0.49700000E+01  0.35704568E+03  0.36046092E+03
  0.49800000E+01  0.35178996E+03  0.36036236E+03
  0.49900000E+01  0.34705565E+03  0.35995370E+03
  0.50000000E+01  0.34281401E+03  0.35941228E+03
  0.50100000E+01  0.33895519E+03  0.35877514E+03
  0.50200000E+01  0.33550480E+03  0.35808400E+03
  0.50300000E+01  0.33243844E+03  0.35733194E+03
  0.50400000E+01  0.32972686E+03  0.35667338E+03
  0.50500000E+01  0.32749185E+03  0.35613633E+03
  0.50600000E+01  0.32465401E+03  0.35561425E+03
  0.50700000E+01  0.32213413E+03  0.35489137E+03
  0.50800000E+01  0.32003993E+03  0.35412904E+03
  0.50900000E+01  0.31829873E+03  0.35347946E+03
  0.51000000E+01  0.31639549E+03  0.35290197E+03
  0.51100000E+01  0.31471919E+03  0.35220282E+03
  0.51200000E+01  0.31339490E+03  0.35149586E+03
  0.51300000E+01  0.31244396E+03  0.35088521E+03
  0.51400000E+01  0.31157698E+03  0.35046829E+03
  0.51500000E+01  0.31098764E+03  0.35016395E+03
  0.51600000E+01  0.30979959E+03  0.35015728E+03
  0.51700000E+01  0.30845584E+03  0.34990165E+03
  0.51800000E+01  0.30711334E+03  0.34971254E+03
  0.51900000E+01  0.30568802E+03  0.34951627E+03
  0.52000000E+01  0.30431714E+03  0.34924408E+03
  0.52100000E+01  0.30282416E+03  0.34906213E+03
  0.52200000E+01  0.30111393E+03  0.34884816E+03
  0.52300000E+01  0.29923914E+03  0.34837384E+03
  0.52400000E+01  0.29771436E+03  0.34776949E+03
  0.52500000E+01  0.29670372E+03  0.34725402E+03
  0.52600000E+01  0.29463210E+03  0.34709343E+03
  0.52700000E+01  0.29275629E+03  0.34630207E+03
  0.52800000E+01  0.29108962E+03  0.34543956E+03
  0.52900000E+01  0.28975490E+03  0.34445625E+03
  0.53000000E+01  0.28872988E+03  0.34342903E+03
  0.53100000E+01  0.28798095E+03  0.34239036E+03
  0.53200000E+01  0.28748083E+03  0.34133328E+03
  0.53300000E+01  0.28725876E+03  0.34030166E+03
  0.53400000E+01  0.28723479E+03  0.33927500E+03
  0.53500000E+01  0.28747469E+03  0.33825184E+03
  0.53600000E+01  0.28790579E+03  0.33725547E+03
  0.53700000E+01  0.28863490E+03  0.33627867E+03
  0.53800000E+01  0.28956513E+03  0.33535886E+03
  0.53900000E+01  0.29072884E+03  0.33444649E+03
  0.54000000E+01  0.29223522E+03  0.33360690E+03
  0.54100000E+01  0.29390835E+03  0.33287711E+03
  0.54200000E+01  0.29577777E+03  0.33214906E+03
  0.54300000E+01  0.29803186E+03  0.33148516E+03
  0.54400000E+01  0.30052030E+03  0.33105187E+03
  0.54500000E+01  0.30337225E+03  0.33067605E+03
  0.54600000E+01  0.30644486E+03  0.33036789E+03
  0.54700000E+01  0.30994135E+03  0.33022396E+03
  0.54800000E+01  0.31381419E+03  0.33023095E+03
  0.54900000E+01  0.31821947E+03  0.33037543E+03
  0.55000000E+01  0.32324965E+03  0.33078556E+03
  0.55100000E+01  0.32947818E+03  0.33145530E+03
  0.55200000E+01  0.34230196E+03  0.33582387E+03
  0.55300000E+01  0.34061948E+03  0.33917617E+03
  0.55400000E+01  0.34541059E+03  0.34189037E+03
  0.55500000E+01  0.35472919E+03  0.34944100E+03
  0.55600000E+01  0.34389507E+03  0.35601436E+03
  0.55700000E+01  0.33774921E+03  0.35905885E+03
  0.55800000E+01  0.33265617E+03  0.36182870E+03
  0.55900000E+01  0.32566985E+03  0.36391811E+03
  0.56000000E+01  0.32024058E+03  0.36506978E+03
  0.56100000E+01  0.31531865E+03  0.36597695E+03
  0.56200000E+01  0.31102685E+03  0.36660789E+03
  0.56300000E+01  0.30737261E+03  0.36721042E+03
  0.56400000E+01  0.30416173E+03  0.36803007E+03
  0.56500000E+01  0.30049745E+03  0.36911230E+03
  0.56600000E+01  0.29529374E+03  0.37026797E+03
  0.56700000E+01  0.29000654E+03  0.37052465E+03
  0.56800000E+01  0.28514889E+03  0.37044498E+03
  0.56900000E+01  0.28079713E+03  0.37017708E+03
  0.57000000E+01  0.27672931E+03  0.36976954E+03
  0.57100000E+01  0.27302280E+03  0.36922813E+03
  0.57200000E+01  0.26964674E+03  0.36860273E+03
  0.57300000E+01  0.26656919E+03  0.36791806E+03
  0.57400000E+01  0.26376719E+03  0.36719032E+03
  0.57500000E+01  0.26122509E+03  0.36646102E+03
  0.57600000E+01  0.25889240E+03  0.36568812E+03
  0.57700000E+01  0.25685341E+03  0.36491286E+03
  0.57800000E+01  0.25494422E+03  0.36416726E+03
  0.57900000E+01  0.25325025E+03  0.36342152E+03
  0.58000000E+01  0.25153642E+03  0.36269161E+03
  0.58100000E+01  0.24998449E+03  0.36186263E+03
  0.58200000E+01  0.24872122E+03  0.36099911E+03
  0.58300000E+01  0.24773521E+03  0.36010513E+03
  0.58400000E+01  0.24712440E+03  0.35922269E+03
  0.58500000E+01  0.24661686E+03  0.35838636E+03
  0.58600000E+01  0.24656814E+03  0.35748495E+03
  0.58700000E+01  0.24700428E+03  0.35660293E+03
  0.58800000E+01  0.24800817E+03  0.35576414E+03
  0.58900000E+01  0.24969961E+03  0.35501263E+03
  0.59000000E+01  0.25224388E+03  0.35441310E+03
  0.59100000E+01  0.25587192E+03  0.35407616E+03
  0.59200000E+01  0.26084236E+03  0.35418555E+03
  0.59300000E+01  0.26751884E+03  0.35512526E+03
  0.59400000E+01  0.27671097E+03  0.35802944E+03
  0.59500000E+01  0.28145886E+03  0.36503257E+03
  0.59600000E+01  0.28159843E+03  0.37221970E+03
  0.59700000E+01  0.26743705E+03  0.37892742E+03
  0.59800000E+01  0.25676134E+03  0.38056168E+03
  0.59900000E+01  0.24853660E+03  0.38127657E+03
  0.60000000E+01  0.24133433E+03  0.38181408E+03
  0.60100000E+01  0.23472593E+03  0.38187621E+03
  0.60200000E+01  0.22854370E+03  0.38197101E+03
  0.60300000E+01  0.22250960E+03  0.38148409E+03
  0.60400000E+01  0.21715397E+03  0.38078682E+03
  0.60500000E+01  0.21246364E+03  0.37988117E+03
  0.60600000E+01  0.20837282E+03  0.37889996E+03
  0.60700000E+01  0.20476344E+03  0.37788969E+03
  0.60800000E+01  0.20152386E+03  0.37687749E+03
  0.60900000E+01  0.19856022E+03  0.37587577E+03
  0.61000000E+01  0.19583261E+03  0.37487434E+03
  0.61100000E+01  0.19325818E+03  0.37393105E+03
  0.61200000E+01  0.19079690E+03  0.37294298E+03
  0.61300000E+01  0.18849644E+03  0.37193438E+03
  0.61400000E+01  0.18638542E+03  0.37092620E+03
  0.61500000E+01  0.18443061E+03  0.36993220E+03
  0.61600000E+01  0.18262005E+03  0.36895003E+03
  0.61700000E+01  0.18093740E+03  0.36799928E+03
  0.61800000E+01  0.17936997E+03  0.36707672E+03
  0.61900000E+01  0.17785947E+03  0.36617890E+03
  0.62000000E+01  0.17644050E+03  0.36529673E+03
  0.62100000E+01  0.17513252E+03  0.36447143E+03
  0.62200000E+01  0.17371306E+03  0.36364547E+03
  0.62300000E+01  0.17240506E+03  0.36280969E+03
  0.62400000E+01  0.17118094E+03  0.36197890E+03
  0.62500000E+01  0.17006231E+03  0.36116590E+03
  0.62600000E+01  0.16906626E+03  0.36039214E+03
  0.62700000E+01  0.16810569E+03  0.35967456E+03
  0.62800000E+01  0.16714089E+03  0.35898656E+03
  0.62900000E+01  0.16621765E+03  0.35830645E+03
  0.63000000E+01  0.16532816E+03  0.35768344E+03
  0.63100000E+01  0.16443908E+03  0.35707511E+03
  0.63200000E+01  0.16350359E+03  0.35649244E+03
  0.63300000E+01  0.16263955E+03  0.35587712E+03
  0.63400000E+01  0.16190044E+03  0.35526798E+03
  0.63500000E+01  0.16139478E+03  0.35470339E+03
  0.63600000E+01  0.16128101E+03  0.35437945E+03
  0.63700000E+01  0.16033706E+03  0.35436181E+03
  0.63800000E+01  0.15944048E+03  0.35421101E+03
  0.63900000E+01  0.15796002E+03  0.35405284E+03
  0.64000000E+01  0.15650742E+03  0.35384094E+03
  0.64100000E+01  0.15481742E+03  0.35362352E+03
  0.64200000E+01  0.15295628E+03  0.35318317E+03
  0.64300000E+01  0.15121101E+03  0.35265486E+03
  0.64400000E+01  0.14953785E+03  0.35206600E+03
  0.64500000E+01  0.14794185E+03  0.35143835E+03
  0.64600000E+01  0.14639732E+03  0.35077076E+03
  0.64700000E+01  0.14502649E+03  0.35007157E+03
  0.64800000E+01  0.14387914E+03  0.34943325E+03
  0.64900000E+01  0.14225567E+03  0.34922536E+03
  0.65000000E+01  0.14034952E+03  0.34844727E+03
  0.65100000E+01  0.13878962E+03  0.34762042E+03
  0.65200000E+01  0.13736106E+03  0.34677560E+03
  0.65300000E+01  0.13604260E+03  0.34591783E+03
  0.65400000E+01  0.13481733E+03  0.34504859E+03
  0.65500000E+01  0.13367948E+03  0.34416652E+03
  0.65600000E+01  0.13267652E+03  0.34327897E+03
  0.65700000E+01  0.13165377E+03  0.34241194E+03
  0.65800000E+01  0.13076261E+03  0.34151171E+03
  0.65900000E+01  0.12993439E+03  0.34061269E+03
  0.66000000E+01  0.12918428E+03  0.33970640E+03
  0.66100000E+01  0.12852047E+03  0.33879311E+03
  0.66200000E+01  0.12794658E+03  0.33787693E+03
  0.66300000E+01  0.12746741E+03  0.33695936E+03
  0.66400000E+01  0.12708896E+03  0.33604233E+03
  0.66500000E+01  0.12681864E+03  0.33512874E+03
  0.66600000E+01  0.12666425E+03  0.33422533E+03
  0.66700000E+01  0.12659107E+03  0.33333301E+03
  0.66800000E+01  0.12665626E+03  0.33243914E+03
  0.66900000E+01  0.12685930E+03  0.33155454E+03
  0.67000000E+01  0.12716847E+03  0.33070808E+03
  0.67100000E+01  0.12765339E+03  0.32985734E+03
  0.67200000E+01  0.12828557E+03  0.32902381E+03
  0.67300000E+01  0.12911777E+03  0.32821393E+03
  0.67400000E+01  0.13018401E+03  0.32744641E+03
  0.67500000E+01  0.13153728E+03  0.32673002E+03
  0.67600000E+01  0.13346180E+03  0.32617780E+03
  0.67700000E+01  0.13479193E+03  0.32593515E+03
  0.67800000E+01  0.13646274E+03  0.32553030E+03
  0.67900000E+01  0.13830943E+03  0.32536961E+03
  0.68000000E+01  0.14041468E+03  0.32515373E+03
  0.68100000E+01  0.14307278E+03  0.32507556E+03
  0.68200000E+01  0.14653172E+03  0.32529010E+03
  0.68300000E+01  0.15091123E+03  0.32617492E+03
  0.68400000E+01  0.15566081E+03  0.32789642E+03
  0.68500000E+01  0.16030775E+03  0.33156101E+03
  0.68600000E+01  0.15763306E+03  0.33717679E+03
  0.68700000E+01  0.15047072E+03  0.33952236E+03
  0.68800000E+01  0.14447079E+03  0.34030718E+03
  0.68900000E+01  0.13979713E+03  0.34043117E+03
  0.69000000E+01  0.13612109E+03  0.34023074E+03
  0.69100000E+01  0.13321482E+03  0.33985292E+03
  0.69200000E+01  0.13093859E+03  0.33938777E+03
  0.69300000E+01  0.12925794E+03  0.33897618E+03
  0.69400000E+01  0.12804550E+03  0.33859833E+03
  0.69500000E+01  0.12677145E+03  0.33818136E+03
  0.69600000E+01  0.12609417E+03  0.33774206E+03
  0.69700000E+01  0.12590824E+03  0.33744618E+03
  0.69800000E+01  0.12601054E+03  0.33729905E+03
  0.69900000E+01  0.12647395E+03  0.33715732E+03
  0.70000000E+01  0.12800856E+03  0.33714864E+03
  0.70100000E+01  0.13114460E+03  0.33758236E+03
  0.70200000E+01  0.13668120E+03  0.33935716E+03
  0.70300000E+01  0.14000305E+03  0.34548364E+03
  0.70400000E+01  0.13035105E+03  0.35019386E+03
  0.70500000E+01  0.12121241E+03  0.35161249E+03
  0.70600000E+01  0.11372784E+03  0.35183293E+03
  0.70700000E+01  0.10754622E+03  0.35150848E+03
  0.70800000E+01  0.10236779E+03  0.35091431E+03
  0.70900000E+01  0.97934850E+02  0.35017498E+03
  0.71000000E+01  0.94102406E+02  0.34935474E+03
  0.71100000E+01  0.90558264E+02  0.34853567E+03
  0.71200000E+01  0.87367844E+02  0.34763582E+03
  0.71300000E+01  0.84422305E+02  0.34672320E+03
  0.71400000E+01  0.81675452E+02  0.34579975E+03
  0.71500000E+01  0.79096566E+02  0.34486924E+03
  0.71600000E+01  0.76662039E+02  0.34393419E+03
  0.71700000E+01  0.74354197E+02  0.34299663E+03
  0.71800000E+01  0.72157990E+02  0.34205824E+03
  0.71900000E+01  0.70060686E+02  0.34111984E+03
  0.72000000E+01  0.68052933E+02  0.34018195E+03
  0.72100000E+01  0.66126896E+02  0.33924538E+03
  0.72200000E+01  0.64275590E+02  0.33831070E+03
  0.72300000E+01  0.62493193E+02  0.33737843E+03
  0.72400000E+01  0.60774689E+02  0.33644902E+03
  0.72500000E+01  0.59116059E+02  0.33552262E+03
  0.72600000E+01  0.57514520E+02  0.33459943E+03
  0.72700000E+01  0.55968108E+02  0.33368004E+03
  0.72800000E+01  0.54477061E+02  0.33276554E+03
  0.72900000E+01  0.53037206E+02  0.33185877E+03
  0.73000000E+01  0.51670724E+02  0.33096137E+03
  0.73100000E+01  0.50270232E+02  0.33012398E+03
  0.73200000E+01  0.48875365E+02  0.32923127E+03
  0.73300000E+01  0.47544350E+02  0.32833759E+03
  0.73400000E+01  0.46259306E+02  0.32744736E+03
  0.73500000E+01  0.45015466E+02  0.32656156E+03
  0.73600000E+01  0.43810267E+02  0.32568071E+03
  0.73700000E+01  0.42641920E+02  0.32480525E+03
  0.73800000E+01  0.41508651E+02  0.32393564E+03
  0.73900000E+01  0.40407842E+02  0.32307238E+03
  0.74000000E+01  0.39335384E+02  0.32221518E+03
  0.74100000E+01  0.38313508E+02  0.32137623E+03
  0.74200000E+01  0.37276268E+02  0.32053410E+03
  0.74300000E+01  0.36244824E+02  0.31971058E+03
  0.74400000E+01  0.35255016E+02  0.31887365E+03
  0.74500000E+01  0.34289697E+02  0.31804206E+03
  0.74600000E+01  0.33350119E+02  0.31721528E+03
  0.74700000E+01  0.32434171E+02  0.31639367E+03
  0.74800000E+01  0.31566141E+02  0.31557832E+03
  0.74900000E+01  0.30662064E+02  0.31478224E+03
  0.75000000E+01  0.29776812E+02  0.31399082E+03
  0.75100000E+01  0.28910380E+02  0.31318435E+03
  0.75200000E+01  0.28065891E+02  0.31237971E+03
  0.75300000E+01  0.27240718E+02  0.31157660E+03
  0.75400000E+01  0.26442454E+02  0.31077494E+03
  0.75500000E+01  0.25676349E+02  0.30997969E+03
  0.75600000E+01  0.24894323E+02  0.30919702E+03
  0.75700000E+01  0.24138188E+02  0.30840219E+03
  0.75800000E+01  0.23406737E+02  0.30760927E+03
  0.75900000E+01  0.22698128E+02  0.30681900E+03
  0.76000000E+01  0.22007313E+02  0.30603283E+03
  0.76100000E+01  0.21336834E+02  0.30524861E+03
  0.76200000E+01  0.20684995E+02  0.30446767E+03
  0.76300000E+01  0.20051299E+02  0.30368999E+03
  0.76400000E+01  0.19435317E+02  0.30291566E+03
  0.76500000E+01  0.18836617E+02  0.30214474E+03
  0.76600000E+01  0.18254765E+02  0.30137729E+03
  0.76700000E+01  0.17689329E+02  0.30061336E+03
  0.76800000E+01  0.17139888E+02  0.29985298E+03
  0.76900000E+01  0.16606034E+02  0.29909620E+03
  0.77000000E+01  0.16087368E+02  0.29834305E+03
  0.77100000E+01  0.15583500E+02  0.29759353E+03
  0.77200000E+01  0.15094048E+02  0.29684768E+03
  0.77300000E+01  0.14618637E+02  0.29610549E+03
  0.77400000E+01  0.14156900E+02  0.29536700E+03
  0.77500000E+01  0.13708479E+02  0.29463219E+03
  0.77600000E+01  0.13273022E+02  0.29390108E+03
  0.77700000E+01  0.12850187E+02  0.29317366E+03
  0.77800000E+01  0.12439640E+02  0.29244994E+03
  0.77900000E+01  0.12041052E+02  0.29172992E+03
  0.78000000E+01  0.11654105E+02  0.29101358E+03
  0.78100000E+01  0.11278488E+02  0.29030093E+03
  0.78200000E+01  0.10913897E+02  0.28959195E+03
  0.78300000E+01  0.10560036E+02  0.28888665E+03
  0.78400000E+01  0.10216616E+02  0.28818500E+03
  0.78500000E+01  0.98833545E+01  0.28748701E+03
  0.78600000E+01  0.95599774E+01  0.28679265E+03
  0.78700000E+01  0.92462168E+01  0.28610192E+03
  0.78800000E+01  0.89418118E+01  0.28541480E+03
  0.78900000E+01  0.86465082E+01  0.28473127E+03
  0.79000000E+01  0.83600580E+01  0.28405134E+03
  0.79100000E+01  0.80822199E+01  0.28337497E+03
  0.79200000E+01  0.78127589E+01  0.28270216E+03
  0.79300000E+01  0.75514458E+01  0.28203288E+03
  0.79400000E+01  0.72980577E+01  0.28136713E+03
  0.79500000E+01  0.70523773E+01  0.28070487E+03
  0.79600000E+01  0.68141930E+01  0.28004611E+03
  0.79700000E+01  0.65832987E+01  0.27939081E+03
  0.79800000E+01  0.63594937E+01  0.27873896E+03
  0.79900000E+01  0.61425826E+01  0.27809055E+03
  0.80000000E+01  0.59323749E+01  0.27744554E+03
  0.80100000E+01  0.57286851E+01  0.27680393E+03
  0.80200000E+01  0.55313325E+01  0.27616569E+03
  0.80300000E+01  0.53401410E+01  0.27553080E+03
  0.80400000E+01  0.51549392E+01  0.27489925E+03
  0.80500000E+01  0.49755598E+01  0.27427101E+03
  0.80600000E+01  0.48018400E+01  0.27364607E+03
  0.80700000E+01  0.46336210E+01  0.27302440E+03
  0.80800000E+01  0.44707480E+01  0.27240597E+03
  0.80900000E+01  0.43130703E+01  0.27179079E+03
  0.81000000E+01  0.41604408E+01  0.27117881E+03
  0.81100000E+01  0.40127162E+01  0.27057002E+03
  0.81200000E+01  0.38697568E+01  0.26996440E+03
  0.81300000E+01  0.37314264E+01  0.26936193E+03
  0.81400000E+01  0.35975922E+01  0.26876258E+03
  0.81500000E+01  0.34681247E+01  0.26816634E+03
  0.81600000E+01  0.33428978E+01  0.26757319E+03
  0.81700000E+01  0.32217883E+01  0.26698309E+03
  0.81800000E+01  0.31046764E+01  0.26639605E+03
  0.81900000E+01  0.29914450E+01  0.26581202E+03
  0.82000000E+01  0.28819802E+01  0.26523099E+03
  0.82100000E+01  0.27761709E+01  0.26465294E+03
  0.82200000E+01  0.26739088E+01  0.26407786E+03
  0.82300000E+01  0.25750882E+01  0.26350570E+03
  0.82400000E+01  0.24796064E+01  0.26293647E+03
  0.82500000E+01  0.23873631E+01  0.26237013E+03
  0.82600000E+01  0.22982605E+01  0.26180666E+03
  0.82700000E+01  0.22122036E+01  0.26124605E+03
  0.82800000E+01  0.21290996E+01  0.26068828E+03
  0.82900000E+01  0.20488582E+01  0.26013332E+03
  0.83000000E+01  0.19713915E+01  0.25958115E+03
  0.83100000E+01  0.18966138E+01  0.25903175E+03
  0.83200000E+01  0.18244417E+01  0.25848511E+03
  0.83300000E+01  0.17547940E+01  0.25794119E+03
  0.83400000E+01  0.16875917E+01  0.25739999E+03
  0.83500000E+01  0.16227580E+01  0.25686149E+03
  0.83600000E+01  0.15602179E+01  0.25632565E+03
  0.83700000E+01  0.14998986E+01  0.25579247E+03
  0.83800000E+01  0.14417292E+01  0.25526192E+03
  0.83900000E+01  0.13856410E+01  0.25473399E+03
  0.84000000E+01  0.13315668E+01  0.25420865E+03
  0.84100000E+01  0.12794416E+01  0.25368589E+03
  0.84200000E+01  0.12292019E+01  0.25316568E+03
  0.84300000E+01  0.11807862E+01  0.25264801E+03
  0.84400000E+01  0.11341347E+01  0.25213286E+03
  0.84500000E+01  0.10891893E+01  0.25162021E+03
  0.84600000E+01  0.10458934E+01  0.25111005E+03
  0.84700000E+01  0.10041923E+01  0.25060234E+03
  0.84800000E+01  0.96403259E+00  0.25009709E+03
  0.84900000E+01  0.92536265E+00  0.24959425E+03
  0.85000000E+01  0.88813226E+00  0.24909383E+03
  0.85100000E+01  0.85229266E+00  0.24859580E+03
  0.85200000E+01  0.81779659E+00  0.24810015E+03
  0.85300000E+01  0.78459815E+00  0.24760685E+03
  0.85400000E+01  0.75265285E+00  0.24711589E+03
  0.85500000E+01  0.72191752E+00  0.24662725E+03
  0.85600000E+01  0.69235030E+00  0.24614092E+03
  0.85700000E+01  0.66391062E+00  0.24565687E+03
  0.85800000E+01  0.63655914E+00  0.24517510E+03
  0.85900000E+01  0.61025775E+00  0.24469558E+03
  0.86000000E+01  0.58496951E+00  0.24421830E+03
  0.86100000E+01  0.56065862E+00  0.24374324E+03
  0.86200000E+01  0.53729043E+00  0.24327038E+03
  0.86300000E+01  0.51483138E+00  0.24279971E+03
  0.86400000E+01  0.49324896E+00  0.24233122E+03
  0.86500000E+01  0.47251170E+00  0.24186488E+03
  0.86600000E+01  0.45258915E+00  0.24140069E+03
  0.86700000E+01  0.43345184E+00  0.24093862E+03
  0.86800000E+01  0.41507124E+00  0.24047866E+03
  0.86900000E+01  0.39741978E+00  0.24002080E+03
  0.87000000E+01  0.38047076E+00  0.23956501E+03
  0.87100000E+01  0.36419839E+00  0.23911129E+03
  0.87200000E+01  0.34857771E+00  0.23865962E+03
  0.87300000E+01  0.33358460E+00  0.23820999E+03
  0.87400000E+01  0.31919574E+00  0.23776238E+03
  0.87500000E+01  0.30538861E+00  0.23731677E+03
  0.87600000E+01  0.29214144E+00  0.23687316E+03
  0.87700000E+01  0.27943319E+00  0.23643152E+03
  0.87800000E+01  0.26724354E+00  0.23599184E+03
  0.87900000E+01  0.25555289E+00  0.23555412E+03
  0.88000000E+01  0.24434227E+00  0.23511833E+03
  0.88100000E+01  0.23359341E+00  0.23468446E+03
  0.88200000E+01  0.22328864E+00  0.23425250E+03
  0.88300000E+01  0.21341092E+00  0.23382243E+03
  0.88400000E+01  0.20394382E+00  0.23339425E+03
  0.88500000E+01  0.19487147E+00  0.23296793E+03
  0.88600000E+01  0.18617855E+00  0.23254347E+03
  0.88700000E+01  0.17785031E+00  0.23212085E+03
  0.88800000E+01  0.16987252E+00  0.23170006E+03
  0.88900000E+01  0.16223143E+00  0.23128108E+03
  0.89000000E+01  0.15491383E+00  0.23086391E+03
  0.89100000E+01  0.14790695E+00  0.23044853E+03
  0.89200000E+01  0.14119849E+00  0.23003492E+03
  0.89300000E+01  0.13477661E+00  0.22962309E+03
  0.89400000E+01  0.12862989E+00  0.22921300E+03
  0.89500000E+01  0.12274733E+00  0.22880466E+03
  0.89600000E+01  0.11711833E+00  0.22839805E+03
  0.89700000E+01  0.11173270E+00  0.22799315E+03
  0.89800000E+01  0.10658062E+00  0.22758996E+03
  0.89900000E+01  0.10165261E+00  0.22718847E+03
  0.90000000E+01  0.96939575E-01  0.22678865E+03
  0.90100000E+01  0.92432752E-01  0.22639051E+03
  0.90200000E+01  0.88123705E-01  0.22599403E+03
  0.90300000E+01  0.84004316E-01  0.22559919E+03
  0.90400000E+01  0.80066777E-01  0.22520600E+03
  0.90500000E+01  0.76303577E-01  0.22481443E+03
  0.90600000E+01  0.72707490E-01  0.22442447E+03
  0.90700000E+01  0.69271569E-01  0.22403612E+03
  0.90800000E+01  0.65989132E-01  0.22364936E+03
  0.90900000E+01  0.62853758E-01  0.22326419E+03
  0.91000000E+01  0.59859272E-01  0.22288059E+03
  0.91100000E+01  0.56999741E-01  0.22249855E+03
  0.91200000E+01  0.54269461E-01  0.22211806E+03
  0.91300000E+01  0.51662953E-01  0.22173911E+03
  0.91400000E+01  0.49174955E-01  0.22136169E+03
  0.91500000E+01  0.46800410E-01  0.22098580E+03
  0.91600000E+01  0.44534462E-01  0.22061141E+03
  0.91700000E+01  0.42372448E-01  0.22023853E+03
  0.91800000E+01  0.40309890E-01  0.21986713E+03
  0.91900000E+01  0.38342492E-01  0.21949722E+03
  0.92000000E+01  0.36466127E-01  0.21912878E+03
  0.92100000E+01  0.34676835E-01  0.21876180E+03
  0.92200000E+01  0.32970819E-01  0.21839627E+03
  0.92300000E+01  0.31344432E-01  0.21803218E+03
  0.92400000E+01  0.29794179E-01  0.21766953E+03
  0.92500000E+01  0.28316704E-01  0.21730830E+03
  0.92600000E+01  0.26908794E-01  0.21694849E+03
  0.92700000E+01  0.25567362E-01  0.21659009E+03
  0.92800000E+01  0.24289454E-01  0.21623308E+03
  0.92900000E+01  0.23072234E-01  0.21587746E+03
  0.93000000E+01  0.21912988E-01  0.21552321E+03
  0.93100000E+01  0.20809111E-01  0.21517034E+03
  0.93200000E+01  0.19758110E-01  0.21481883E+03
  0.93300000E+01  0.18757597E-01  0.21446868E+03
  0.93400000E+01  0.17805282E-01  0.21411986E+03
  0.93500000E+01  0.16898975E-01  0.21377239E+03
  0.93600000E+01  0.16036577E-01  0.21342624E+03
  0.93700000E+01  0.15216079E-01  0.21308141E+03
  0.93800000E+01  0.14435559E-01  0.21273789E+03
  0.93900000E+01  0.13693175E-01  0.21239567E+03
  0.94000000E+01  0.12987167E-01  0.21205475E+03
  0.94100000E+01  0.12315849E-01  0.21171511E+03
  0.94200000E+01  0.11677609E-01  0.21137676E+03
  0.94300000E+01  0.11070905E-01  0.21103967E+03
  0.94400000E+01  0.10494263E-01  0.21070384E+03
  0.94500000E+01  0.99462723E-02  0.21036928E+03
  0.94600000E+01  0.94255854E-02  0.21003595E+03
  0.94700000E+01  0.89309136E-02  0.20970387E+03
  0.94800000E+01  0.84610253E-02  0.20937302E+03
  0.94900000E+01  0.80147438E-02  0.20904339E+03
  0.95000000E+01  0.75909446E-02  0.20871499E+03
  0.95100000E+01  0.71885538E-02  0.20838779E+03
  0.95200000E+01  0.68065454E-02  0.20806179E+03
  0.95300000E+01  0.64439397E-02  0.20773699E+03
  0.95400000E+01  0.60998014E-02  0.20741337E+03
  0.95500000E+01  0.57732375E-02  0.20709094E+03
  0.95600000E+01  0.54633956E-02  0.20676968E+03
  0.95700000E+01  0.51694622E-02  0.20644958E+03
  0.95800000E+01  0.48906612E-02  0.20613065E+03
  0.95900000E+01  0.46262519E-02  0.20581286E+03
  0.96000000E+01  0.43755280E-02  0.20549623E+03
  0.96100000E+01  0.41378157E-02  0.20518073E+03
  0.96200000E+01  0.39124726E-02  0.20486636E+03
  0.96300000E+01  0.36988862E-02  0.20455312E+03
  0.96400000E+01  0.34964726E-02  0.20424100E+03
  0.96500000E+01  0.33046752E-02  0.20392999E+03
  0.96600000E+01  0.31229637E-02  0.20362008E+03
  0.96700000E+01  0.29508327E-02  0.20331128E+03
  0.96800000E+01  0.27878009E-02  0.20300356E+03
  0.96900000E+01  0.26334096E-02  0.20269694E+03
  0.97000000E+01  0.24872223E-02  0.20239139E+03
  0.97100000E+01  0.23488231E-02  0.20208692E+03
  0.97200000E+01  0.22178161E-02  0.20178351E+03
  0.97300000E+01  0.20938244E-02  0.20148116E+03
  0.97400000E+01  0.19764896E-02  0.20117987E+03
  0.97500000E+01  0.18654703E-02  0.20087963E+03
  0.97600000E+01  0.17604418E-02  0.20058044E+03
  0.97700000E+01  0.16610952E-02  0.20028228E+03
  0.97800000E+01  0.15671369E-02  0.19998515E+03
  0.97900000E+01  0.14782875E-02  0.19968904E+03
  0.98000000E+01  0.13942813E-02  0.19939396E+03
  0.98100000E+01  0.13148658E-02  0.19909989E+03
  0.98200000E+01  0.12398011E-02  0.19880682E+03
  0.98300000E+01  0.11688591E-02  0.19851476E+03
  0.98400000E+01  0.11018230E-02  0.19822370E+03
  0.98500000E+01  0.10384870E-02  0.19793362E+03
  0.98600000E+01  0.97865553E-03  0.19764453E+03
  0.98700000E+01  0.92214280E-03  0.19735643E+03
  0.98800000E+01  0.86877246E-03  0.19706929E+03
  0.98900000E+01  0.81837707E-03  0.19678313E+03
  0.99000000E+01  0.77079768E-03  0.19649792E+03
  0.99100000E+01  0.72588342E-03  0.19621368E+03
  0.99200000E+01  0.68349112E-03  0.19593039E+03
  0.99300000E+01  0.64348496E-03  0.19564804E+03
  0.99400000E+01  0.60573607E-03  0.19536664E+03
  0.99500000E+01  0.57012224E-03  0.19508618E+03
  0.99600000E+01  0.53652754E-03  0.19480665E+03
  0.99700000E+01  0.50484208E-03  0.19452804E+03
  0.99800000E+01  0.47496166E-03  0.19425036E+03
  0.99900000E+01  0.44678751E-03  0.19397359E+03
  0.10000000E+02  0.42022602E-03  0.19369773E+03
