  0.00000000E+00 -0.79325496E+00  0.36030707E-17
  0.10000000E-01 -0.79344293E+00  0.39690055E-01
  0.20000000E-01 -0.79400725E+00  0.79471223E-01
  0.30000000E-01 -0.79494907E+00  0.11943475E+00
  0.40000000E-01 -0.79627033E+00  0.15967212E+00
  0.50000000E-01 -0.79797377E+00  0.20027523E+00
  0.60000000E-01 -0.80006291E+00  0.24133647E+00
  0.70000000E-01 -0.80254207E+00  0.28294886E+00
  0.80000000E-01 -0.80541639E+00  0.32520620E+00
  0.90000000E-01 -0.80869187E+00  0.36820319E+00
  0.10000000E+00 -0.81237531E+00  0.41203555E+00
  0.11000000E+00 -0.81647442E+00  0.45680015E+00
  0.12000000E+00 -0.82099779E+00  0.50259516E+00
  0.13000000E+00 -0.82595494E+00  0.54952013E+00
  0.14000000E+00 -0.83135632E+00  0.59767620E+00
  0.15000000E+00 -0.83721339E+00  0.64716614E+00
  0.16000000E+00 -0.84353860E+00  0.69809456E+00
  0.17000000E+00 -0.85034548E+00  0.75056799E+00
  0.18000000E+00 -0.85764862E+00  0.80469501E+00
  0.19000000E+00 -0.86546379E+00  0.86058643E+00
  0.20000000E+00 -0.87380792E+00  0.91835537E+00
  0.21000000E+00 -0.88269921E+00  0.97811740E+00
  0.22000000E+00 -0.89215713E+00  0.10399907E+01
  0.23000000E+00 -0.90220254E+00  0.11040961E+01
  0.24000000E+00 -0.91285770E+00  0.11705574E+01
  0.25000000E+00 -0.92414637E+00  0.12395012E+01
  0.26000000E+00 -0.93609389E+00  0.13110573E+01
  0.27000000E+00 -0.94872725E+00  0.13853587E+01
  0.28000000E+00 -0.96207516E+00  0.14625418E+01
  0.29000000E+00 -0.97616818E+00  0.15427462E+01
  0.30000000E+00 -0.99103877E+00  0.16261153E+01
  0.31000000E+00 -0.10067214E+01  0.17127960E+01
  0.32000000E+00 -0.10232528E+01  0.18029390E+01
  0.33000000E+00 -0.10406718E+01  0.18966989E+01
  0.34000000E+00 -0.10590196E+01  0.19942340E+01
  0.35000000E+00 -0.10783402E+01  0.20957070E+01
  0.36000000E+00 -0.10986798E+01  0.22012841E+01
  0.37000000E+00 -0.11200878E+01  0.23111360E+01
  0.38000000E+00 -0.11426163E+01  0.24254374E+01
  0.39000000E+00 -0.11663207E+01  0.25443671E+01
  0.40000000E+00 -0.11912596E+01  0.26681079E+01
  0.41000000E+00 -0.12174952E+01  0.27968470E+01
  0.42000000E+00 -0.12450932E+01  0.29307753E+01
  0.43000000E+00 -0.12741234E+01  0.30700880E+01
  0.44000000E+00 -0.13046596E+01  0.32149838E+01
  0.45000000E+00 -0.13367800E+01  0.33656654E+01
  0.46000000E+00 -0.13705673E+01  0.35223388E+01
  0.47000000E+00 -0.14061091E+01  0.36852134E+01
  0.48000000E+00 -0.14434981E+01  0.38545018E+01
  0.49000000E+00 -0.14828323E+01  0.40304190E+01
  0.50000000E+00 -0.15242154E+01  0.42131826E+01
  0.51000000E+00 -0.15677569E+01  0.44030120E+01
  0.52000000E+00 -0.16135726E+01  0.46001282E+01
  0.53000000E+00 -0.16617847E+01  0.48047528E+01
  0.54000000E+00 -0.17125223E+01  0.50171081E+01
  0.55000000E+00 -0.17659215E+01  0.52374154E+01
  0.56000000E+00 -0.18221253E+01  0.54658950E+01
  0.57000000E+00 -0.18812846E+01  0.57027648E+01
  0.58000000E+00 -0.19435577E+01  0.59482395E+01
  0.59000000E+00 -0.20091105E+01  0.62025293E+01
  0.60000000E+00 -0.20781166E+01  0.64658388E+01
  0.61000000E+00 -0.21507567E+01  0.67383655E+01
  0.62000000E+00 -0.22272185E+01  0.70202990E+01
  0.63000000E+00 -0.23076957E+01  0.73118187E+01
  0.64000000E+00 -0.23923864E+01  0.76130926E+01
  0.65000000E+00 -0.24814912E+01  0.79242743E+01
  0.66000000E+00 -0.25752096E+01  0.82454996E+01
  0.67000000E+00 -0.26737351E+01  0.85768839E+01
  0.68000000E+00 -0.27772471E+01  0.89185257E+01
  0.69000000E+00 -0.28858986E+01  0.92705155E+01
  0.70000000E+00 -0.29997961E+01  0.96329298E+01
  0.71000000E+00 -0.31189667E+01  0.10005753E+02
  0.72000000E+00 -0.32433008E+01  0.10388718E+02
  0.73000000E+00 -0.33724514E+01  0.10781414E+02
  0.74000000E+00 -0.35056588E+01  0.11184698E+02
  0.75000000E+00 -0.36414747E+01  0.11602988E+02
  0.76000000E+00 -0.37756840E+01  0.12025071E+02
  0.77000000E+00 -0.38745434E+01  0.12469378E+02
  0.78000000E+00 -0.39954162E+01  0.13106476E+02
  0.79000000E+00 -0.41789170E+01  0.13752290E+02
  0.80000000E+00 -0.43970630E+01  0.14406295E+02
  0.81000000E+00 -0.46481826E+01  0.15073010E+02
  0.82000000E+00 -0.49340413E+01  0.15748922E+02
  0.83000000E+00 -0.52601298E+01  0.16435632E+02
  0.84000000E+00 -0.56419954E+01  0.17129367E+02
  0.85000000E+00 -0.61067849E+01  0.17729269E+02
  0.86000000E+00 -0.65704347E+01  0.18135771E+02
  0.87000000E+00 -0.70030551E+01  0.18504552E+02
  0.88000000E+00 -0.74325468E+01  0.18875565E+02
  0.89000000E+00 -0.78698179E+01  0.19243373E+02
  0.90000000E+00 -0.83202359E+01  0.19602020E+02
  0.91000000E+00 -0.87873937E+01  0.19946493E+02
  0.92000000E+00 -0.92740791E+01  0.20271183E+02
  0.93000000E+00 -0.97824964E+01  0.20568622E+02
  0.94000000E+00 -0.10314118E+02  0.20828657E+02
  0.95000000E+00 -0.10869056E+02  0.21036963E+02
  0.96000000E+00 -0.11444390E+02  0.21170132E+02
  0.97000000E+00 -0.12028541E+02  0.21170052E+02
  0.98000000E+00 -0.12463281E+02  0.20935265E+02
  0.99000000E+00 -0.12561869E+02  0.20912362E+02
  0.10000000E+01 -0.12990713E+02  0.22361932E+02
  0.10100000E+01 -0.13898291E+02  0.23680097E+02
  0.10200000E+01 -0.15171228E+02  0.24569248E+02
  0.10300000E+01 -0.16618194E+02  0.24655456E+02
  0.10400000E+01 -0.18023521E+02  0.24389459E+02
  0.10500000E+01 -0.19538608E+02  0.23105587E+02
  0.10600000E+01 -0.20642133E+02  0.22081329E+02
  0.10700000E+01 -0.21725409E+02  0.21698550E+02
  0.10800000E+01 -0.23136485E+02  0.22333575E+02
  0.10900000E+01 -0.25626834E+02  0.24646664E+02
  0.11000000E+01 -0.31842482E+02  0.21480151E+02
  0.11100000E+01 -0.34179221E+02  0.11071671E+02
  0.11200000E+01 -0.34874184E+02  0.24094878E+01
  0.11300000E+01 -0.34914434E+02 -0.50308166E+01
  0.11400000E+01 -0.34516027E+02 -0.11966674E+02
  0.11500000E+01 -0.33085176E+02 -0.18157412E+02
  0.11600000E+01 -0.32388678E+02 -0.22474098E+02
  0.11700000E+01 -0.31995537E+02 -0.27998884E+02
  0.11800000E+01 -0.31548959E+02 -0.35345284E+02
  0.11900000E+01 -0.30602646E+02 -0.45070186E+02
  0.12000000E+01 -0.28939141E+02 -0.59004621E+02
  0.12100000E+01 -0.17413728E+02 -0.68518670E+02
  0.12200000E+01 -0.81778174E+01 -0.70276130E+02
  0.12300000E+01 -0.12161415E+01 -0.59633241E+02
  0.12400000E+01  0.58352574E+00 -0.49667168E+02
  0.12500000E+01  0.25732716E+01 -0.41714724E+02
  0.12600000E+01  0.30872627E+01 -0.33650526E+02
  0.12700000E+01  0.22031127E+01 -0.27610212E+02
  0.12800000E+01  0.10997462E+01 -0.24962458E+02
  0.12900000E+01  0.27691588E+00 -0.23545676E+02
  0.13000000E+01 -0.47571422E+00 -0.23020663E+02
  0.13100000E+01 -0.11353564E+01 -0.23523368E+02
  0.13200000E+01 -0.15881502E+01 -0.25057310E+02
  0.13300000E+01 -0.17124660E+01 -0.27764983E+02
  0.13400000E+01 -0.12206954E+01 -0.31576264E+02
  0.13500000E+01  0.45537916E+00 -0.35578239E+02
  0.13600000E+01  0.37174107E+01 -0.36737050E+02
  0.13700000E+01  0.67337223E+01 -0.33130460E+02
  0.13800000E+01  0.75448972E+01 -0.27927154E+02
  0.13900000E+01  0.72493633E+01 -0.23415662E+02
  0.14000000E+01  0.58470946E+01 -0.20080716E+02
  0.14100000E+01  0.34537762E+01 -0.17618243E+02
  0.14200000E+01 -0.20255453E+01 -0.18091948E+02
  0.14300000E+01 -0.92087983E+01 -0.33108170E+02
  0.14400000E+01  0.36403174E+02 -0.10349408E+03
  0.14500000E+01  0.34295589E+02 -0.24627428E+02
  0.14600000E+01  0.28984763E+02 -0.14780841E+02
  0.14700000E+01  0.26341989E+02 -0.94754783E+01
  0.14800000E+01  0.24606058E+02 -0.36146142E+01
  0.14900000E+01  0.18404435E+02  0.12331385E+01
  0.15000000E+01  0.17134499E+02 -0.15474783E+01
  0.15100000E+01  0.16422131E+02 -0.18231436E+01
  0.15200000E+01  0.15820842E+02 -0.17209341E+01
  0.15300000E+01  0.15427244E+02 -0.15930926E+01
  0.15400000E+01  0.15160112E+02 -0.13184967E+01
  0.15500000E+01  0.14943524E+02 -0.10659803E+01
  0.15600000E+01  0.14786454E+02 -0.11217996E+01
  0.15700000E+01  0.15213850E+02 -0.10883424E+01
  0.15800000E+01  0.16882647E+02 -0.38515862E+00
  0.15900000E+01  0.16909331E+02  0.21272138E+01
  0.16000000E+01  0.16956871E+02  0.40104221E+01
  0.16100000E+01  0.17053094E+02  0.58400283E+01
  0.16200000E+01  0.17249877E+02  0.76701477E+01
  0.16300000E+01  0.17728600E+02  0.10118030E+02
  0.16400000E+01  0.18528886E+02  0.13318642E+02
  0.16500000E+01  0.19013308E+02  0.19177437E+02
  0.16600000E+01  0.18760131E+02  0.25862346E+02
  0.16700000E+01  0.17683108E+02  0.34186548E+02
  0.16800000E+01  0.14603797E+02  0.43448997E+02
  0.16900000E+01  0.75096838E+01  0.49046010E+02
  0.17000000E+01  0.22310651E+01  0.44519682E+02
  0.17100000E+01 -0.61480530E+00  0.40459850E+02
  0.17200000E+01 -0.31699554E+01  0.37517726E+02
  0.17300000E+01 -0.55650413E+01  0.32307557E+02
  0.17400000E+01 -0.66516828E+01  0.27243950E+02
  0.17500000E+01 -0.72022010E+01  0.23211173E+02
  0.17600000E+01 -0.74857826E+01  0.19924978E+02
  0.17700000E+01 -0.75423570E+01  0.17150135E+02
  0.17800000E+01 -0.73501266E+01  0.15148845E+02
  0.17900000E+01 -0.81672531E+01  0.14102851E+02
  0.18000000E+01 -0.80228739E+01  0.10836630E+02
  0.18100000E+01 -0.76287766E+01  0.85466941E+01
  0.18200000E+01 -0.69026357E+01  0.65886775E+01
  0.18300000E+01 -0.58696129E+01  0.57864066E+01
  0.18400000E+01 -0.51451807E+01  0.63961489E+01
  0.18500000E+01 -0.49520314E+01  0.69405552E+01
  0.18600000E+01 -0.48900922E+01  0.72477158E+01
  0.18700000E+01 -0.48279012E+01  0.74028056E+01
  0.18800000E+01 -0.48304571E+01  0.75744369E+01
  0.18900000E+01 -0.48721350E+01  0.77662885E+01
  0.19000000E+01 -0.49595847E+01  0.79987362E+01
  0.19100000E+01 -0.51281828E+01  0.82840202E+01
  0.19200000E+01 -0.53524289E+01  0.86600780E+01
  0.19300000E+01 -0.57498482E+01  0.89841049E+01
  0.19400000E+01 -0.64150231E+01  0.97630751E+01
  0.19500000E+01 -0.77270289E+01  0.90660348E+01
  0.19600000E+01 -0.83646996E+01  0.67362303E+01
  0.19700000E+01 -0.84403746E+01  0.53880249E+01
  0.19800000E+01 -0.86757090E+01  0.38403698E+01
  0.19900000E+01 -0.87952342E+01  0.20501465E+01
  0.20000000E+01 -0.88106146E+01  0.23306173E-02
  0.20100000E+01 -0.86003935E+01 -0.25607658E+01
  0.20200000E+01 -0.77702399E+01 -0.59887068E+01
  0.20300000E+01 -0.51624988E+01 -0.81079408E+01
  0.20400000E+01 -0.41307651E+01 -0.57162098E+01
  0.20500000E+01 -0.35455796E+01 -0.49170956E+01
  0.20600000E+01 -0.27280814E+01 -0.41187817E+01
  0.20700000E+01 -0.22625347E+01 -0.27904651E+01
  0.20800000E+01 -0.19614734E+01 -0.17266037E+01
  0.20900000E+01 -0.17217822E+01 -0.75426344E+00
  0.21000000E+01 -0.14403365E+01  0.27283903E+00
  0.21100000E+01 -0.13473484E+01  0.16472928E+01
  0.21200000E+01 -0.12005429E+01  0.32374390E+01
  0.21300000E+01 -0.12924440E+01  0.48750444E+01
  0.21400000E+01 -0.13767638E+01  0.76039571E+01
  0.21500000E+01 -0.48261089E+01  0.15595510E+02
  0.21600000E+01 -0.70337418E+01  0.67106544E+01
  0.21700000E+01 -0.66951272E+01  0.49733081E+01
  0.21800000E+01 -0.66571729E+01  0.44191959E+01
  0.21900000E+01 -0.68186141E+01  0.43550467E+01
  0.22000000E+01 -0.72980473E+01  0.37418136E+01
  0.22100000E+01 -0.78418959E+01  0.31947221E+01
  0.22200000E+01 -0.80388537E+01  0.17687264E+01
  0.22300000E+01 -0.79835327E+01  0.69034636E+00
  0.22400000E+01 -0.79303998E+01  0.34883337E-01
  0.22500000E+01 -0.78762465E+01 -0.74058110E+00
  0.22600000E+01 -0.76978771E+01 -0.11525443E+01
  0.22700000E+01 -0.76221701E+01 -0.14278007E+01
  0.22800000E+01 -0.76794389E+01 -0.15918640E+01
  0.22900000E+01 -0.78511307E+01 -0.20748388E+01
  0.23000000E+01 -0.80339752E+01 -0.28983335E+01
  0.23100000E+01 -0.80596464E+01 -0.39436110E+01
  0.23200000E+01 -0.81477497E+01 -0.47585048E+01
  0.23300000E+01 -0.82408506E+01 -0.66265024E+01
  0.23400000E+01 -0.77418605E+01 -0.84306256E+01
  0.23500000E+01 -0.70960365E+01 -0.96478584E+01
  0.23600000E+01 -0.63921100E+01 -0.10862321E+02
  0.23700000E+01 -0.54877781E+01 -0.11644901E+02
  0.23800000E+01 -0.43339632E+01 -0.11971719E+02
  0.23900000E+01 -0.32357322E+01 -0.11227119E+02
  0.24000000E+01 -0.24542535E+01 -0.10148872E+02
  0.24100000E+01 -0.18222540E+01 -0.87594620E+01
  0.24200000E+01 -0.14514745E+01 -0.73462475E+01
  0.24300000E+01 -0.11944373E+01 -0.59427485E+01
  0.24400000E+01 -0.10358032E+01 -0.44982225E+01
  0.24500000E+01 -0.11395338E+01 -0.34288619E+01
  0.24600000E+01 -0.99472878E+00 -0.19988064E+01
  0.24700000E+01 -0.15463664E+01 -0.55418853E+00
  0.24800000E+01 -0.18911791E+01 -0.20596518E+00
  0.24900000E+01 -0.20773723E+01  0.87393569E-01
  0.25000000E+01 -0.22794083E+01  0.58498130E+00
  0.25100000E+01 -0.25550570E+01  0.94223860E+00
  0.25200000E+01 -0.28564006E+01  0.12010657E+01
  0.25300000E+01 -0.32607274E+01  0.10768223E+01
  0.25400000E+01 -0.34956122E+01  0.49982073E+00
  0.25500000E+01 -0.35063018E+01 -0.27817635E+00
  0.25600000E+01 -0.30327975E+01 -0.51255751E+00
  0.25700000E+01 -0.28410434E+01 -0.18588845E+00
  0.25800000E+01 -0.26740445E+01  0.60689926E-01
  0.25900000E+01 -0.24504235E+01  0.83283310E+00
  0.26000000E+01 -0.24777081E+01  0.16770838E+01
  0.26100000E+01 -0.25844253E+01  0.24200478E+01
  0.26200000E+01 -0.27503593E+01  0.31600220E+01
  0.26300000E+01 -0.30212118E+01  0.39192038E+01
  0.26400000E+01 -0.34980105E+01  0.44369780E+01
  0.26500000E+01 -0.38699122E+01  0.46188681E+01
  0.26600000E+01 -0.42189448E+01  0.48078508E+01
  0.26700000E+01 -0.45738202E+01  0.49415880E+01
  0.26800000E+01 -0.50218734E+01  0.51725731E+01
  0.26900000E+01 -0.54883457E+01  0.51921315E+01
  0.27000000E+01 -0.59543572E+01  0.49674469E+01
  0.27100000E+01 -0.63347857E+01  0.48211975E+01
  0.27200000E+01 -0.68548615E+01  0.43235203E+01
  0.27300000E+01 -0.70343357E+01  0.35125084E+01
  0.27400000E+01 -0.72012404E+01  0.37065001E+01
  0.27500000E+01 -0.74796959E+01  0.36726330E+01
  0.27600000E+01 -0.77894301E+01  0.37759291E+01
  0.27700000E+01 -0.81501894E+01  0.42038689E+01
  0.27800000E+01 -0.87586483E+01  0.57631051E+01
  0.27900000E+01 -0.11100320E+02  0.44142389E+01
  0.28000000E+01 -0.11680961E+02  0.26913465E+01
  0.28100000E+01 -0.12291872E+02  0.16043362E+01
  0.28200000E+01 -0.13039033E+02  0.45552966E+00
  0.28300000E+01 -0.13866597E+02 -0.33470760E+00
  0.28400000E+01 -0.15191603E+02 -0.32601933E+01
  0.28500000E+01 -0.15694310E+02 -0.64335618E+01
  0.28600000E+01 -0.15882503E+02 -0.87785338E+01
  0.28700000E+01 -0.16331984E+02 -0.11741953E+02
  0.28800000E+01 -0.16835207E+02 -0.15486672E+02
  0.28900000E+01 -0.17526929E+02 -0.21984176E+02
  0.29000000E+01 -0.82449701E+01 -0.40251158E+02
  0.29100000E+01 -0.48111710E+01 -0.22178883E+02
  0.29200000E+01 -0.55280644E+01 -0.18802742E+02
  0.29300000E+01 -0.60386969E+01 -0.17632105E+02
  0.29400000E+01 -0.64381187E+01 -0.17195524E+02
  0.29500000E+01 -0.68683322E+01 -0.17402607E+02
  0.29600000E+01 -0.70925453E+01 -0.19695098E+02
  0.29700000E+01 -0.43646039E+01 -0.18632463E+02
  0.29800000E+01 -0.46690042E+01 -0.16950106E+02
  0.29900000E+01 -0.48956597E+01 -0.16361094E+02
  0.30000000E+01 -0.49850604E+01 -0.15582273E+02
  0.30100000E+01 -0.54930522E+01 -0.15726816E+02
  0.30200000E+01 -0.60577192E+01 -0.15549631E+02
  0.30300000E+01 -0.61134630E+01 -0.15537635E+02
  0.30400000E+01 -0.63734618E+01 -0.15488470E+02
  0.30500000E+01 -0.67705202E+01 -0.15545032E+02
  0.30600000E+01 -0.72370009E+01 -0.16176128E+02
  0.30700000E+01 -0.75120603E+01 -0.17035260E+02
  0.30800000E+01 -0.77184800E+01 -0.17940712E+02
  0.30900000E+01 -0.79497792E+01 -0.19022959E+02
  0.31000000E+01 -0.77588247E+01 -0.20068562E+02
  0.31100000E+01 -0.74441885E+01 -0.21274798E+02
  0.31200000E+01 -0.74085817E+01 -0.21888310E+02
  0.31300000E+01 -0.76283950E+01 -0.22928730E+02
  0.31400000E+01 -0.75127752E+01 -0.24603574E+02
  0.31500000E+01 -0.68905530E+01 -0.25967251E+02
  0.31600000E+01 -0.66037517E+01 -0.26625014E+02
  0.31700000E+01 -0.64172971E+01 -0.28539531E+02
  0.31800000E+01 -0.55317686E+01 -0.30070457E+02
  0.31900000E+01 -0.50462828E+01 -0.31070686E+02
  0.32000000E+01 -0.43411586E+01 -0.34739038E+02
  0.32100000E+01 -0.19501014E+01 -0.34942713E+02
  0.32200000E+01  0.82134846E+00 -0.34822150E+02
  0.32300000E+01  0.21500296E+01 -0.31806527E+02
  0.32400000E+01  0.28653075E+01 -0.30237446E+02
  0.32500000E+01  0.32794751E+01 -0.28266703E+02
  0.32600000E+01  0.36225185E+01 -0.26659578E+02
  0.32700000E+01  0.37855791E+01 -0.25164479E+02
  0.32800000E+01  0.38562479E+01 -0.23953876E+02
  0.32900000E+01  0.39108547E+01 -0.22765014E+02
  0.33000000E+01  0.38678043E+01 -0.21887895E+02
  0.33100000E+01  0.38080632E+01 -0.21185094E+02
  0.33200000E+01  0.38031177E+01 -0.20701227E+02
  0.33300000E+01  0.38815488E+01 -0.20114487E+02
  0.33400000E+01  0.38648848E+01 -0.19380810E+02
  0.33500000E+01  0.37688207E+01 -0.18746486E+02
  0.33600000E+01  0.35853946E+01 -0.18179613E+02
  0.33700000E+01  0.32638733E+01 -0.17962985E+02
  0.33800000E+01  0.30597381E+01 -0.18316171E+02
  0.33900000E+01  0.31481978E+01 -0.18528201E+02
  0.34000000E+01  0.31543452E+01 -0.18401146E+02
  0.34100000E+01  0.29475323E+01 -0.18410373E+02
  0.34200000E+01  0.23467821E+01 -0.18671592E+02
  0.34300000E+01  0.26169638E+01 -0.19081846E+02
  0.34400000E+01  0.25376537E+01 -0.19479842E+02
  0.34500000E+01  0.24938606E+01 -0.20057431E+02
  0.34600000E+01  0.24795371E+01 -0.20760856E+02
  0.34700000E+01  0.25455829E+01 -0.21562929E+02
  0.34800000E+01  0.25177744E+01 -0.22495596E+02
  0.34900000E+01  0.27738163E+01 -0.23715743E+02
  0.35000000E+01  0.32014071E+01 -0.24916031E+02
  0.35100000E+01  0.38374284E+01 -0.26036809E+02
  0.35200000E+01  0.47087823E+01 -0.26846898E+02
  0.35300000E+01  0.57053634E+01 -0.26918201E+02
  0.35400000E+01  0.65753034E+01 -0.26438953E+02
  0.35500000E+01  0.72891942E+01 -0.25580867E+02
  0.35600000E+01  0.78020898E+01 -0.24649150E+02
  0.35700000E+01  0.82257042E+01 -0.23846555E+02
  0.35800000E+01  0.86579124E+01 -0.22977591E+02
  0.35900000E+01  0.90052133E+01 -0.21696331E+02
  0.36000000E+01  0.91259712E+01 -0.20521515E+02
  0.36100000E+01  0.92564295E+01 -0.19547056E+02
  0.36200000E+01  0.93633203E+01 -0.18352249E+02
  0.36300000E+01  0.90840680E+01 -0.15793552E+02
  0.36400000E+01  0.77825027E+01 -0.16881906E+02
  0.36500000E+01  0.77706079E+01 -0.17350365E+02
  0.36600000E+01  0.77496992E+01 -0.17368288E+02
  0.36700000E+01  0.75800892E+01 -0.17456258E+02
  0.36800000E+01  0.77205043E+01 -0.18215091E+02
  0.36900000E+01  0.79483890E+01 -0.18237968E+02
  0.37000000E+01  0.80828558E+01 -0.18171591E+02
  0.37100000E+01  0.81487741E+01 -0.18079410E+02
  0.37200000E+01  0.81671182E+01 -0.18130942E+02
  0.37300000E+01  0.81820843E+01 -0.18280308E+02
  0.37400000E+01  0.82365950E+01 -0.18597122E+02
  0.37500000E+01  0.83314796E+01 -0.18970351E+02
  0.37600000E+01  0.84584070E+01 -0.19450165E+02
  0.37700000E+01  0.85922637E+01 -0.20108559E+02
  0.37800000E+01  0.88911705E+01 -0.20816410E+02
  0.37900000E+01  0.92111129E+01 -0.21487024E+02
  0.38000000E+01  0.95125054E+01 -0.22390757E+02
  0.38100000E+01  0.10067623E+02 -0.23212547E+02
  0.38200000E+01  0.10702382E+02 -0.24377865E+02
  0.38300000E+01  0.11697097E+02 -0.24640871E+02
  0.38400000E+01  0.12380226E+02 -0.24597094E+02
  0.38500000E+01  0.13186922E+02 -0.25047157E+02
  0.38600000E+01  0.14422137E+02 -0.24897788E+02
  0.38700000E+01  0.15518883E+02 -0.23723618E+02
  0.38800000E+01  0.16429615E+02 -0.22127137E+02
  0.38900000E+01  0.16852266E+02 -0.20312080E+02
  0.39000000E+01  0.17120240E+02 -0.18905285E+02
  0.39100000E+01  0.17260162E+02 -0.17800603E+02
  0.39200000E+01  0.17422910E+02 -0.16932559E+02
  0.39300000E+01  0.17536790E+02 -0.16261582E+02
  0.39400000E+01  0.17731799E+02 -0.16034860E+02
  0.39500000E+01  0.18013559E+02 -0.15940693E+02
  0.39600000E+01  0.18441082E+02 -0.16209531E+02
  0.39700000E+01  0.19329480E+02 -0.16964275E+02
  0.39800000E+01  0.21123362E+02 -0.15925877E+02
  0.39900000E+01  0.22108143E+02 -0.13265007E+02
  0.40000000E+01  0.22690445E+02 -0.10777744E+02
  0.40100000E+01  0.23290967E+02 -0.82647922E+01
  0.40200000E+01  0.23712995E+02 -0.53978011E+01
  0.40300000E+01  0.23954816E+02 -0.20324205E+01
  0.40400000E+01  0.23672755E+02  0.29570245E+01
  0.40500000E+01  0.21562638E+02  0.44359419E+01
  0.40600000E+01  0.21483029E+02  0.48965009E+01
  0.40700000E+01  0.21747169E+02  0.74149944E+01
  0.40800000E+01  0.21846684E+02  0.13685732E+02
  0.40900000E+01  0.18036898E+02  0.28747548E+02
  0.41000000E+01  0.93989878E+01  0.16683103E+02
  0.41100000E+01  0.90237284E+01  0.95778948E+01
  0.41200000E+01  0.94425298E+01  0.64788853E+01
  0.41300000E+01  0.10021940E+02  0.48763420E+01
  0.41400000E+01  0.10731125E+02  0.43128829E+01
  0.41500000E+01  0.11306679E+02  0.44080744E+01
  0.41600000E+01  0.11942715E+02  0.57997580E+01
  0.41700000E+01  0.93100220E+01  0.16095550E+02
  0.41800000E+01  0.75602767E+01  0.50114211E+01
  0.41900000E+01  0.80875260E+01  0.34087637E+01
  0.42000000E+01  0.84108319E+01  0.28296688E+01
  0.42100000E+01  0.86061632E+01  0.25167623E+01
  0.42200000E+01  0.87266122E+01  0.22254990E+01
  0.42300000E+01  0.87568082E+01  0.19100020E+01
  0.42400000E+01  0.87442518E+01  0.14074112E+01
  0.42500000E+01  0.88322822E+01  0.56823418E+00
  0.42600000E+01  0.90351249E+01 -0.11651931E+01
  0.42700000E+01  0.99815923E+01 -0.30656390E+01
  0.42800000E+01  0.12502537E+02 -0.31643804E+01
  0.42900000E+01  0.13590429E+02  0.37487794E+00
  0.43000000E+01  0.13414799E+02  0.29965252E+01
  0.43100000E+01  0.13378337E+02  0.47386377E+01
  0.43200000E+01  0.13227530E+02  0.60713363E+01
  0.43300000E+01  0.13025087E+02  0.70701961E+01
  0.43400000E+01  0.12830425E+02  0.78136054E+01
  0.43500000E+01  0.12691944E+02  0.82800259E+01
  0.43600000E+01  0.12631126E+02  0.86373713E+01
  0.43700000E+01  0.12634480E+02  0.89130996E+01
  0.43800000E+01  0.12736545E+02  0.91322179E+01
  0.43900000E+01  0.13019012E+02  0.94807800E+01
  0.44000000E+01  0.13280406E+02  0.10336683E+02
  0.44100000E+01  0.13698769E+02  0.11421324E+02
  0.44200000E+01  0.13793968E+02  0.12551630E+02
  0.44300000E+01  0.14025151E+02  0.13671706E+02
  0.44400000E+01  0.14182977E+02  0.15306948E+02
  0.44500000E+01  0.14250440E+02  0.16965397E+02
  0.44600000E+01  0.14323707E+02  0.18852192E+02
  0.44700000E+01  0.14324202E+02  0.21280192E+02
  0.44800000E+01  0.14245292E+02  0.24477565E+02
  0.44900000E+01  0.13629898E+02  0.28869951E+02
  0.45000000E+01  0.11864229E+02  0.34221183E+02
  0.45100000E+01  0.75726173E+01  0.37457378E+02
  0.45200000E+01  0.46088842E+01  0.33765566E+02
  0.45300000E+01  0.33397967E+01  0.30563432E+02
  0.45400000E+01  0.25966430E+01  0.28445970E+02
  0.45500000E+01  0.20037535E+01  0.27140900E+02
  0.45600000E+01  0.11829926E+01  0.26249719E+02
  0.45700000E+01  0.52995693E+00  0.24796987E+02
  0.45800000E+01  0.61575182E-01  0.23397605E+02
  0.45900000E+01 -0.51639152E+00  0.22422869E+02
  0.46000000E+01 -0.87662960E+00  0.21046627E+02
  0.46100000E+01 -0.11552292E+01  0.19856969E+02
  0.46200000E+01 -0.14082808E+01  0.18692878E+02
  0.46300000E+01 -0.16239450E+01  0.17483581E+02
  0.46400000E+01 -0.17944136E+01  0.15926794E+02
  0.46500000E+01 -0.14375093E+01  0.13149760E+02
  0.46600000E+01 -0.33181886E+00  0.14104375E+02
  0.46700000E+01 -0.38499344E+00  0.14444491E+02
  0.46800000E+01 -0.42282331E+00  0.14389911E+02
  0.46900000E+01 -0.58990856E+00  0.14347064E+02
  0.47000000E+01 -0.84914797E+00  0.14212945E+02
  0.47100000E+01 -0.10949950E+01  0.13828432E+02
  0.47200000E+01 -0.13317269E+01  0.13407548E+02
  0.47300000E+01 -0.15735340E+01  0.12924363E+02
  0.47400000E+01 -0.18188946E+01  0.12368100E+02
  0.47500000E+01 -0.20601323E+01  0.11731316E+02
  0.47600000E+01 -0.22877911E+01  0.11071138E+02
  0.47700000E+01 -0.25563126E+01  0.10337648E+02
  0.47800000E+01 -0.28029217E+01  0.94403570E+01
  0.47900000E+01 -0.30227677E+01  0.84732093E+01
  0.48000000E+01 -0.32142286E+01  0.74144027E+01
  0.48100000E+01 -0.33346622E+01  0.63112775E+01
  0.48200000E+01 -0.40872809E+01  0.63104045E+01
  0.48300000E+01 -0.43750626E+01  0.42653448E+01
  0.48400000E+01 -0.53823184E+01  0.78804244E+00
  0.48500000E+01 -0.47886452E+01 -0.21567207E+01
  0.48600000E+01 -0.42691865E+01 -0.48383235E+01
  0.48700000E+01 -0.36824890E+01 -0.74539094E+01
  0.48800000E+01 -0.24364488E+01 -0.10357952E+02
  0.48900000E+01 -0.10581836E+01 -0.11540175E+02
  0.49000000E+01  0.51381256E+00 -0.11954908E+02
  0.49100000E+01  0.16295883E+01 -0.11815266E+02
  0.49200000E+01  0.26822174E+01 -0.11896567E+02
  0.49300000E+01  0.35368238E+01 -0.11331290E+02
  0.49400000E+01  0.45709358E+01 -0.11720212E+02
  0.49500000E+01  0.56602499E+01 -0.10491572E+02
  0.49600000E+01  0.64577956E+01 -0.94576197E+01
  0.49700000E+01  0.72048858E+01 -0.82791239E+01
  0.49800000E+01  0.78139044E+01 -0.68083577E+01
  0.49900000E+01  0.82435542E+01 -0.54075111E+01
  0.50000000E+01  0.85801980E+01 -0.40920718E+01
  0.50100000E+01  0.88453935E+01 -0.28443595E+01
  0.50200000E+01  0.90597977E+01 -0.16524551E+01
  0.50300000E+01  0.91805838E+01 -0.51199323E+00
  0.50400000E+01  0.93516617E+01  0.52906583E+00
  0.50500000E+01  0.95077917E+01  0.13834964E+01
  0.50600000E+01  0.96165513E+01  0.26139967E+01
  0.50700000E+01  0.96052934E+01  0.36577599E+01
  0.50800000E+01  0.95577600E+01  0.45787143E+01
  0.50900000E+01  0.95017475E+01  0.54296143E+01
  0.51000000E+01  0.94012629E+01  0.62333334E+01
  0.51100000E+01  0.92824532E+01  0.69521175E+01
  0.51200000E+01  0.91246412E+01  0.75992094E+01
  0.51300000E+01  0.89445205E+01  0.81090388E+01
  0.51400000E+01  0.87673230E+01  0.84089320E+01
  0.51500000E+01  0.87188972E+01  0.84990074E+01
  0.51600000E+01  0.88632103E+01  0.90753353E+01
  0.51700000E+01  0.87448081E+01  0.97933983E+01
  0.51800000E+01  0.85571714E+01  0.10290528E+02
  0.51900000E+01  0.83759757E+01  0.10687378E+02
  0.52000000E+01  0.81936746E+01  0.11062363E+02
  0.52100000E+01  0.79775482E+01  0.11325560E+02
  0.52200000E+01  0.78053017E+01  0.11598450E+02
  0.52300000E+01  0.76527617E+01  0.11823597E+02
  0.52400000E+01  0.74763350E+01  0.12120362E+02
  0.52500000E+01  0.72369224E+01  0.12440468E+02
  0.52600000E+01  0.68661771E+01  0.12412214E+02
  0.52700000E+01  0.66623738E+01  0.12308527E+02
  0.52800000E+01  0.64605521E+01  0.12146953E+02
  0.52900000E+01  0.63267200E+01  0.11978941E+02
  0.53000000E+01  0.62206340E+01  0.11851745E+02
  0.53100000E+01  0.61362511E+01  0.11755813E+02
  0.53200000E+01  0.60531985E+01  0.11686405E+02
  0.53300000E+01  0.60018645E+01  0.11622029E+02
  0.53400000E+01  0.59210881E+01  0.11634436E+02
  0.53500000E+01  0.58520967E+01  0.11613959E+02
  0.53600000E+01  0.57936138E+01  0.11594826E+02
  0.53700000E+01  0.57450347E+01  0.11592061E+02
  0.53800000E+01  0.57101010E+01  0.11617923E+02
  0.53900000E+01  0.56759348E+01  0.11679564E+02
  0.54000000E+01  0.56394149E+01  0.11757535E+02
  0.54100000E+01  0.56023161E+01  0.11831035E+02
  0.54200000E+01  0.55866723E+01  0.11906275E+02
  0.54300000E+01  0.55838068E+01  0.12018952E+02
  0.54400000E+01  0.57068734E+01  0.12287764E+02
  0.54500000E+01  0.57680048E+01  0.12613596E+02
  0.54600000E+01  0.57277127E+01  0.13133978E+02
  0.54700000E+01  0.56754701E+01  0.13559003E+02
  0.54800000E+01  0.56666753E+01  0.14049400E+02
  0.54900000E+01  0.56614959E+01  0.14654945E+02
  0.55000000E+01  0.56793305E+01  0.15517286E+02
  0.55100000E+01  0.55933225E+01  0.16793973E+02
  0.55200000E+01  0.48517488E+01  0.19148744E+02
  0.55300000E+01  0.38720132E+01  0.19061466E+02
  0.55400000E+01  0.32419831E+01  0.19260216E+02
  0.55500000E+01  0.23623156E+01  0.19596927E+02
  0.55600000E+01  0.18760863E+01  0.18704271E+02
  0.55700000E+01  0.14650602E+01  0.18539058E+02
  0.55800000E+01  0.83539154E+00  0.18652502E+02
  0.55900000E+01  0.28364433E+00  0.17552898E+02
  0.56000000E+01  0.66003002E-02  0.16876959E+02
  0.56100000E+01 -0.24475253E+00  0.16227508E+02
  0.56200000E+01 -0.43473682E+00  0.15569505E+02
  0.56300000E+01 -0.56848187E+00  0.14894663E+02
  0.56400000E+01 -0.61802731E+00  0.14206168E+02
  0.56500000E+01 -0.57765824E+00  0.13691255E+02
  0.56600000E+01 -0.47843611E+00  0.13539486E+02
  0.56700000E+01 -0.53398660E+00  0.13460719E+02
  0.56800000E+01 -0.63933518E+00  0.13275880E+02
  0.56900000E+01 -0.75474738E+00  0.13052213E+02
  0.57000000E+01 -0.84457283E+00  0.12679296E+02
  0.57100000E+01 -0.88281290E+00  0.12327171E+02
  0.57200000E+01 -0.89544079E+00  0.12005398E+02
  0.57300000E+01 -0.88868363E+00  0.11719005E+02
  0.57400000E+01 -0.86570115E+00  0.11470939E+02
  0.57500000E+01 -0.83704230E+00  0.11274365E+02
  0.57600000E+01 -0.79336339E+00  0.11098664E+02
  0.57700000E+01 -0.73385428E+00  0.10965553E+02
  0.57800000E+01 -0.68249416E+00  0.10962268E+02
  0.57900000E+01 -0.67209978E+00  0.10972897E+02
  0.58000000E+01 -0.67907729E+00  0.10902966E+02
  0.58100000E+01 -0.64867740E+00  0.10837851E+02
  0.58200000E+01 -0.59054127E+00  0.10815261E+02
  0.58300000E+01 -0.53813096E+00  0.10885063E+02
  0.58400000E+01 -0.48828062E+00  0.11034086E+02
  0.58500000E+01 -0.46960012E+00  0.11146496E+02
  0.58600000E+01 -0.42388374E+00  0.11344317E+02
  0.58700000E+01 -0.37835669E+00  0.11626609E+02
  0.58800000E+01 -0.34066281E+00  0.12004582E+02
  0.58900000E+01 -0.31473056E+00  0.12495260E+02
  0.59000000E+01 -0.30857057E+00  0.13125946E+02
  0.59100000E+01 -0.33487276E+00  0.13931434E+02
  0.59200000E+01 -0.41992754E+00  0.14975502E+02
  0.59300000E+01 -0.61793569E+00  0.16298946E+02
  0.59400000E+01 -0.10471563E+01  0.18006308E+02
  0.59500000E+01 -0.19597820E+01  0.19714857E+02
  0.59600000E+01 -0.35310713E+01  0.21673711E+02
  0.59700000E+01 -0.56573507E+01  0.18963916E+02
  0.59800000E+01 -0.61909048E+01  0.16742371E+02
  0.59900000E+01 -0.64343437E+01  0.15097477E+02
  0.60000000E+01 -0.65462653E+01  0.13900284E+02
  0.60100000E+01 -0.66745175E+01  0.13127190E+02
  0.60200000E+01 -0.70341036E+01  0.12248042E+02
  0.60300000E+01 -0.71258438E+01  0.11124624E+02
  0.60400000E+01 -0.71568535E+01  0.10184818E+02
  0.60500000E+01 -0.71258890E+01  0.94078587E+01
  0.60600000E+01 -0.70803203E+01  0.87577660E+01
  0.60700000E+01 -0.70299902E+01  0.81985057E+01
  0.60800000E+01 -0.69763791E+01  0.77036899E+01
  0.60900000E+01 -0.69224847E+01  0.72771018E+01
  0.61000000E+01 -0.68797117E+01  0.69074853E+01
  0.61100000E+01 -0.68963718E+01  0.65053427E+01
  0.61200000E+01 -0.68537758E+01  0.60653617E+01
  0.61300000E+01 -0.68006168E+01  0.56579571E+01
  0.61400000E+01 -0.67401872E+01  0.52830218E+01
  0.61500000E+01 -0.66752096E+01  0.49395080E+01
  0.61600000E+01 -0.66109123E+01  0.46187286E+01
  0.61700000E+01 -0.65411926E+01  0.43243863E+01
  0.61800000E+01 -0.64825196E+01  0.40502696E+01
  0.61900000E+01 -0.64181779E+01  0.37693900E+01
  0.62000000E+01 -0.63526000E+01  0.35272930E+01
  0.62100000E+01 -0.63206425E+01  0.33230674E+01
  0.62200000E+01 -0.62771571E+01  0.30084190E+01
  0.62300000E+01 -0.62168197E+01  0.27302277E+01
  0.62400000E+01 -0.61514001E+01  0.24619656E+01
  0.62500000E+01 -0.60821026E+01  0.22025102E+01
  0.62600000E+01 -0.60095603E+01  0.19506783E+01
  0.62700000E+01 -0.59307505E+01  0.17012303E+01
  0.62800000E+01 -0.58473004E+01  0.14592044E+01
  0.62900000E+01 -0.57577248E+01  0.12190498E+01
  0.63000000E+01 -0.56531644E+01  0.99608161E+00
  0.63100000E+01 -0.55476860E+01  0.82320279E+00
  0.63200000E+01 -0.54695087E+01  0.62643274E+00
  0.63300000E+01 -0.53763203E+01  0.43358336E+00
  0.63400000E+01 -0.52775060E+01  0.21616028E+00
  0.63500000E+01 -0.51592253E+01 -0.36213233E-01
  0.63600000E+01 -0.49403692E+01 -0.39728620E+00
  0.63700000E+01 -0.46231780E+01 -0.20380408E+00
  0.63800000E+01 -0.45539185E+01  0.52687480E-01
  0.63900000E+01 -0.45038819E+01  0.10103095E+00
  0.64000000E+01 -0.44571747E+01  0.16269562E+00
  0.64100000E+01 -0.44613812E+01  0.16602752E+00
  0.64200000E+01 -0.44394325E+01  0.10187672E+00
  0.64300000E+01 -0.44093689E+01  0.32589974E-01
  0.64400000E+01 -0.43780457E+01 -0.45177750E-01
  0.64500000E+01 -0.43439624E+01 -0.12865365E+00
  0.64600000E+01 -0.43026451E+01 -0.21351479E+00
  0.64700000E+01 -0.42482480E+01 -0.31079128E+00
  0.64800000E+01 -0.41784263E+01 -0.16326258E+00
  0.64900000E+01 -0.44332636E+01 -0.31883976E+00
  0.65000000E+01 -0.43816774E+01 -0.69419206E+00
  0.65100000E+01 -0.43147282E+01 -0.91452728E+00
  0.65200000E+01 -0.42465639E+01 -0.11061098E+01
  0.65300000E+01 -0.41773151E+01 -0.12818328E+01
  0.65400000E+01 -0.41060930E+01 -0.14492785E+01
  0.65500000E+01 -0.40304364E+01 -0.16118096E+01
  0.65600000E+01 -0.39545294E+01 -0.17219836E+01
  0.65700000E+01 -0.39007882E+01 -0.19274016E+01
  0.65800000E+01 -0.38131791E+01 -0.20832919E+01
  0.65900000E+01 -0.37234965E+01 -0.22299919E+01
  0.66000000E+01 -0.36299121E+01 -0.23704107E+01
  0.66100000E+01 -0.35339262E+01 -0.25042314E+01
  0.66200000E+01 -0.34329498E+01 -0.26293419E+01
  0.66300000E+01 -0.33267708E+01 -0.27433648E+01
  0.66400000E+01 -0.32150581E+01 -0.28439799E+01
  0.66500000E+01 -0.30973096E+01 -0.29287264E+01
  0.66600000E+01 -0.29717573E+01 -0.29964470E+01
  0.66700000E+01 -0.28365826E+01 -0.30240814E+01
  0.66800000E+01 -0.27018905E+01 -0.30200565E+01
  0.66900000E+01 -0.25641851E+01 -0.30106232E+01
  0.67000000E+01 -0.23925112E+01 -0.29101683E+01
  0.67100000E+01 -0.22408083E+01 -0.27823708E+01
  0.67200000E+01 -0.20877035E+01 -0.25893098E+01
  0.67300000E+01 -0.19349758E+01 -0.23388961E+01
  0.67400000E+01 -0.17822117E+01 -0.20189621E+01
  0.67500000E+01 -0.16361394E+01 -0.16238222E+01
  0.67600000E+01 -0.14821590E+01 -0.11936458E+01
  0.67700000E+01 -0.13102906E+01 -0.47566823E+00
  0.67800000E+01 -0.12209214E+01  0.31593245E+00
  0.67900000E+01 -0.11734611E+01  0.12304916E+01
  0.68000000E+01 -0.11669536E+01  0.23541710E+01
  0.68100000E+01 -0.12327578E+01  0.37768112E+01
  0.68200000E+01 -0.14512838E+01  0.56786332E+01
  0.68300000E+01 -0.20804950E+01  0.81850535E+01
  0.68400000E+01 -0.31134449E+01  0.10808311E+02
  0.68500000E+01 -0.50281885E+01  0.13927304E+02
  0.68600000E+01 -0.89106100E+01  0.13015050E+02
  0.68700000E+01 -0.10638457E+02  0.82724002E+01
  0.68800000E+01 -0.11272330E+02  0.42614240E+01
  0.68900000E+01 -0.11466421E+02  0.11122623E+01
  0.69000000E+01 -0.11450551E+02 -0.14353286E+01
  0.69100000E+01 -0.11326212E+02 -0.35497241E+01
  0.69200000E+01 -0.11131934E+02 -0.53526355E+01
  0.69300000E+01 -0.10811574E+02 -0.69451521E+01
  0.69400000E+01 -0.10584510E+02 -0.83565850E+01
  0.69500000E+01 -0.10321628E+02 -0.95761645E+01
  0.69600000E+01 -0.10088912E+02 -0.10752729E+02
  0.69700000E+01 -0.99054843E+01 -0.11945658E+02
  0.69800000E+01 -0.97648181E+01 -0.13347293E+02
  0.69900000E+01 -0.95078949E+01 -0.15184314E+02
  0.70000000E+01 -0.90878055E+01 -0.17272961E+02
  0.70100000E+01 -0.84360991E+01 -0.19822214E+02
  0.70200000E+01 -0.72444004E+01 -0.22968945E+02
  0.70300000E+01 -0.45958285E+01 -0.24987065E+02
  0.70400000E+01 -0.24228305E+01 -0.22824415E+02
  0.70500000E+01 -0.13026336E+01 -0.20447259E+02
  0.70600000E+01 -0.65346534E+00 -0.18422250E+02
  0.70700000E+01 -0.23983928E+00 -0.16765620E+02
  0.70800000E+01  0.48353229E-01 -0.15418008E+02
  0.70900000E+01  0.26551948E+00 -0.14302231E+02
  0.71000000E+01  0.43627691E+00 -0.13293708E+02
  0.71100000E+01  0.52475201E+00 -0.12518786E+02
  0.71200000E+01  0.64275405E+00 -0.11783015E+02
  0.71300000E+01  0.73770058E+00 -0.11112945E+02
  0.71400000E+01  0.81710550E+00 -0.10500392E+02
  0.71500000E+01  0.88493236E+00 -0.99363781E+01
  0.71600000E+01  0.94336274E+00 -0.94139251E+01
  0.71700000E+01  0.99388404E+00 -0.89277522E+01
  0.71800000E+01  0.10375850E+01 -0.84738155E+01
  0.71900000E+01  0.10754522E+01 -0.80489211E+01
  0.72000000E+01  0.11083124E+01 -0.76501732E+01
  0.72100000E+01  0.11367368E+01 -0.72751854E+01
  0.72200000E+01  0.11612423E+01 -0.69221424E+01
  0.72300000E+01  0.11823226E+01 -0.65894014E+01
  0.72400000E+01  0.12004181E+01 -0.62752895E+01
  0.72500000E+01  0.12156925E+01 -0.59784515E+01
  0.72600000E+01  0.12283243E+01 -0.56981628E+01
  0.72700000E+01  0.12386839E+01 -0.54338422E+01
  0.72800000E+01  0.12469980E+01 -0.51843587E+01
  0.72900000E+01  0.12531596E+01 -0.49520419E+01
  0.73000000E+01  0.12605783E+01 -0.47416706E+01
  0.73100000E+01  0.12826605E+01 -0.45224897E+01
  0.73200000E+01  0.12870476E+01 -0.43048038E+01
  0.73300000E+01  0.12895249E+01 -0.41042917E+01
  0.73400000E+01  0.12911193E+01 -0.39155275E+01
  0.73500000E+01  0.12921424E+01 -0.37370277E+01
  0.73600000E+01  0.12928213E+01 -0.35678818E+01
  0.73700000E+01  0.12933629E+01 -0.34073486E+01
  0.73800000E+01  0.12939692E+01 -0.32544866E+01
  0.73900000E+01  0.12947390E+01 -0.31076675E+01
  0.74000000E+01  0.12948582E+01 -0.29644233E+01
  0.74100000E+01  0.13050698E+01 -0.28472126E+01
  0.74200000E+01  0.13061390E+01 -0.26972950E+01
  0.74300000E+01  0.13190641E+01 -0.25330444E+01
  0.74400000E+01  0.13135260E+01 -0.23860809E+01
  0.74500000E+01  0.13057402E+01 -0.22398506E+01
  0.74600000E+01  0.12941693E+01 -0.20968534E+01
  0.74700000E+01  0.12789348E+01 -0.19605796E+01
  0.74800000E+01  0.12596757E+01 -0.18072275E+01
  0.74900000E+01  0.12252073E+01 -0.17174808E+01
  0.75000000E+01  0.11897365E+01 -0.16294369E+01
  0.75100000E+01  0.11686316E+01 -0.15485982E+01
  0.75200000E+01  0.11484107E+01 -0.14752431E+01
  0.75300000E+01  0.11297560E+01 -0.14020513E+01
  0.75400000E+01  0.11110653E+01 -0.13319339E+01
  0.75500000E+01  0.10911186E+01 -0.12582834E+01
  0.75600000E+01  0.10658478E+01 -0.12079049E+01
  0.75700000E+01  0.10491206E+01 -0.11562561E+01
  0.75800000E+01  0.10330397E+01 -0.11052737E+01
  0.75900000E+01  0.10174347E+01 -0.10549111E+01
  0.76000000E+01  0.10010105E+01 -0.10092500E+01
  0.76100000E+01  0.98617736E+00 -0.96467473E+00
  0.76200000E+01  0.97162326E+00 -0.92224455E+00
  0.76300000E+01  0.95741899E+00 -0.88182815E+00
  0.76400000E+01  0.94355079E+00 -0.84327180E+00
  0.76500000E+01  0.92999376E+00 -0.80645276E+00
  0.76600000E+01  0.91672497E+00 -0.77127563E+00
  0.76700000E+01  0.90372501E+00 -0.73765934E+00
  0.76800000E+01  0.89097772E+00 -0.70552804E+00
  0.76900000E+01  0.87846962E+00 -0.67480853E+00
  0.77000000E+01  0.86618944E+00 -0.64543098E+00
  0.77100000E+01  0.85412772E+00 -0.61733000E+00
  0.77200000E+01  0.84227642E+00 -0.59044495E+00
  0.77300000E+01  0.83062862E+00 -0.56471970E+00
  0.77400000E+01  0.81917835E+00 -0.54010199E+00
  0.77500000E+01  0.80792031E+00 -0.51654297E+00
  0.77600000E+01  0.79684980E+00 -0.49399666E+00
  0.77700000E+01  0.78596256E+00 -0.47241965E+00
  0.77800000E+01  0.77525469E+00 -0.45177080E+00
  0.77900000E+01  0.76472255E+00 -0.43201103E+00
  0.78000000E+01  0.75436275E+00 -0.41310311E+00
  0.78100000E+01  0.74417206E+00 -0.39501157E+00
  0.78200000E+01  0.73414739E+00 -0.37770251E+00
  0.78300000E+01  0.72428577E+00 -0.36114353E+00
  0.78400000E+01  0.71458430E+00 -0.34530363E+00
  0.78500000E+01  0.70504017E+00 -0.33015312E+00
  0.78600000E+01  0.69565062E+00 -0.31566353E+00
  0.78700000E+01  0.68641296E+00 -0.30180751E+00
  0.78800000E+01  0.67732451E+00 -0.28855883E+00
  0.78900000E+01  0.66838265E+00 -0.27589224E+00
  0.79000000E+01  0.65958480E+00 -0.26378347E+00
  0.79100000E+01  0.65092840E+00 -0.25220911E+00
  0.79200000E+01  0.64241094E+00 -0.24114664E+00
  0.79300000E+01  0.63402993E+00 -0.23057433E+00
  0.79400000E+01  0.62578291E+00 -0.22047123E+00
  0.79500000E+01  0.61766746E+00 -0.21081713E+00
  0.79600000E+01  0.60968120E+00 -0.20159254E+00
  0.79700000E+01  0.60182178E+00 -0.19277868E+00
  0.79800000E+01  0.59408689E+00 -0.18435742E+00
  0.79900000E+01  0.58647424E+00 -0.17631130E+00
  0.80000000E+01  0.57898160E+00 -0.16862352E+00
  0.80100000E+01  0.57160677E+00 -0.16127789E+00
  0.80200000E+01  0.56434759E+00 -0.15425886E+00
  0.80300000E+01  0.55720192E+00 -0.14755146E+00
  0.80400000E+01  0.55016770E+00 -0.14114135E+00
  0.80500000E+01  0.54324287E+00 -0.13501476E+00
  0.80600000E+01  0.53642543E+00 -0.12915848E+00
  0.80700000E+01  0.52971341E+00 -0.12355988E+00
  0.80800000E+01  0.52310490E+00 -0.11820688E+00
  0.80900000E+01  0.51659800E+00 -0.11308793E+00
  0.81000000E+01  0.51019087E+00 -0.10819200E+00
  0.81100000E+01  0.50388169E+00 -0.10350858E+00
  0.81200000E+01  0.49766870E+00 -0.99027620E-01
  0.81300000E+01  0.49155017E+00 -0.94739591E-01
  0.81400000E+01  0.48552439E+00 -0.90635400E-01
  0.81500000E+01  0.47958970E+00 -0.86706407E-01
  0.81600000E+01  0.47374448E+00 -0.82944398E-01
  0.81700000E+01  0.46798714E+00 -0.79341575E-01
  0.81800000E+01  0.46231612E+00 -0.75890534E-01
  0.81900000E+01  0.45672988E+00 -0.72584250E-01
  0.82000000E+01  0.45122695E+00 -0.69416062E-01
  0.82100000E+01  0.44580586E+00 -0.66379654E-01
  0.82200000E+01  0.44046517E+00 -0.63469040E-01
  0.82300000E+01  0.43520350E+00 -0.60678547E-01
  0.82400000E+01  0.43001945E+00 -0.58002801E-01
  0.82500000E+01  0.42491171E+00 -0.55436711E-01
  0.82600000E+01  0.41987894E+00 -0.52975454E-01
  0.82700000E+01  0.41491986E+00 -0.50614460E-01
  0.82800000E+01  0.41003321E+00 -0.48349401E-01
  0.82900000E+01  0.40521775E+00 -0.46176173E-01
  0.83000000E+01  0.40047228E+00 -0.44090887E-01
  0.83100000E+01  0.39579560E+00 -0.42089855E-01
  0.83200000E+01  0.39118655E+00 -0.40169581E-01
  0.83300000E+01  0.38664400E+00 -0.38326745E-01
  0.83400000E+01  0.38216683E+00 -0.36558197E-01
  0.83500000E+01  0.37775394E+00 -0.34860943E-01
  0.83600000E+01  0.37340425E+00 -0.33232139E-01
  0.83700000E+01  0.36911672E+00 -0.31669081E-01
  0.83800000E+01  0.36489032E+00 -0.30169193E-01
  0.83900000E+01  0.36072403E+00 -0.28730025E-01
  0.84000000E+01  0.35661686E+00 -0.27349239E-01
  0.84100000E+01  0.35256783E+00 -0.26024609E-01
  0.84200000E+01  0.34857599E+00 -0.24754008E-01
  0.84300000E+01  0.34464041E+00 -0.23535403E-01
  0.84400000E+01  0.34076016E+00 -0.22366852E-01
  0.84500000E+01  0.33693434E+00 -0.21246497E-01
  0.84600000E+01  0.33316206E+00 -0.20172557E-01
  0.84700000E+01  0.32944246E+00 -0.19143327E-01
  0.84800000E+01  0.32577469E+00 -0.18157170E-01
  0.84900000E+01  0.32215790E+00 -0.17212514E-01
  0.85000000E+01  0.31859127E+00 -0.16307848E-01
  0.85100000E+01  0.31507400E+00 -0.15441722E-01
  0.85200000E+01  0.31160530E+00 -0.14612736E-01
  0.85300000E+01  0.30818438E+00 -0.13819545E-01
  0.85400000E+01  0.30481048E+00 -0.13060850E-01
  0.85500000E+01  0.30148286E+00 -0.12335401E-01
  0.85600000E+01  0.29820077E+00 -0.11641989E-01
  0.85700000E+01  0.29496350E+00 -0.10979448E-01
  0.85800000E+01  0.29177033E+00 -0.10346649E-01
  0.85900000E+01  0.28862057E+00 -0.97425040E-02
  0.86000000E+01  0.28551352E+00 -0.91659573E-02
  0.86100000E+01  0.28244852E+00 -0.86159890E-02
  0.86200000E+01  0.27942491E+00 -0.80916115E-02
  0.86300000E+01  0.27644203E+00 -0.75918683E-02
  0.86400000E+01  0.27349926E+00 -0.71158330E-02
  0.86500000E+01  0.27059595E+00 -0.66626080E-02
  0.86600000E+01  0.26773149E+00 -0.62313233E-02
  0.86700000E+01  0.26490529E+00 -0.58211360E-02
  0.86800000E+01  0.26211674E+00 -0.54312288E-02
  0.86900000E+01  0.25936526E+00 -0.50608096E-02
  0.87000000E+01  0.25665027E+00 -0.47091106E-02
  0.87100000E+01  0.25397122E+00 -0.43753874E-02
  0.87200000E+01  0.25132755E+00 -0.40589188E-02
  0.87300000E+01  0.24871871E+00 -0.37590055E-02
  0.87400000E+01  0.24614416E+00 -0.34749701E-02
  0.87500000E+01  0.24360339E+00 -0.32061562E-02
  0.87600000E+01  0.24109587E+00 -0.29519281E-02
  0.87700000E+01  0.23862110E+00 -0.27116701E-02
  0.87800000E+01  0.23617857E+00 -0.24847863E-02
  0.87900000E+01  0.23376780E+00 -0.22706998E-02
  0.88000000E+01  0.23138829E+00 -0.20688526E-02
  0.88100000E+01  0.22903959E+00 -0.18787049E-02
  0.88200000E+01  0.22672122E+00 -0.16997348E-02
  0.88300000E+01  0.22443272E+00 -0.15314382E-02
  0.88400000E+01  0.22217364E+00 -0.13733277E-02
  0.88500000E+01  0.21994354E+00 -0.12249331E-02
  0.88600000E+01  0.21774199E+00 -0.10858003E-02
  0.88700000E+01  0.21556855E+00 -0.95549139E-03
  0.88800000E+01  0.21342280E+00 -0.83358398E-03
  0.88900000E+01  0.21130433E+00 -0.71967110E-03
  0.89000000E+01  0.20921274E+00 -0.61336069E-03
  0.89100000E+01  0.20714762E+00 -0.51427528E-03
  0.89200000E+01  0.20510858E+00 -0.42205167E-03
  0.89300000E+01  0.20309523E+00 -0.33634054E-03
  0.89400000E+01  0.20110719E+00 -0.25680612E-03
  0.89500000E+01  0.19914409E+00 -0.18312585E-03
  0.89600000E+01  0.19720556E+00 -0.11499005E-03
  0.89700000E+01  0.19529124E+00 -0.52101548E-04
  0.89800000E+01  0.19340077E+00  0.58246562E-05
  0.89900000E+01  0.19153381E+00  0.59061703E-04
  0.90000000E+01  0.18969000E+00  0.10787123E-03
  0.90100000E+01  0.18786901E+00  0.15250370E-03
  0.90200000E+01  0.18607051E+00  0.19319874E-03
  0.90300000E+01  0.18429417E+00  0.23018544E-03
  0.90400000E+01  0.18253967E+00  0.26368273E-03
  0.90500000E+01  0.18080669E+00  0.29389964E-03
  0.90600000E+01  0.17909492E+00  0.32103566E-03
  0.90700000E+01  0.17740405E+00  0.34528107E-03
  0.90800000E+01  0.17573378E+00  0.36681718E-03
  0.90900000E+01  0.17408382E+00  0.38581672E-03
  0.91000000E+01  0.17245388E+00  0.40244405E-03
  0.91100000E+01  0.17084366E+00  0.41685556E-03
  0.91200000E+01  0.16925289E+00  0.42919986E-03
  0.91300000E+01  0.16768128E+00  0.43961815E-03
  0.91400000E+01  0.16612857E+00  0.44824443E-03
  0.91500000E+01  0.16459449E+00  0.45520583E-03
  0.91600000E+01  0.16307876E+00  0.46062283E-03
  0.91700000E+01  0.16158114E+00  0.46460956E-03
  0.91800000E+01  0.16010136E+00  0.46727404E-03
  0.91900000E+01  0.15863918E+00  0.46871843E-03
  0.92000000E+01  0.15719434E+00  0.46903927E-03
  0.92100000E+01  0.15576660E+00  0.46832771E-03
  0.92200000E+01  0.15435572E+00  0.46666978E-03
  0.92300000E+01  0.15296147E+00  0.46414656E-03
  0.92400000E+01  0.15158362E+00  0.46083443E-03
  0.92500000E+01  0.15022192E+00  0.45680527E-03
  0.92600000E+01  0.14887617E+00  0.45212667E-03
  0.92700000E+01  0.14754614E+00  0.44686211E-03
  0.92800000E+01  0.14623160E+00  0.44107118E-03
  0.92900000E+01  0.14493235E+00  0.43480974E-03
  0.93000000E+01  0.14364818E+00  0.42813012E-03
  0.93100000E+01  0.14237887E+00  0.42108127E-03
  0.93200000E+01  0.14112423E+00  0.41370893E-03
  0.93300000E+01  0.13988404E+00  0.40605580E-03
  0.93400000E+01  0.13865812E+00  0.39816169E-03
  0.93500000E+01  0.13744627E+00  0.39006367E-03
  0.93600000E+01  0.13624829E+00  0.38179620E-03
  0.93700000E+01  0.13506400E+00  0.37339129E-03
  0.93800000E+01  0.13389321E+00  0.36487860E-03
  0.93900000E+01  0.13273573E+00  0.35628560E-03
  0.94000000E+01  0.13159140E+00  0.34763764E-03
  0.94100000E+01  0.13046002E+00  0.33895813E-03
  0.94200000E+01  0.12934143E+00  0.33026861E-03
  0.94300000E+01  0.12823545E+00  0.32158885E-03
  0.94400000E+01  0.12714192E+00  0.31293699E-03
  0.94500000E+01  0.12606066E+00  0.30432957E-03
  0.94600000E+01  0.12499151E+00  0.29578170E-03
  0.94700000E+01  0.12393431E+00  0.28730709E-03
  0.94800000E+01  0.12288891E+00  0.27891817E-03
  0.94900000E+01  0.12185513E+00  0.27062613E-03
  0.95000000E+01  0.12083284E+00  0.26244103E-03
  0.95100000E+01  0.11982188E+00  0.25437187E-03
  0.95200000E+01  0.11882209E+00  0.24642664E-03
  0.95300000E+01  0.11783333E+00  0.23861238E-03
  0.95400000E+01  0.11685546E+00  0.23093528E-03
  0.95500000E+01  0.11588833E+00  0.22340071E-03
  0.95600000E+01  0.11493180E+00  0.21601327E-03
  0.95700000E+01  0.11398573E+00  0.20877685E-03
  0.95800000E+01  0.11304999E+00  0.20169471E-03
  0.95900000E+01  0.11212443E+00  0.19476947E-03
  0.96000000E+01  0.11120894E+00  0.18800320E-03
  0.96100000E+01  0.11030337E+00  0.18139745E-03
  0.96200000E+01  0.10940760E+00  0.17495327E-03
  0.96300000E+01  0.10852150E+00  0.16867129E-03
  0.96400000E+01  0.10764495E+00  0.16255171E-03
  0.96500000E+01  0.10677783E+00  0.15659436E-03
  0.96600000E+01  0.10592000E+00  0.15079873E-03
  0.96700000E+01  0.10507136E+00  0.14516399E-03
  0.96800000E+01  0.10423178E+00  0.13968903E-03
  0.96900000E+01  0.10340115E+00  0.13437247E-03
  0.97000000E+01  0.10257936E+00  0.12921271E-03
  0.97100000E+01  0.10176629E+00  0.12420792E-03
  0.97200000E+01  0.10096183E+00  0.11935608E-03
  0.97300000E+01  0.10016587E+00  0.11465502E-03
  0.97400000E+01  0.99378307E-01  0.11010240E-03
  0.97500000E+01  0.98599032E-01  0.10569574E-03
  0.97600000E+01  0.97827941E-01  0.10143247E-03
  0.97700000E+01  0.97064930E-01  0.97309892E-04
  0.97800000E+01  0.96309898E-01  0.93325235E-04
  0.97900000E+01  0.95562745E-01  0.89475651E-04
  0.98000000E+01  0.94823372E-01  0.85758229E-04
  0.98100000E+01  0.94091682E-01  0.82170010E-04
  0.98200000E+01  0.93367580E-01  0.78707997E-04
  0.98300000E+01  0.92650970E-01  0.75369160E-04
  0.98400000E+01  0.91941759E-01  0.72150455E-04
  0.98500000E+01  0.91239857E-01  0.69048821E-04
  0.98600000E+01  0.90545171E-01  0.66061198E-04
  0.98700000E+01  0.89857614E-01  0.63184526E-04
  0.98800000E+01  0.89177097E-01  0.60415757E-04
  0.98900000E+01  0.88503534E-01  0.57751859E-04
  0.99000000E+01  0.87836839E-01  0.55189821E-04
  0.99100000E+01  0.87176929E-01  0.52726658E-04
  0.99200000E+01  0.86523719E-01  0.50359417E-04
  0.99300000E+01  0.85877128E-01  0.48085178E-04
  0.99400000E+01  0.85237076E-01  0.45901063E-04
  0.99500000E+01  0.84603483E-01  0.43804233E-04
  0.99600000E+01  0.83976270E-01  0.41791893E-04
  0.99700000E+01  0.83355361E-01  0.39861298E-04
  0.99800000E+01  0.82740678E-01  0.38009750E-04
  0.99900000E+01  0.82132147E-01  0.36234604E-04
  0.10000000E+02  0.81529694E-01  0.34533266E-04
